drag1,2,440.59204,674.6486,0.65999997,1645.590154,58.9809320565408
drag1,3,670.646,942.31006,0.68,1431.8443849999999,57.5795984774849
drag1,4,642.4052,630.6715,0.63,1360.725846,61.88523876836423
drag1,5,376.65125,938.5111,0.7,1611.636,50.53285474258677
drag1,9,377.65033,787.5898,0.57,1787.2697699999999,64.00616314174586
drag1,17,725.3284,1042.457,0.65999997,1777.0990769999999,74.9597422501271
drag1,16,351.67438,1081.177,0.62,1582.4153079999999,37.221412968045875
drag1,7,684.36633,764.60175,0.71999997,1592.7589229999999,65.70153793619227
drag1,4,676.3737,653.65955,0.71,1809.1455389999999,78.88287475189998
drag1,10,385.6429,364.81,0.71,2250.694,50.22258176240451
drag1,2,362.6642,683.6439,0.68,1724.681077,44.045610515140254
drag1,11,676.3737,348.81833,0.82,1991.314846,77.14166693803406
drag1,4,671.37836,681.6139,0.69,1510.965,36.18156202876606
drag1,18,380.64755,1221.3639,0.61,1715.821154,56.10525520317831
drag1,2,385.60956,657.6241,0.7,1694.749769,67.17571765768878
drag1,19,667.3821,1216.3665,0.65999997,2206.9616149999997,69.20283109994831
drag1,13,681.3691,233.87819,0.7,1931.446538,74.60572361159974
drag1,6,390.6383,502.73816,0.71999997,1643.5262309999998,64.17963568908239
drag1,12,375.65216,193.899,0.65999997,1551.7867689999998,92.24071173759874
drag1,8,681.3691,568.7038,0.81,1572.5977699999999,47.87585804898826
drag1,19,665.3839,1207.3711,0.81,1970.87377,81.21411342236513
drag1,22,365.66144,1474.2322,0.71,2063.694692,94.66522711313084
drag1,18,375.65216,1230.9678,0.77,1562.199077,51.6449703901705
drag1,23,691.35986,1518.2092,0.7,1838.862077,40.526466034036716
drag1,14,404.62534,102.94638,0.84999996,2033.657231,36.05519138970292
drag1,11,652.39594,349.81778,0.74,1429.104384,106.94426747886544
drag1,10,379.64847,349.81778,0.66999996,1694.804308,57.013832948815946
drag1,15,679.371,74.96095,0.74,1704.72423,35.2062813148529
drag1,17,680.8695,1101.926,0.74,1890.401153,60.15220421308491
drag1,20,404.4944,1373.2847,0.7,1650.819154,72.13682049443395
drag1,21,664.3848,1369.2867,0.66999996,1194.7723079999998,86.70414147732441
drag1,16,367.65958,1024.4664,0.78,1416.97077,55.892122852558934
drag1,24,232.78445,82.93185,0.77,2029.5543069999999,54.622457892313946
drag1,26,565.47644,381.80115,0.84999996,1552.820692,45.13930416531926
drag1,27,223.79279,359.8126,0.84999996,1756.302231,84.76086711822695
drag1,25,538.5014,47.975014,0.77,2099.446769,63.848036538327705
drag1,66,805.2544,1534.2009,0.72999996,1879.958923,53.57545660857786
drag1,41,506.40048,1179.2551,0.77,1878.3943849999998,74.93393274966071
drag1,42,557.4838,1533.2014,0.63,1347.739615,25.22088040218885
drag1,65,842.45154,1205.6036,0.69,1663.009846,78.65996360433175
drag1,36,275.7447,782.5924,0.78,1937.454923,70.09785552008475
drag1,38,546.494,1047.4545,0.69,1694.590154,85.59831980806482
drag1,39,225.79094,1067.444,0.71,1713.582461,62.83426311754752
drag1,37,544.49585,788.0895,0.79999995,2021.7813079999999,73.34422918966519
drag1,16,371.65588,1104.4248,0.78,1630.8049999999998,66.18180801625984
drag1,56,85.92044,1431.6399,0.65999997,1970.8902309999999,52.907363889487016
drag1,20,468.56613,1311.317,0.71999997,2066.353,116.5525344191691
drag1,53,82.92322,1074.4404,0.82,1960.7694609999999,75.71362652905022
drag1,59,848.2146,227.8813,0.79999995,2502.554384,71.89070932142927
drag1,30,540.4995,534.7215,0.84999996,2205.207,65.25899321156318
drag1,29,531.5079,234.87766,0.87,2320.629923,64.3564612880008
drag1,60,816.2442,505.73657,0.71999997,1572.887769,46.480214330702005
drag1,33,517.325,624.6746,0.76,1909.526077,60.064662504229716
drag1,62,822.23865,903.5294,0.69,1980.354693,62.72455278228055
drag1,61,801.2581,617.6783,0.82,1878.931077,87.17109304987814
drag1,34,509.52823,952.5039,0.71,1672.446231,43.459042433169365
drag1,6,381.64664,499.71753,0.78999996,2162.337462,59.83676149425163
drag1,48,84.92137,207.9044,0.76,2776.735154,97.98362716136603
drag1,12,396.63275,215.88756,0.66999996,1716.265154,74.07238262917419
drag1,49,94.91212,487.74594,0.88,2199.6415389999997,56.24855624305638
drag1,51,83.922295,941.5096,0.71999997,1634.009308,72.43121784622906
drag1,2,374.6531,616.6788,0.75,2492.5551539999997,58.94113309522032
drag1,5,356.66974,929.51587,0.65999997,1880.072923,63.31062774094044
drag1,50,54.94912,607.6835,0.81,2633.2024619999997,78.27053507801863
drag1,37,552.48846,764.60175,0.78,1919.251693,77.29823397809932
drag1,64,849.2137,1091.4315,0.7,2573.438077,73.21290554999517
drag1,38,512.52545,1090.2745,0.68,2232.95377,54.16114778381422
drag1,63,819.24146,789.58875,0.63,2588.1223849999997,70.81114458571793
drag1,29,548.4921,225.96887,0.64,2437.674,55.60150060228813
drag1,31,246.77151,520.72876,0.64,2202.7208459999997,57.777531080618964
drag1,28,238.93529,203.8938,0.85999995,2236.281846,72.1339611896328
drag1,30,531.5079,464.74384,0.84999996,2899.3599999999997,62.4436358315399
drag1,42,544.49585,1512.2124,0.83,3145.2873849999996,69.36520053887405
drag1,40,255.76318,1203.3732,0.62,2146.536693,79.05965125302905
drag1,41,545.49493,1206.3717,0.65,2695.076923,60.091678303667514
drag1,43,233.78354,1487.2253,0.69,2412.98277,76.11786661351788
drag1,45,239.77798,1336.304,0.5,2613.922923,72.14270930959012
drag1,82,529.5097,1636.1478,0.61,2339.970769,72.27012002491809
drag1,80,278.7419,1642.1447,0.62,2105.023846,60.348111650770115
drag1,44,564.47736,1358.2925,0.71999997,2211.23,38.291351887579495
drag1,57,831.23035,68.96408,0.58,2445.510308,64.27870098531788
drag1,26,525.5134,386.79852,1.0,2960.7465389999998,66.90598030285975
drag1,58,812.2479,374.80478,0.75,3001.193385,74.21383275984292
drag1,25,527.0121,44.476837,0.85999995,2509.153231,89.73645577221862
drag1,64,803.2562,1107.4232,0.89,3185.293615,65.945940140179
drag1,44,496.52032,1394.2738,0.84,2376.272308,67.13767616762651
drag1,38,538.53906,1087.4336,0.71,2083.276847,71.01909192176352
drag1,67,818.2424,1382.28,0.71999997,2188.0405379999997,50.3058816996797
drag1,9,369.6577,739.555,0.7,2930.4854619999996,63.04391940520661
drag1,53,61.942646,1042.457,0.69,3267.41,70.24173996746332
drag1,16,386.642,1053.4513,0.72999996,3083.076462,71.7718695236713
drag1,52,82.92322,794.5861,0.76,1766.242231,61.95974050203181
drag1,74,969.10266,796.5851,0.78999996,5580.358692,69.44433445050781
drag1,17,658.3904,1069.443,0.77,2748.83077,65.14044039759119
drag1,75,975.09717,1087.4105,0.78999996,2430.1959229999998,64.26166096859153
drag1,7,656.3922,807.1873,0.76,2081.1743069999998,75.38610946597431
drag1,70,966.10547,197.89693,0.89,2554.342231,69.72260965360006
drag1,8,673.3765,513.7324,0.85999995,2774.991154,70.19453500668425
drag1,13,672.37744,242.81192,0.87,2583.907769,65.0727891890415
drag1,71,966.10547,545.71576,0.77,2277.06977,53.834364893548
drag1,78,950.12024,1385.2784,0.66999996,2499.354077,87.85876222609551
drag1,83,650.39777,1656.5337,0.69,2160.960231,84.17561272012536
drag1,21,690.3608,1329.3076,0.7,2003.50977,68.93989702088251
drag1,85,976.0962,1666.1322,0.64,1804.557615,44.44102480160441
drag1,19,678.3719,1189.8802,0.68,1988.5296159999998,76.78517367918818
drag1,77,979.182,1524.206,0.75,1957.646616,57.167088115368394
drag1,76,967.81805,1197.7333,0.74,1959.784154,83.57784364911126
drag1,23,667.3821,1506.372,0.77,2274.6766159999997,70.9771694804288
drag1,15,701.8501,100.94742,0.74,2502.0149229999997,54.06460107403816
drag1,69,985.0879,383.8001,0.77,1807.6697689999999,76.31735143758603
drag1,11,643.40424,380.80167,0.74,1985.799769,59.0886798749568
drag1,68,975.09717,75.960434,0.87,2502.7512309999997,61.08349944894362
drag1,21,676.3737,1346.2988,0.84999996,2308.118,74.68331924741985
drag1,75,975.09717,1091.4315,0.65999997,2043.2205379999998,77.20200380421909
drag1,17,684.36633,1070.9421,0.84999996,1765.9923079999999,66.63873527886872
drag1,78,958.6124,1376.2832,0.84999996,2017.7003069999998,64.29401914075856
drag1,54,79.925995,1220.3644,0.68,3054.907154,79.88737637300713
drag1,22,418.6124,1532.2019,0.81,2156.695616,69.69635956006779
drag1,18,379.0283,1227.1193,0.79999995,1989.293847,57.113504371074505
drag1,55,101.90564,1504.6866,0.9,2398.974924,64.0434027738252
drag1,67,847.2156,1344.2998,0.71999997,2609.23177,71.93167879671782
drag1,82,494.54208,1652.1395,0.71999997,2082.9376159999997,60.00882316452216
drag1,84,847.2156,1639.1462,0.71,1819.2718459999999,59.051655950172794
drag1,44,534.50507,1333.3055,0.78,2047.4402309999998,75.9880207529948
drag1,38,528.0111,1095.4294,0.82,1794.922308,60.572923801538685
drag1,45,239.77798,1397.2722,0.78999996,1795.588154,56.082561301242876
drag1,44,560.481,1368.2874,0.65999997,1337.752384,73.07026321409879
drag1,39,278.7419,1071.4419,0.87,1888.233693,61.38121568134895
drag1,56,94.91212,1411.2649,0.78999996,1468.803923,51.2820998151309
drag1,81,411.61887,1666.1322,0.72999996,1949.6102309999999,69.30622891858377
drag1,20,387.64108,1352.2957,0.75,1723.0673849999998,62.81933618303848
drag1,79,80.533585,1664.5248,0.84,1682.517692,59.85903117925963
drag1,33,546.494,634.66943,0.91999996,2152.090154,72.4501323881507
drag1,35,250.7678,947.5065,0.87,2356.051384,62.26748259775852
drag1,34,530.5088,953.50336,0.91999996,1991.080462,76.96865612850785
drag1,32,231.78539,630.73535,0.78,2617.448769,63.817201157432415
drag1,9,334.6901,779.59393,0.7,2557.5088459999997,81.05313207596038
drag1,8,691.35986,502.73816,0.78,2142.178846,73.8307150570357
drag1,6,397.63184,499.73972,0.78999996,2002.705,64.99343057739898
drag1,7,680.37006,784.5914,0.72999996,1489.277693,62.13005340153301
drag1,14,384.64386,78.95887,0.93,2378.600077,65.11543928216317
drag1,47,92.91397,343.32217,1.02,2096.139077,65.61832690459674
drag1,46,112.89547,85.95523,0.78999996,1778.430692,76.60294110862858
drag1,10,380.64755,335.32532,1.16,1349.314154,55.03427347559887
drag1,4,671.37836,653.65955,0.88,1723.7457689999999,67.31484181250251
drag1,73,970.10175,949.50543,0.91999996,1724.516154,63.37704105991813
drag1,72,949.1212,649.6616,0.75,1380.8553849999998,88.16583051605255
drag1,3,657.3913,908.5268,0.74,1735.1428469999998,87.12949049866423
scale1,27,-9.414459,1440.716385
scale1,46,-18.239416,1307.913846
scale1,26,-6.0440083,1032.125923
scale1,4,-11.358507,1284.607692
scale1,43,-6.585291,1308.536077
scale1,25,-17.98831,1727.612846
scale1,42,11.820534,941.244462
scale1,23,-18.172846,1522.3902309999999
scale1,5,-5.8020515,3063.2089229999997
scale1,24,-9.889069,2308.736769
scale1,19,-4.4395065,2919.288615
scale1,2,-4.3449726,1164.835539
scale1,44,-8.185896,1781.685538
scale1,65,2.1372528,1821.559384
scale1,45,-5.670559,2341.645615
scale1,28,-8.273237,1582.646923
scale1,13,-4.332321,1860.8490769999999
scale1,56,0.2637062,1809.490308
scale1,40,-2.8017368,2043.911693
scale1,41,-52.822525,1320.0586919999998
scale1,6,-9.015106,3297.239078
scale1,51,-4.624489,3382.1560769999996
scale1,36,7.2436295,1100.6584619999999
scale1,21,-4.7795506,2734.389077
scale1,8,-9.523739,1856.007539
scale1,57,-5.544302,2757.438846
scale1,39,0.88807297,2602.714
scale1,9,-7.0750923,1510.620308
scale1,58,-3.3855057,1208.651769
scale1,47,1.7807808,2032.5043079999998
scale1,1,-2.9723682,2839.991923
scale1,35,-6.3395576,1737.9335389999999
scale1,3,-6.242964,1758.5059999999999
scale1,17,-12.294989,1836.8355379999998
scale1,53,-2.7833004,3321.605154
scale1,34,-0.27524185,1765.6323069999999
scale1,18,2.1156578,1235.5181539999999
scale1,50,15.183861,1193.020847
scale1,62,-5.8237324,3238.018385
scale1,66,-6.3551445,1942.1316929999998
scale1,20,0.16204834,2871.132924
scale1,37,7.7471466,1410.837616
scale1,32,-7.7889633,1052.492461
scale1,31,5.4580765,1501.9759239999998
scale1,49,47.54045,912.925616
scale1,7,90.78827,736.036
scale1,15,10.048817,835.399231
scale1,10,17.514267,784.479846
scale1,60,2.3299599,2116.262616
scale1,63,-1.2140751,1674.7654619999998
scale1,59,16.407944,1390.2726149999999
scale1,55,11.373356,1019.9731539999999
scale1,14,12.37706,1082.2367689999999
scale1,12,-1.610527,1601.181462
scale1,54,13.941891,1032.413231
scale1,52,-1.1949348,2674.292
scale1,48,-6.1202774,1755.729846
scale1,30,12.977531,920.407846
scale1,16,-4.6511993,1917.8843069999998
scale1,11,4.510334,920.9127689999999
scale1,61,16.807503,947.6166149999999
scale1,38,-1.6381645,1009.180077
scale1,29,7.7784576,1386.974153
scale1,64,22.54065,1533.53
scale1,22,0.36505508,1094.5919999999999
scale1,33,-1.8755722,1042.032539
scale2,25,-10.432972,2350.266616
scale2,9,-385.622,3248.916308
scale2,28,-385.622,326.973077
scale2,25,73.89582,1082.748
scale2,9,-15.78063,2707.000846
scale2,28,-25.944775,2315.1183849999998
scale2,10,-413.19275,2850.109384
scale2,25,-5.8167057,3543.020693
scale2,9,12.905857,3055.8921539999997
scale2,28,-2.2350883,1930.8926159999999
scale2,10,-6.993101,2554.306616
scale2,29,22.17584,2954.165924
scale2,12,-12.327667,2018.1269229999998
scale2,30,-13.936163,2461.7113839999997
scale2,13,-8.439205,2912.508616
scale2,32,-10.515427,2400.9674609999997
scale2,15,-15.451063,2762.241692
scale2,34,-462.84637,5536.872077
scale2,17,-0.8735161,3724.731078
scale2,1,-8.634705,3313.433616
scale2,20,-7.02709,2667.142461
scale2,3,-10.32641,3228.567616
scale2,24,28.500555,2533.683462
scale2,16,-2.086481,1686.375462
scale2,2,-16.841778,2178.246462
scale2,23,4.673418,3338.3166149999997
scale2,7,-3.914709,2690.264846
scale2,11,46.966564,1195.540923
scale2,14,5.22983,3992.913385
scale2,26,-6.181835,3197.6167689999997
scale2,35,11.9015465,3024.7686919999996
scale2,21,3.1084785,2339.753769
scale2,22,-8.119583,2506.067
scale2,27,9.144539,2625.8879239999997
scale2,36,-4.0446854,7466.278923
scale2,31,1.1294403,2985.022308
scale2,19,11.504379,4588.623231
scale2,4,10.821264,3416.126154
scale2,8,0.08018875,2496.319231
scale2,5,-58.025497,1107.272154
scale2,33,10.204868,1853.0328459999998
scale2,18,-15.672054,1893.166462
scale2,6,-7.543785,3445.8202309999997
rotate1,9,1.5307732,1808.6813849999999
rotate1,4,1.7149734,1338.160308
rotate1,13,6.4158173,1042.249308
rotate1,6,0.17259312,1233.661769
rotate1,15,3.9500427,1295.419308
rotate1,2,4.8342094,1369.473923
rotate1,10,-1.4812622,929.970461
rotate1,5,-0.6474447,958.8353079999999
rotate1,14,1.7463722,988.478616
rotate1,8,0.0995245,1428.1323849999999
rotate1,11,1.7239552,1051.407
rotate1,7,3.1100044,1030.964462
rotate1,1,1.1848488,1765.605615
rotate1,12,1.7805882,755.4049229999999
rotate1,3,7.5315,1540.364077
rotate2,2,-52.800854,2872.0003079999997
rotate2,13,1.2658157,2062.104539
rotate2,8,2.8535233,2133.921
rotate2,3,15.040352,2205.601693
rotate2,7,7.0222626,1919.979846
rotate2,12,-3.5252228,2778.709847
rotate2,1,-75.97651,3341.978615
rotate2,11,0.7733612,2327.9724619999997
rotate2,6,2.0207443,2399.489847
rotate2,10,2.6442719,2144.451001
rotate2,5,-59.25989,4280.923385
rotate2,15,-0.3464737,1931.7855379999999
rotate2,9,10.558136,2117.088461
rotate2,4,-1.1996918,2168.052077
rotate2,14,11.835358,1716.223231
tap1,2,288,642,366.6605,747.6106,1.0,1567132619237
tap1,3,576,930,680.37006,972.49347,0.90999997,1567132619996
tap1,4,576,642,696.3552,719.6252,0.94,1567132620966
tap1,5,288,930,399.62997,1045.4554,0.79999995,1567132621681
tap1,9,288,786,362.6642,860.55176,1.09,1567132622437
tap1,17,576,1074,705.3469,1116.4185,0.82,1567132623172
tap1,16,288,1074,349.67624,1158.3966,0.95,1567132623928
tap1,7,576,786,642.4052,869.5471,1.04,1567132624756
tap1,4,576,642,693.35803,726.6215,1.13,1567132625481
tap1,10,288,354,373.65402,442.76938,1.05,1567132626338
tap1,2,288,642,360.66605,754.60693,0.94,1567132627064
tap1,11,576,354,714.33856,437.77197,1.16,1567132627840
tap1,4,576,642,696.3552,694.6382,1.17,1567132628626
tap1,18,288,1218,390.6383,1258.3446,0.93,1567132629382
tap1,2,288,642,358.6679,728.6205,1.18,1567132630189
tap1,19,576,1218,688.3626,1296.3248,0.97999996,1567132630945
tap1,13,576,210,665.3839,301.84277,1.23,1567132631803
tap1,6,288,498,365.66144,575.70013,1.24,1567132632589
tap1,12,288,210,382.6457,323.83133,1.16,1567132633386
tap1,8,576,498,630.41626,561.70746,1.13,1567132634142
tap1,19,576,1218,687.3635,1298.3237,0.93,1567132634887
tap1,22,288,1506,351.67438,1558.1884,0.90999997,1567132635602
tap1,18,288,1218,373.65402,1277.3347,1.05,1567132636256
tap1,23,576,1506,669.3802,1579.1775,0.85999995,1567132637012
tap1,14,288,66,372.65494,134.92972,1.06,1567132638095
tap1,11,576,354,655.3932,463.75845,1.1,1567132638932
tap1,10,288,354,384.64386,438.77145,1.13,1567132639678
tap1,15,576,66,655.3932,109.94273,1.2099999,1567132640526
tap1,17,576,1074,661.38763,1150.4008,0.95,1567132641272
tap1,20,288,1362,398.6309,1448.2457,0.95,1567132641966
tap1,21,576,1362,675.37463,1449.2451,0.93,1567132642579
tap1,16,288,1074,388.64014,1150.4008,0.98999995,1567132643233
tap1,9,288,786,380.64755,876.54346,1.12,1567132643917
tap1,8,576,498,701.3506,534.7215,0.96,1567132644673
tap1,6,288,498,369.6577,576.69965,1.05,1567132645429
tap1,7,576,786,661.38763,876.54346,0.81,1567132646082
tap1,24,144,66,256.76227,150.92139,1.01,1567132647053
tap1,26,432,354,528.5106,443.76886,1.09,1567132647931
tap1,27,144,354,224.79185,410.78604,1.04,1567132648749
tap1,25,432,66,497.5393,144.92451,1.18,1567132649556
tap1,66,720,1506,772.2849,1557.189,0.65,1567132650413
tap1,41,432,1218,529.5097,1276.3352,0.85999995,1567132651088
tap1,42,432,1506,529.5097,1567.1837,0.81,1567132651711
tap1,65,720,1218,815.2451,1305.3201,1.01,1567132652355
tap1,36,144,786,223.79279,854.5549,1.0799999,1567132653110
tap1,38,432,1074,509.52823,1136.4081,0.84999996,1567132653805
tap1,39,144,1074,220.79556,1160.3956,1.06,1567132654571
tap1,37,432,786,480.55505,836.5643,1.11,1567132655337
tap1,16,288,1074,401.6281,1180.3851,0.87,1567132655960
tap1,56,0,1362,105.90195,1425.2577,0.82,1567132656696
tap1,20,288,1362,357.66882,1459.24,0.94,1567132657360
tap1,53,0,1074,95.911194,1153.3993,1.05,1567132658086
tap1,59,720,210,827.2341,299.8438,1.2099999,1567132658943
tap1,30,432,498,477.55783,612.6809,1.0799999,1567132659658
tap1,29,432,210,506.531,270.85892,1.22,1567132660343
tap1,60,720,498,853.21,608.683,1.05,1567132660945
tap1,33,432,642,546.494,715.62726,1.2099999,1567132661619
tap1,62,720,930,807.25256,1016.4706,1.12,1567132662202
tap1,61,720,642,850.21277,695.6377,1.1899999,1567132662876
tap1,34,432,930,538.5014,1025.4658,1.11,1567132663540
tap1,6,288,498,366.6605,586.6944,1.17,1567132664275
tap1,48,0,210,88.91767,276.8558,1.15,1567132665041
tap1,12,288,210,342.6827,323.83133,1.1,1567132665797
tap1,49,0,498,100.90657,596.6892,1.16,1567132666451
tap1,51,0,930,85.92044,983.48773,1.0699999,1567132667166
tap1,2,288,642,381.64664,708.6309,1.13,1567132667820
tap1,5,288,930,367.65958,1007.4752,1.0,1567132668392
tap1,50,0,642,119.88899,751.6085,0.96,1567132669066
tap1,37,432,786,528.5106,876.54346,1.13,1567132669750
tap1,64,720,1074,819.24146,1175.3878,1.04,1567132670394
tap1,38,432,1074,529.5097,1141.4055,1.0799999,1567132671037
tap1,63,720,786,811.24884,866.54865,1.15,1567132671661
tap1,29,432,210,556.48474,316.83496,1.24,1567132672457
tap1,31,144,498,206.80852,548.7142,1.15,1567132673192
tap1,28,144,210,227.7891,260.86414,1.17,1567132673897
tap1,30,432,498,542.4977,565.7053,1.04,1567132674479
tap1,42,432,1506,497.5393,1542.1968,0.96,1567132675204
tap1,40,144,1218,307.7151,1294.3258,0.94,1567132675817
tap1,41,432,1218,517.5208,1278.3342,0.98999995,1567132676481
tap1,43,144,1506,210.80481,1602.1655,0.98999995,1567132677145
tap1,45,144,1362,229.78723,1444.2478,1.06,1567132677758
tap1,82,432,1650,487.54858,1716.1062,0.97999996,1567132678452
tap1,80,144,1650,220.79556,1714.1072,0.91999996,1567132679086
tap1,44,432,1362,523.51526,1424.2582,1.0799999,1567132679923
tap1,57,720,66,841.22107,135.9292,1.0799999,1567132680945
tap1,26,432,354,525.5134,422.7798,1.0699999,1567132681680
tap1,58,720,354,805.2544,449.76575,1.1,1567132682446
tap1,25,432,66,537.5023,170.91098,1.23,1567132683181
tap1,64,720,1074,841.22107,1115.4191,0.74,1567132683958
tap1,44,432,1362,514.5236,1491.2233,0.96,1567132684622
tap1,38,432,1074,525.5134,1166.3925,1.02,1567132685214
tap1,67,720,1362,797.2618,1447.2462,1.05,1567132685908
tap1,9,288,786,367.65958,904.5289,0.98999995,1567132686654
tap1,53,0,1074,135.87419,1134.4092,0.95,1567132687359
tap1,16,288,1074,343.68176,1135.4086,1.04,1567132688074
tap1,52,0,786,95.911194,821.5721,1.03,1567132688809
tap1,74,864,786,905.16187,850.557,1.11,1567132689943
tap1,17,576,1074,688.3626,1176.3873,0.97999996,1567132690566
tap1,75,864,1074,978.09436,1137.4076,0.96,1567132691393
tap1,7,576,786,683.36725,855.5544,1.0799999,1567132692098
tap1,38,288,66,397.63184,152.92035,1.1999999,1567132692956
tap1,45,0,354,109.89824,394.79437,1.0799999,1567132693783
tap1,44,0,66,68.93617,141.92607,1.03,1567132694580
tap1,39,288,354,331.69287,429.77615,1.13,1567132695305
tap1,14,288,1506,374.6531,1555.19,0.9,1567132696020
tap1,47,0,1794,119.88899,1830.0468,0.74,1567132696735
tap1,46,0,1506,76.92877,1580.177,0.74,1567132697358
tap1,10,288,1794,336.68826,1794.0656,0.71,1567132697991
tap1,22,864,210,988.0851,207.89172,1.2099999,1567132699064
tap1,86,576,498,672.37744,554.71106,1.13,1567132699799
tap1,55,576,210,677.3728,286.8506,1.12,1567132700484
tap1,88,864,498,930.1388,578.6986,0.95,1567132701188
tap1,70,864,1362,934.1351,1445.2472,0.79999995,1567132701934
tap1,8,576,1650,639.40796,1720.1041,0.85999995,1567132702629
tap1,13,576,1362,681.3691,1468.2352,0.96,1567132703262
tap1,71,864,1650,959.11194,1729.0994,0.77,1567132703916
tap1,78,576,1218,658.3904,1334.305,1.04,1567132704631
tap1,83,864,1506,945.1249,1608.1624,0.82,1567132705213
tap1,21,864,1218,953.1175,1313.3159,0.89,1567132705836
tap1,85,576,1506,679.371,1573.1805,0.78999996,1567132706469
tap1,19,576,66,703.34875,165.91359,1.11,1567132707756
tap1,77,864,354,970.10175,438.77145,1.03,1567132708410
tap1,76,576,354,679.371,436.7725,1.0799999,1567132709125
tap1,23,864,66,950.12024,156.91827,1.06,1567132709829
tap1,15,576,1362,667.3821,1472.2332,0.84999996,1567132710616
tap1,69,864,1074,980.0925,1112.4205,0.71999997,1567132711341
tap1,11,576,1074,666.383,1147.4023,0.9,1567132712005
tap1,68,864,1362,915.15265,1437.2513,0.53999996,1567132712597
tap1,21,0,1218,99.90749,1259.3441,0.93,1567132713425
tap1,75,288,1506,375.65216,1610.1614,0.95,1567132714140
tap1,17,288,1218,401.6281,1268.3394,0.84999996,1567132714742
tap1,78,0,1506,98.90842,1570.1821,0.89,1567132715468
tap1,54,576,642,673.3765,724.62256,1.05,1567132716234
tap1,22,864,930,930.1388,999.47943,0.98999995,1567132716898
tap1,18,864,642,960.111,724.62256,1.04,1567132717572
tap1,55,576,930,650.39777,1018.46954,0.9,1567132718225
tap1,4,576,1794,672.37744,1798.0635,0.59999996,1567132718940
tap1,73,864,1506,910.1573,1618.1572,0.65999997,1567132719686
tap1,72,576,1506,669.3802,1549.1931,0.94,1567132720350
tap1,3,864,1794,951.1193,1832.0458,0.55,1567132721024
tap1,90,720,1362,825.2359,1438.2509,0.93,1567132721718
tap1,77,432,1650,520.51807,1704.1124,1.01,1567132722413
tap1,23,720,1650,819.24146,1716.1062,0.87,1567132723026
tap1,92,432,1362,569.4727,1461.2389,0.81,1567132723782
tap1,67,432,1074,504.53284,1119.417,1.03,1567132724476
tap1,82,144,1362,225.79094,1446.2467,0.90999997,1567132725150
tap1,84,432,1362,529.5097,1421.2598,0.87,1567132725732
tap1,44,144,1074,215.80019,1162.3945,0.89,1567132726447
tap1,38,432,1506,555.48566,1645.1431,0.78999996,1567132727101
tap1,45,144,1794,217.79834,1823.0504,0.78,1567132727805
tap1,44,432,1794,540.4995,1830.0468,0.87,1567132728438
tap1,39,144,1506,195.8187,1577.1785,0.87,1567132729164
tap1,42,432,1506,528.5106,1575.1796,0.85999995,1567132729746
tap1,87,720,1794,811.24884,1832.0458,0.66999996,1567132730409
tap1,89,432,1794,530.5088,1840.0416,0.88,1567132731063
tap1,43,720,1506,781.2766,1585.1743,0.91999996,1567132731931
tap1,42,0,1362,128.88066,1427.2566,0.89,1567132732697
tap1,91,288,1650,383.64478,1718.1051,0.96,1567132733351
tap1,89,288,1362,380.64755,1432.254,0.97999996,1567132734035
tap1,66,0,1650,96.91027,1721.1035,0.81,1567132734729
tap1,56,432,642,530.5088,695.6377,0.98999995,1567132735577
tap1,81,144,930,246.77151,991.4836,1.03,1567132736323
tap1,20,432,930,543.49677,988.48517,0.96999997,1567132736936
tap1,79,144,642,204.81036,702.63403,0.97999996,1567132737702
tap2,6,138,480,198.81592,542.71735,0.97999996,1567132808357
tap2,7,759,1101,865.1989,1118.4175,0.78999996,1567132809309
tap2,8,138,1101,167.84459,1172.3894,0.93,1567132810136
tap2,9,759,480,786.272,507.73553,1.27,1567132810994
tap2,164,0,687,51.951897,794.5861,0.84999996,1567132811902
tap2,183,621,1308,732.3219,1330.3071,0.56,1567132812790
tap2,182,0,1308,66.93802,1365.2888,0.77,1567132813668
tap2,163,621,687,647.4006,744.6122,1.0699999,1567132814475
tap2,242,345,66,438.5939,115.93961,1.0699999,1567132815414
tap2,243,552,1032,579.46344,1034.4612,0.89,1567132816282
tap2,244,345,1032,315.70767,1031.4628,0.96999997,1567132817047
tap2,245,552,66,604.4403,117.93857,1.04,1567132818323
tap2,42,69,411,80.92507,440.77042,1.05,1567132819283
tap2,43,690,1032,786.272,1106.4237,0.77,1567132820120
tap2,45,690,411,733.321,432.7746,0.9,1567132820855
tap2,44,69,1032,103.90379,1063.446,0.94,1567132821733
tap2,322,345,756,384.64386,784.5914,1.05,1567132822478
tap2,321,483,1653,503.53375,1674.128,0.76,1567132823285
tap2,316,345,1653,382.6457,1685.1223,0.88,1567132824020
tap2,323,483,756,526.5125,822.57153,1.09,1567132824867
tap2,2,138,549,186.82701,615.6793,1.03,1567132825694
tap2,3,759,1170,799.25995,1239.3545,0.81,1567132826541
tap2,4,138,1170,176.83626,1202.3738,0.84,1567132827307
tap2,5,759,549,792.2664,589.6929,1.01,1567132828134
tap2,11,759,1032,898.1684,1001.4784,0.76,1567132828818
tap2,10,138,411,148.86217,443.76886,1.01,1567132829665
tap2,12,138,1032,189.82423,1096.429,0.7,1567132830492
tap2,13,759,411,801.2581,456.7621,0.97999996,1567132831401
tap2,15,759,963,827.2341,1044.4559,0.75,1567132832146
tap2,14,138,342,184.82886,341.82196,0.90999997,1567132833014
tap2,17,759,342,841.22107,338.82352,0.93,1567132833882
tap2,16,138,963,190.82332,1001.4784,0.84,1567132834668
tap2,122,207,66,278.7419,89.95315,0.87,1567132835750
tap2,123,828,687,874.19055,740.61426,0.9,1567132836843
tap2,124,207,687,212.80296,712.62885,0.94,1567132837680
tap2,125,828,66,858.2054,100.94742,0.95,1567132838813
tap2,135,621,1170,719.334,1195.3773,0.79999995,1567132839681
tap2,134,0,549,51.951897,560.70795,0.77,1567132840559
tap2,136,0,1170,75.929695,1232.3582,0.78999996,1567132841682
tap2,137,621,549,661.38763,556.71,0.89,1567132842580
tap2,130,69,66,93.91304,124.93493,0.93,1567132843570
tap2,131,690,687,772.2849,728.6205,0.90999997,1567132844551
tap2,133,690,66,757.2988,126.93388,0.7,1567132845490
tap2,132,69,687,139.87048,697.63666,0.77,1567132846419
tap2,127,759,687,794.2646,773.59705,0.87,1567132847287
tap2,126,138,66,192.82146,77.9594,0.82,1567132848236
tap2,128,138,687,143.86679,747.6106,0.82,1567132849145
tap2,129,759,66,811.24884,115.93961,0.93,1567132850054
tap2,18,138,273,185.82794,341.82196,0.88,1567132850932
tap2,19,759,894,813.247,939.5106,0.77,1567132851922
tap2,20,138,894,178.83441,939.5106,0.75,1567132852739
tap2,21,759,273,834.2276,302.84225,0.93,1567132853647
tap2,35,828,1170,882.18317,1226.3612,0.58,1567132854607
tap2,34,207,549,264.75485,556.71,0.9,1567132855567
tap2,36,207,1170,266.75302,1205.3722,0.72999996,1567132856363
tap2,37,828,549,888.1776,586.6944,0.78,1567132857231
tap2,26,138,135,183.82979,173.90942,0.90999997,1567132858303
tap2,27,759,756,790.26825,806.5799,0.71,1567132859212
tap2,28,138,756,211.8039,803.5814,0.68,1567132860120
tap2,29,759,135,831.23035,192.89952,0.85999995,1567132861049
tap2,43,690,1032,769.2877,1077.4388,0.63,1567132861876
tap2,42,69,411,152.85846,433.77408,0.77,1567132862775
tap2,45,690,411,730.3238,452.76416,0.9,1567132863581
tap2,44,69,1032,87.918594,1107.4232,0.78,1567132864388
tap2,24,138,825,161.85014,865.5492,0.9,1567132865246
tap2,25,759,204,797.2618,247.8709,0.96999997,1567132866205
tap2,22,138,204,210.80481,237.8761,0.91999996,1567132867155
tap2,23,759,825,811.24884,860.55176,0.76,1567132867880
tap2,38,69,480,76.92877,511.73346,0.89,1567132868707
tap2,39,690,1101,796.2627,1086.4341,0.66999996,1567132869483
tap2,40,69,1101,112.89547,1148.4019,0.71,1567132870330
tap2,41,690,480,732.3219,519.7293,0.93,1567132871229
tap2,33,690,549,781.2766,603.68555,0.84,1567132872005
tap2,32,69,1170,127.88159,1225.3618,0.71,1567132872872
tap2,30,69,549,135.87419,583.696,0.84,1567132873811
tap2,31,690,1170,767.28955,1215.367,0.76,1567132874771
tap2,46,69,342,137.87234,369.80737,0.96,1567132875843
tap2,47,690,963,785.2729,1009.4742,0.82,1567132876578
tap2,48,69,963,111.89639,1009.4742,0.76,1567132877375
tap2,49,690,342,703.34875,365.80948,0.98999995,1567132878324
tap2,108,276,963,313.70953,1031.4628,0.77,1567132879100
tap2,231,897,1584,942.1277,1577.1785,0.72999996,1567132880192
tap2,230,276,1584,301.72064,1593.1702,0.76,1567132881030
tap2,107,897,963,951.1193,1013.4721,0.69,1567132881795
tap2,143,621,1032,684.36633,1070.4425,0.74,1567132882510
tap2,232,0,1653,96.91027,1641.1451,0.65,1567132883378
tap2,233,621,1653,692.35895,1753.0869,0.84999996,1567132884593
tap2,144,0,1032,87.918594,1091.4315,0.71999997,1567132885573
tap2,44,69,1032,118.889915,1076.4393,0.84,1567132886431
tap2,235,690,1653,746.30896,1692.1187,0.69,1567132887421
tap2,43,690,1032,767.28955,1068.4435,0.85999995,1567132888238
tap2,234,69,1653,97.90935,1652.1395,0.75,1567132889096
tap2,12,138,1032,174.83812,1059.4481,0.88,1567132889892
tap2,237,759,1653,788.27014,1708.1104,0.74,1567132891168
tap2,11,759,1032,861.2026,1108.4227,0.84,1567132891954
tap2,236,138,1653,155.85568,1668.1311,0.72999996,1567132892740
tap2,238,207,1653,235.78168,1700.1145,0.76,1567132893547
tap2,67,828,1032,892.1739,1078.4382,0.94,1567132894385
tap2,68,207,1032,322.7012,1085.4347,0.83,1567132895171
tap2,239,828,1653,861.2026,1659.1359,0.72999996,1567132896161
tap2,104,276,1032,357.66882,1097.4283,0.74,1567132897029
tap2,241,897,1653,926.14246,1670.1301,0.63,1567132897979
tap2,240,276,1653,319.70398,1704.1124,0.74,1567132898857
tap2,103,897,1032,980.0925,1083.4357,0.88,1567132899694
tap2,50,69,273,95.911194,334.8256,0.83,1567132900664
tap2,51,690,894,736.31824,942.5091,0.91999996,1567132901695
tap2,52,69,894,163.8483,953.50336,0.84999996,1567132902502
tap2,53,690,273,747.30804,288.84955,0.96,1567132903513
tap2,55,690,825,763.2933,886.53827,0.78999996,1567132904268
tap2,54,69,204,98.90842,254.86725,0.85999995,1567132905187
tap2,56,69,825,164.84737,854.5549,0.84999996,1567132906086
tap2,57,690,204,749.3062,248.87038,1.01,1567132907087
tap2,59,690,756,740.3145,810.5778,0.88,1567132907883
tap2,58,69,135,132.87697,155.9188,0.76,1567132908812
tap2,61,690,135,735.31915,165.91359,0.85999995,1567132909966
tap2,60,69,756,133.87604,806.5799,0.9,1567132910854
tap2,62,207,480,249.76874,495.7418,0.97999996,1567132911784
tap2,63,828,1101,849.2137,1163.394,0.84,1567132912631
tap2,64,207,1101,245.77243,1153.3993,0.71,1567132913438
tap2,65,828,480,912.1554,480.7496,0.89,1567132914296
tap2,290,345,480,420.61053,512.7329,0.96999997,1567132915143
tap2,291,552,1446,609.4357,1464.2373,0.79999995,1567132915980
tap2,293,552,480,607.43756,507.73553,0.89,1567132916859
tap2,292,345,1446,389.63922,1513.2118,0.78,1567132917737
tap2,141,621,480,693.35803,520.72876,0.85999995,1567132918737
tap2,295,414,1446,454.5791,1473.2327,0.79999995,1567132919554
tap2,294,414,480,470.5643,538.7194,0.87,1567132920422
tap2,203,621,1446,676.3737,1477.2306,0.84,1567132921219
tap2,297,483,1446,542.4977,1498.2196,0.62,1567132921994
tap2,41,690,480,772.2849,508.73502,0.82,1567132922852
tap2,296,483,480,538.5014,551.71265,0.95,1567132923710
tap2,205,690,1446,734.32007,1462.2384,0.66999996,1567132924527
tap2,319,414,1653,466.568,1608.1624,0.53999996,1567132925364
tap2,325,552,756,616.42926,836.5643,0.69,1567132926273
tap2,324,414,756,437.59482,824.5705,0.88,1567132927069
tap2,315,552,1653,572.4699,1684.1228,0.64,1567132927886
tap2,298,345,549,406.6235,579.69806,0.88,1567132928825
tap2,299,552,1515,643.40424,1509.2139,0.78999996,1567132929673
tap2,301,552,549,610.4348,581.697,0.83,1567132930561
tap2,300,345,1515,385.6429,1535.2004,0.71999997,1567132931388
tap2,326,345,825,420.61053,850.557,0.90999997,1567132932236
tap2,256,483,135,529.5097,190.90057,0.89,1567132933236
tap2,250,345,135,386.642,140.92659,0.91999996,1567132934206
tap2,327,483,825,508.52914,881.54083,0.88,1567132935013
tap2,67,828,1032,899.1674,1085.4347,0.79999995,1567132935861
tap2,66,207,411,259.7595,498.74023,0.87,1567132936728
tap2,68,207,1032,243.77429,1066.4446,0.78,1567132937505
tap2,69,828,411,869.1952,451.7647,0.90999997,1567132938393
tap2,72,207,963,269.75024,1003.47736,0.85999995,1567132939240
tap2,73,828,342,882.18317,373.8053,0.84,1567132940057
tap2,70,207,342,294.7271,374.80478,0.95,1567132940966
tap2,71,828,963,885.1804,979.4898,0.78,1567132941926
tap2,76,207,894,255.76318,928.51636,0.78999996,1567132942722
tap2,77,828,273,892.1739,316.83496,0.91999996,1567132943672
tap2,74,207,273,263.7558,321.83237,0.93,1567132944520
tap2,75,828,894,922.1462,902.5299,0.64,1567132945520
tap2,80,207,825,272.74747,869.5471,0.76,1567132946327
tap2,81,828,204,879.1859,260.86414,0.87,1567132947348
tap2,78,207,204,257.76132,216.88704,0.88,1567132948257
tap2,79,828,825,910.1573,856.55383,0.57,1567132949206
tap2,84,207,756,268.75116,806.5799,0.84999996,1567132950023
tap2,85,828,135,909.1582,164.91411,0.81,1567132950922
tap2,82,207,135,260.75854,192.89952,0.88,1567132951912
tap2,83,828,756,863.20074,803.5814,0.56,1567132952770
tap2,89,621,618,678.3719,676.6476,0.71,1567132953689
tap2,88,0,1239,86.91952,1261.343,0.71,1567132954597
tap2,87,621,1239,685.3654,1285.3306,0.64,1567132955792
tap2,86,0,618,92.91397,659.65643,0.76,1567132956783
tap2,305,483,1515,515.52264,1535.2004,0.71,1567132957773
tap2,33,690,549,737.3173,537.7199,0.91999996,1567132958601
tap2,304,483,549,534.50507,593.6908,0.78999996,1567132959356
tap2,215,690,1515,759.29694,1512.2124,0.81,1567132960296
tap2,309,552,618,604.4403,663.65436,0.93,1567132961123
tap2,308,345,1584,363.66327,1631.1504,0.79999995,1567132961960
tap2,307,552,1584,603.4413,1617.1577,0.82,1567132962757
tap2,306,345,618,390.6383,662.65485,0.93,1567132963614
tap2,258,345,204,419.61148,259.86465,1.04,1567132964523
tap2,331,483,894,508.52914,960.4997,0.89,1567132965371
tap2,330,345,894,443.58926,926.5174,0.84,1567132966116
tap2,264,483,204,548.4921,224.88287,0.95,1567132967015
tap2,223,621,1584,642.4052,1601.166,0.71999997,1567132967862
tap2,310,414,618,419.61148,693.63873,0.96,1567132968721
tap2,89,621,618,701.3506,631.67096,0.96999997,1567132969476
tap2,311,414,1584,446.5865,1607.1628,0.81,1567132970303
tap2,261,552,204,629.41724,231.87923,1.01,1567132971253
tap2,322,345,756,434.5976,817.57416,0.74,1567132972233
tap2,262,414,204,475.55966,257.8657,0.95,1567132973213
tap2,333,552,894,640.40704,939.5106,0.84999996,1567132973979
tap2,312,483,618,537.5023,688.6413,0.96,1567132974745
tap2,225,690,1584,756.29974,1572.1812,0.69,1567132975500
tap2,93,690,618,768.28864,673.6491,0.91999996,1567132976338
tap2,313,483,1584,540.4995,1605.164,0.82,1567132977134
tap2,91,690,1239,742.3127,1274.3363,0.78,1567132977798
tap2,90,69,618,151.85939,667.6522,0.94,1567132978676
tap2,93,690,618,766.29047,661.6554,0.94,1567132979473
tap2,92,69,1239,127.88159,1277.3347,0.84999996,1567132980269
tap2,108,276,963,313.70953,995.4815,0.96,1567132981035
tap2,109,897,342,972.0999,360.81207,0.96,1567132981913
tap2,106,276,342,329.69473,388.7975,1.09,1567132982700
tap2,107,897,963,949.1212,1003.47736,0.91999996,1567132983803
tap2,100,276,1101,385.6429,1123.4149,0.93,1567132984558
tap2,101,897,480,952.1184,545.71576,0.98999995,1567132985386
tap2,99,897,1101,976.0962,1080.4373,0.76,1567132986223
tap2,98,276,480,339.6855,533.722,1.06,1567132987234
tap2,105,897,411,947.12305,480.7496,1.01,1567132988030
tap2,104,276,1032,335.68918,1062.4467,0.88,1567132988797
tap2,102,276,411,347.67807,425.77823,1.06,1567132989746
tap2,103,897,1032,961.1101,1102.4258,0.56,1567132990481
tap2,97,897,549,967.10455,599.6876,0.74,1567132991319
tap2,96,276,1170,359.667,1195.3773,0.82,1567132992136
tap2,94,276,549,301.72064,587.6939,0.98999995,1567132993096
tap2,95,897,1170,947.12305,1206.3717,0.58,1567132994015
tap2,111,897,894,938.13135,939.5106,0.7,1567132994842
tap2,110,276,273,326.6975,323.83133,1.04,1567132995741
tap2,112,276,894,305.71692,925.51794,0.88,1567132996547
tap2,113,897,273,935.13416,311.8376,1.0799999,1567132997456
tap2,116,276,825,306.716,818.57367,1.04,1567132998263
tap2,117,897,204,944.1258,229.88026,1.04,1567132999131
tap2,114,276,204,345.67993,240.87454,1.12,1567133000071
tap2,115,897,825,1000.07404,859.5523,0.65,1567133001051
tap2,119,897,756,916.15173,774.59656,0.90999997,1567133001970
tap2,118,276,135,339.6855,224.88287,1.06,1567133002879
tap2,121,897,135,908.1591,186.90265,0.96999997,1567133003747
tap2,120,276,756,308.71414,770.59863,0.94,1567133004585
tap2,152,0,894,72.93247,873.545,0.94,1567133005596
tap2,213,621,1515,730.3238,1512.2124,0.65,1567133006546
tap2,212,0,1515,33.968548,1514.2113,0.59999996,1567133007475
tap2,151,621,894,659.38947,935.51276,0.95,1567133008251
tap2,56,69,825,110.897316,883.5398,0.97999996,1567133009058
tap2,205,690,1446,718.3349,1409.266,0.9,1567133010141
tap2,204,69,1446,115.89269,1478.2301,0.83,1567133010998
tap2,55,690,825,791.26733,880.5414,1.03,1567133011775
tap2,24,138,825,186.82701,906.52783,1.0,1567133012561
tap2,207,759,1446,807.25256,1487.2253,0.72999996,1567133013419
tap2,206,138,1446,196.81776,1479.2295,0.83,1567133014205
tap2,23,759,825,826.235,856.55383,1.02,1567133014992
tap2,80,207,825,220.79556,808.57886,1.0699999,1567133015768
tap2,209,828,1446,876.1887,1508.2145,0.64,1567133016625
tap2,208,207,1446,220.79556,1482.228,0.75,1567133017432
tap2,79,828,825,847.2156,910.52576,0.85999995,1567133018372
tap2,115,897,825,958.11285,879.5419,0.68,1567133019036
tap2,210,276,1446,307.7151,1512.2124,0.74,1567133019873
tap2,116,276,825,311.71136,901.53046,0.91999996,1567133020639
tap2,211,897,1446,915.15265,1504.2166,0.62,1567133021527
tap2,203,621,1446,679.371,1443.2483,0.69,1567133022273
tap2,156,0,825,109.89824,828.5684,0.81,1567133023223
tap2,202,0,1446,55.948196,1469.2347,0.65999997,1567133024101
tap2,155,621,825,642.4052,851.55646,0.98999995,1567133024980
tap2,52,69,894,89.91675,944.50806,0.89,1567133025756
tap2,215,690,1515,754.3016,1519.2087,0.71,1567133026654
tap2,51,690,894,769.2877,919.52106,0.96,1567133027431
tap2,214,69,1515,109.89824,1521.2076,0.79999995,1567133028309
tap2,216,138,1515,182.83072,1601.166,0.78,1567133029035
tap2,19,759,894,833.2285,963.49817,0.90999997,1567133029811
tap2,217,759,1515,840.22205,1536.1998,0.56,1567133030485
tap2,20,138,894,223.79279,948.506,0.96,1567133031373
tap2,141,621,480,712.34045,519.7293,1.01,1567133032190
tap2,140,0,1101,83.922295,1100.4269,0.78999996,1567133033058
tap2,138,0,480,108.89917,500.7392,0.97999996,1567133033957
tap2,139,621,1101,730.3238,1160.3956,0.52,1567133034825
tap2,142,0,411,59.944496,477.75116,0.81,1567133035693
tap2,143,621,1032,672.37744,1042.457,0.85999995,1567133036470
tap2,144,0,1032,40.962074,1043.4565,0.64,1567133037297
tap2,145,621,411,650.39777,424.77875,1.04,1567133038114
tap2,148,0,963,42.96022,986.4862,0.7,1567133038972
tap2,149,621,342,693.35803,342.82144,1.13,1567133039769
tap2,147,621,963,689.3617,1013.4721,0.83,1567133040585
tap2,146,0,342,71.933395,378.8027,0.90999997,1567133041494
tap2,153,621,273,692.35895,351.81674,0.72999996,1567133042250
tap2,152,0,894,40.962074,935.51276,0.71,1567133043129
tap2,150,0,273,64.93987,343.82092,0.96,1567133044017
tap2,151,621,894,676.3737,904.5289,0.79999995,1567133044895
tap2,266,345,273,431.60037,320.8329,1.05,1567133045712
tap2,267,552,1239,608.43665,1276.3352,0.75,1567133046560
tap2,269,552,273,583.4598,269.85944,1.06,1567133047510
tap2,268,345,1239,376.65125,1220.3644,0.87,1567133048348
tap2,271,414,1239,493.54303,1305.3201,0.68,1567133049073
tap2,153,621,273,678.3719,289.84903,1.1,1567133049972
tap2,270,414,273,493.54303,275.85632,0.95,1567133050809
tap2,87,621,1239,693.35803,1253.3472,0.63,1567133051647
tap2,91,690,1239,748.3071,1280.3331,0.42999998,1567133052310
tap2,272,483,273,542.4977,288.84955,1.0799999,1567133053444
tap2,273,483,1239,538.5014,1262.3425,0.93,1567133054251
tap2,53,690,273,765.2914,295.84592,0.91999996,1567133055058
tap2,277,552,342,614.4311,395.79385,1.02,1567133055834
tap2,276,345,1308,381.64664,1333.3055,0.71999997,1567133056671
tap2,274,345,342,382.6457,401.7907,1.12,1567133057509
tap2,275,552,1308,585.4579,1341.3014,0.7,1567133058316
tap2,183,621,1308,733.321,1268.3394,0.42999998,1567133059041
tap2,278,414,342,464.56985,443.76886,1.05,1567133060052
tap2,149,621,342,665.3839,396.79333,1.04,1567133060870
tap2,279,414,1308,458.5754,1337.3035,0.87,1567133061666
tap2,281,483,1308,576.46625,1330.3071,0.62,1567133062412
tap2,49,690,342,720.333,398.7923,1.11,1567133063351
tap2,280,483,342,563.4783,380.80167,1.04,1567133064097
tap2,185,690,1308,750.3053,1304.3207,0.64,1567133064924
tap2,156,0,825,80.92507,860.55176,0.94,1567133065843
tap2,157,621,204,685.3654,263.86258,1.0799999,1567133066773
tap2,155,621,825,687.3635,854.5549,0.71,1567133067519
tap2,154,0,204,80.92507,232.87871,1.01,1567133068479
tap2,158,0,135,49.953747,161.91566,0.85999995,1567133069449
tap2,159,621,756,686.3645,793.5867,1.0,1567133070317
tap2,160,0,756,72.93247,763.6023,0.97999996,1567133071165
tap2,161,621,135,691.35986,186.90265,1.06,1567133072166
tap2,162,0,66,52.950974,125.9344,0.87,1567133073126
tap2,163,621,687,726.32745,716.6267,0.97999996,1567133073964
tap2,164,0,687,58.94542,711.62933,0.84999996,1567133074760
tap2,165,621,66,663.38574,115.93961,1.12,1567133075679
tap2,169,897,66,939.13043,104.945335,1.0799999,1567133076680
tap2,168,276,687,323.7003,703.6335,0.98999995,1567133077528
tap2,166,276,66,350.6753,80.95783,1.02,1567133078417
tap2,167,897,687,941.1286,746.61115,0.72999996,1567133079407
tap2,170,138,618,174.83812,611.6814,1.0699999,1567133080235
tap2,171,759,1239,830.23126,1265.341,0.59999996,1567133081093
tap2,173,759,618,829.2322,663.65436,0.88,1567133081920
tap2,172,138,1239,228.78816,1293.3264,0.84999996,1567133082747
tap2,177,828,618,889.1767,683.6439,1.04,1567133083524
tap2,176,207,1239,231.78539,1300.3228,0.89,1567133084310
tap2,174,207,618,233.78354,682.6444,1.04,1567133085158
tap2,175,828,1239,865.1989,1275.3357,0.68,1567133085965
tap2,133,690,66,716.33673,105.94482,1.05,1567133088167
tap2,249,483,1032,526.5125,1090.432,0.78999996,1567133088947
tap2,43,690,1032,743.31177,1059.4481,0.84,1567133089631
tap2,248,483,66,510.52728,152.92035,1.02,1567133091113
tap2,251,552,1101,634.4126,1134.4092,0.81,1567133092113
tap2,250,345,135,422.6087,147.92296,0.97999996,1567133093063
tap2,252,345,1101,419.61148,1117.418,0.81,1567133093870
tap2,253,552,135,609.4357,164.91411,1.15,1567133094748
tap2,254,414,135,476.55875,172.90994,1.0699999,1567133095596
tap2,139,621,1101,672.37744,1155.3982,0.7,1567133096423
tap2,161,621,135,642.4052,163.91463,1.09,1567133097302
tap2,255,414,1101,492.54395,1120.4164,0.84999996,1567133098119
tap2,178,276,618,349.67624,643.66473,1.0,1567133098875
tap2,179,897,1239,940.1295,1223.3628,0.93,1567133100161
tap2,181,897,618,961.1101,619.67725,1.05,1567133100938
tap2,180,276,1239,330.69382,1290.3279,0.83,1567133101704
tap2,132,69,687,134.87512,717.6262,1.09,1567133102490
tap2,185,690,1308,748.3071,1374.2842,0.68,1567133103338
tap2,184,69,1308,146.86401,1353.2952,0.84999996,1567133104237
tap2,131,690,687,730.3238,754.60693,0.91999996,1567133105065
tap2,127,759,687,850.21277,735.6168,0.9,1567133105748
tap2,187,759,1308,831.23035,1343.3003,0.66999996,1567133106606
tap2,186,138,1308,179.8335,1372.2853,0.75,1567133107444
tap2,126,138,66,185.82794,126.93388,0.95,1567133109651
tap2,123,828,687,882.18317,715.62726,0.84999996,1567133110467
tap2,188,207,1308,252.76596,1350.2966,0.82,1567133111264
tap2,124,207,687,239.77798,728.6205,1.0,1567133112214
tap2,189,828,1308,882.18317,1344.2998,0.59,1567133113041
tap2,317,552,687,648.39966,731.61896,1.01,1567133113879
tap2,316,345,1653,401.6281,1706.1113,0.65,1567133114737
tap2,314,345,687,378.6494,751.6085,0.83,1567133115615
tap2,315,552,1653,604.4403,1688.1207,0.64,1567133116442
tap2,266,345,273,392.63644,268.85995,1.03,1567133117576
tap2,335,483,963,584.45886,950.50494,0.98999995,1567133118373
tap2,272,483,273,553.4875,263.86258,1.03,1567133119292
tap2,334,345,963,374.6531,982.4883,0.95,1567133120058
tap2,318,414,687,486.5495,700.6351,1.05,1567133120854
tap2,233,621,1653,635.4117,1755.0858,0.75,1567133121682
tap2,163,621,687,681.3691,741.6137,0.93,1567133122437
tap2,319,414,1653,491.54486,1656.1373,0.71,1567133123224
tap2,269,552,273,618.42737,305.8407,1.12,1567133124113
tap2,336,414,963,460.57355,995.4815,0.97999996,1567133124889
tap2,337,552,963,610.4348,997.48047,0.83,1567133125625
tap2,270,414,273,453.58002,309.83862,1.04,1567133126523
tap2,168,276,687,304.71786,785.5908,1.04,1567133127269
tap2,191,897,1308,937.13226,1336.304,0.71999997,1567133128249
tap2,167,897,687,974.0981,731.61896,0.87,1567133128954
tap2,190,276,1308,373.65402,1340.3019,0.84999996,1567133129751
tap2,192,0,1377,19.981499,1403.269,0.53,1567133130507
tap2,160,0,756,51.951897,782.5924,0.83,1567133131293
tap2,193,621,1377,667.3821,1409.266,0.93,1567133132243
tap2,159,621,756,731.3229,792.58716,0.96999997,1567133132938
tap2,194,69,1377,88.91767,1411.2649,0.77,1567133133724
tap2,59,690,756,747.30804,779.59393,1.09,1567133134500
tap2,60,69,756,113.89455,798.58405,1.01,1567133135277
tap2,195,690,1377,758.29785,1438.2509,0.89,1567133136268
tap2,28,138,756,174.83812,789.58875,1.02,1567133137064
tap2,197,759,1377,783.2748,1395.2733,0.94,1567133137963
tap2,27,759,756,885.1804,801.5825,0.9,1567133138678
tap2,196,138,1377,157.85384,1430.255,0.85999995,1567133139454
tap2,84,207,756,251.76688,793.5867,1.04,1567133140323
tap2,199,828,1377,894.17206,1389.2764,0.89,1567133141170
tap2,83,828,756,911.1564,802.582,0.90999997,1567133141865
tap2,198,207,1377,228.78816,1417.2618,0.84,1567133142651
tap2,200,276,1377,360.66605,1385.2784,0.84,1567133143387
tap2,119,897,756,949.1212,796.5851,0.96999997,1567133144193
tap2,120,276,756,377.65033,815.5752,1.06,1567133144980
tap2,201,897,1377,922.1462,1378.2821,0.51,1567133145828
tap2,242,345,66,433.5985,125.9344,1.15,1567133147758
tap2,347,966,687,988.0851,718.6257,0.90999997,1567133148585
tap2,338,966,66,981.0916,68.96408,0.94,1567133149821
tap2,314,345,687,403.62628,741.6137,1.0,1567133150598
tap2,322,345,756,362.6642,790.5882,0.94,1567133151353
tap2,339,966,135,1032.0444,148.92244,0.84,1567133152375
tap2,348,966,756,1036.0406,717.6262,0.62,1567133153171
tap2,250,345,135,440.59204,215.88756,1.18,1567133154122
tap2,258,345,204,424.60684,236.87662,1.14,1567133154980
tap2,349,966,825,1016.0592,885.53876,0.74,1567133155858
tap2,340,966,204,998.07587,227.8813,1.06,1567133156624
tap2,326,345,825,388.64014,858.5528,0.90999997,1567133157421
tap2,330,345,894,363.66327,910.52576,0.97999996,1567133158136
tap2,341,966,273,1038.0388,264.86203,0.84999996,1567133158953
tap2,266,345,273,438.5939,305.8407,1.3299999,1567133159801
tap2,350,966,894,1033.0435,922.5195,0.68,1567133160608
tap2,76,207,894,199.81499,955.5023,1.04,1567133161425
tap2,219,828,1515,904.16284,1554.1904,0.63,1567133162232
tap2,218,207,1515,278.7419,1563.1858,0.76,1567133163090
tap2,75,828,894,912.1554,953.50336,0.95,1567133163826
tap2,220,276,1515,300.72156,1537.1993,0.78,1567133164571
tap2,111,897,894,943.1267,956.5018,0.98999995,1567133165307
tap2,112,276,894,426.605,944.50806,1.09,1567133166083
tap2,221,897,1515,921.1471,1468.2352,0.68,1567133166962
tap2,225,690,1584,762.2942,1664.1332,0.71999997,1567133167697
tap2,48,69,963,109.89824,952.5039,0.96,1567133168647
tap2,47,690,963,805.2544,1012.47266,0.74,1567133169618
tap2,224,69,1584,135.87419,1574.18,0.72999996,1567133170414
tap2,165,621,66,673.3765,158.91722,1.05,1567133172253
tap2,247,414,1032,464.56985,1063.446,0.9,1567133173040
tap2,143,621,1032,724.32935,1031.4628,0.84,1567133173724
tap2,246,414,66,474.5606,143.92503,1.02,1567133174582
tap2,15,759,963,801.2581,1012.47266,0.83,1567133175318
tap2,226,138,1584,172.83997,1597.1681,0.71999997,1567133176135
tap2,227,759,1584,841.22107,1606.1635,0.57,1567133176993
tap2,16,138,963,211.8039,972.49347,1.03,1567133177800
tap2,72,207,963,238.77892,1027.4648,1.04,1567133178566
tap2,229,828,1584,884.18134,1604.1644,0.61,1567133179414
tap2,71,828,963,860.2035,972.49347,0.95,1567133180241
tap2,228,207,1584,218.79741,1616.1582,0.85999995,1567133181038
tap2,242,345,66,416.61426,139.92712,1.0699999,1567133182274
tap2,243,552,1032,611.43384,1084.4352,0.84,1567133183121
tap2,244,345,1032,412.61795,1064.4456,0.89,1567133183878
tap2,245,552,66,655.3932,87.954185,1.17,1567133184940
tap2,148,0,963,71.933395,1029.4637,0.88,1567133185797
tap2,223,621,1584,679.371,1584.1749,0.61,1567133186656
tap2,147,621,963,700.3515,965.49713,0.95,1567133187371
tap2,222,0,1584,61.942646,1636.1478,0.71999997,1567133188229
tap2,252,345,1101,355.6707,1139.4065,0.89,1567133188954
tap2,344,966,480,970.10175,547.7147,1.06,1567133189812
tap2,290,345,480,412.61795,510.73398,1.18,1567133190599
tap2,353,966,1101,1032.0444,1114.4196,0.47,1567133191436
tap2,345,966,549,1028.0481,571.7022,0.81,1567133192243
tap2,260,345,1170,448.58466,1211.369,0.71999997,1567133192989
tap2,354,966,1170,1003.0712,1198.3759,0.66999996,1567133194858
tap2,298,345,549,372.65494,548.7142,1.09,1567133195665
tap2,346,966,618,984.0888,662.65485,0.93,1567133196922
tap2,268,345,1239,421.60962,1234.357,0.93,1567133197769
tap2,355,966,1239,1003.0712,1248.3497,0.75,1567133198546
tap2,306,345,618,418.6124,680.6455,1.02,1567133199404
tap2,314,345,687,406.6235,725.6221,0.96999997,1567133200200
tap2,356,966,1308,1003.0712,1364.2894,0.57,1567133201099
tap2,347,966,687,993.0805,723.6231,0.94,1567133201875
tap2,276,345,1308,386.642,1359.292,0.94,1567133202662
tap2,257,483,1101,520.51807,1084.4352,1.01,1567133203398
tap2,61,690,135,750.3053,172.90994,1.22,1567133204521
tap2,39,690,1101,747.30804,1118.4175,0.9,1567133205420
tap2,256,483,135,574.4681,207.89172,1.1999999,1567133206452
tap2,258,345,204,390.6383,227.8813,1.15,1567133207330
tap2,259,552,1170,602.4422,1226.3612,0.78999996,1567133208158
tap2,260,345,1170,435.59668,1217.366,0.95,1567133208924
tap2,261,552,204,619.42645,221.88443,1.2099999,1567133209853
tap2,157,621,204,707.34503,247.8709,1.15,1567133210589
tap2,263,414,1170,464.56985,1244.3519,0.91999996,1567133211345
tap2,262,414,204,435.59668,229.88026,1.2099999,1567133212141
tap2,135,621,1170,704.34784,1133.4097,0.85999995,1567133212846
tap2,244,345,1032,402.6272,1090.432,1.02,1567133213581
tap2,361,966,1653,1058.0204,1591.1713,0.39999998,1567133214367
tap2,352,966,1032,1033.0435,1035.4607,0.66999996,1567133215420
tap2,316,345,1653,388.64014,1662.1343,0.65,1567133216298
tap2,282,345,411,340.68454,441.7699,1.11,1567133217218
tap2,283,552,1377,581.4616,1490.2238,0.78999996,1567133217984
tap2,284,345,1377,425.60593,1406.2676,0.89,1567133218781
tap2,285,552,411,569.4727,477.75116,1.03,1567133219802
tap2,145,621,411,685.3654,460.76,1.03,1567133220619
tap2,287,414,1377,441.59113,1417.2618,0.87,1567133221447
tap2,193,621,1377,694.35706,1439.2504,0.84999996,1567133222141
tap2,286,414,411,455.5782,419.78134,0.93,1567133223009
tap2,288,483,411,535.50415,437.77197,1.15,1567133223796
tap2,195,690,1377,765.2914,1436.252,0.66999996,1567133224603
tap2,289,483,1377,548.4921,1370.2863,0.81,1567133225348
tap2,45,690,411,831.23035,465.75742,0.94,1567133226411
tap2,31,690,1170,716.33673,1196.3768,0.66999996,1567133227115
tap2,264,483,204,533.50604,193.899,1.1,1567133228055
tap2,57,690,204,749.3062,244.87245,1.11,1567133228893
tap2,265,483,1170,512.52545,1222.3633,0.90999997,1567133229690
tap2,300,345,1515,385.6429,1517.2097,0.75,1567133230476
tap2,350,966,894,1042.0352,965.49713,0.65,1567133231293
tap2,330,345,894,423.6078,944.50806,1.0,1567133232049
tap2,359,966,1515,1030.0463,1551.192,0.51,1567133233142
tap2,351,966,963,1024.0518,1028.4644,0.71999997,1567133233959
tap2,308,345,1584,457.57632,1560.1874,0.59,1567133234715
tap2,360,966,1584,1003.0712,1569.1827,0.59999996,1567133236237
tap2,334,345,963,399.62997,1020.4685,0.93,1567133237136
tap2,137,621,549,654.3941,572.7017,1.03,1567133237913
tap2,303,414,1515,462.5717,1557.189,0.76,1567133238669
tap2,213,621,1515,744.31085,1551.192,0.65,1567133239342
tap2,302,414,549,435.59668,653.65955,1.06,1567133240180
tap2,254,414,135,464.56985,160.91618,1.15,1567133241140
tap2,329,552,825,611.43384,887.5377,0.87,1567133241804
tap2,253,552,135,582.4607,165.91359,1.13,1567133242682
tap2,328,414,825,463.57077,894.53406,1.02,1567133243418
tap2,334,345,963,416.61426,950.50494,0.90999997,1567133244133
tap2,342,966,342,995.0786,389.79697,1.06,1567133245011
tap2,274,345,342,439.59296,365.80948,1.0,1567133245869
tap2,351,966,963,1030.0463,1013.4721,0.74,1567133246952
tap2,282,345,411,403.62628,452.76416,1.1999999,1567133247759
tap2,352,966,1032,1003.0712,1116.4185,0.64,1567133248545
tap2,343,966,411,1001.07306,403.78967,0.97999996,1567133249373
tap2,244,345,1032,362.6642,1087.4336,0.81,1567133250159
tap2,322,345,756,336.68826,812.5768,1.03,1567133250946
tap2,357,966,1377,1013.062,1383.2795,0.45,1567133251896
tap2,348,966,756,1012.0629,810.5778,0.77,1567133252733
tap2,284,345,1377,334.6901,1427.2566,0.77,1567133253540
tap2,292,345,1446,331.69287,1479.2295,0.78999996,1567133254327
tap2,349,966,825,1021.05457,881.54083,0.78,1567133255082
tap2,326,345,825,405.62442,859.5523,1.11,1567133255890
tap2,358,966,1446,983.0897,1412.2644,0.42,1567133256645
tap2,131,690,687,772.2849,726.6215,1.06,1567133257473
tap2,321,483,1653,536.50323,1658.1364,0.63,1567133258259
tap2,320,483,687,503.53375,779.59393,1.1,1567133259097
tap2,235,690,1653,749.3062,1667.1317,0.44,1567133259863
tap2,362,0,1722,81.92415,1732.0978,0.62,1567133260925
tap2,139,621,1101,650.39777,1172.3894,0.90999997,1567133261824
tap2,140,0,1101,65.93895,1139.4065,0.84999996,1567133262600
tap2,371,621,1722,715.33765,1634.1488,0.47,1567133263469
tap2,39,690,1101,725.3284,1089.4326,0.9,1567133264460
tap2,363,69,1722,78.92692,1793.066,0.72999996,1567133265266
tap2,372,690,1722,749.3062,1771.0775,0.77,1567133266073
tap2,40,69,1101,178.83441,1130.4113,1.12,1567133266983
tap2,136,0,1170,73.93155,1216.3665,0.89,1567133267830
tap2,386,621,1791,688.3626,1826.0488,0.65,1567133268709
tap2,135,621,1170,712.34045,1209.3701,0.9,1567133269403
tap2,377,0,1791,35.966698,1858.0322,0.5,1567133270190
tap2,31,690,1170,784.2738,1261.343,0.9,1567133271242
tap2,378,69,1791,94.91212,1834.0447,0.72999996,1567133272028
tap2,32,69,1170,75.929695,1255.3462,0.95,1567133272897
tap2,387,690,1791,751.3043,1831.0463,0.56,1567133273622
tap2,8,138,1101,191.82239,1164.3936,1.02,1567133274480
tap2,373,759,1722,857.2063,1739.0942,0.61,1567133275216
tap2,7,759,1101,872.19244,1149.4014,0.95,1567133276166
tap2,364,138,1722,161.85014,1785.0702,0.72999996,1567133276932
tap2,374,828,1722,826.235,1760.0833,0.58,1567133277687
tap2,64,207,1101,300.72156,1138.4071,0.94,1567133278536
tap2,365,207,1722,190.82332,1771.0775,0.74,1567133279322
tap2,63,828,1101,888.1776,1101.4263,1.0699999,1567133280201
tap2,379,138,1791,144.86586,1830.0468,0.76,1567133280987
tap2,3,759,1170,804.2553,1194.3779,0.96,1567133281743
tap2,4,138,1170,203.81128,1220.3644,1.01,1567133282509
tap2,388,759,1791,845.2174,1778.0739,0.52,1567133283285
tap2,380,207,1791,236.78076,1878.0219,0.62,1567133284276
tap2,35,828,1170,909.1582,1237.3555,0.83,1567133285022
tap2,389,828,1791,880.185,1769.0786,0.56,1567133285767
tap2,36,207,1170,322.7012,1222.3633,0.9,1567133286646
tap2,100,276,1101,306.716,1149.4014,0.96,1567133287463
tap2,375,897,1722,917.1508,1783.0713,0.48999998,1567133288208
tap2,99,897,1101,930.1388,1146.4028,0.95,1567133288995
tap2,366,276,1722,294.7271,1763.0817,0.77,1567133289812
tap2,368,414,1722,471.56335,1789.0681,0.84999996,1567133290660
tap2,159,621,756,685.3654,790.5882,1.0699999,1567133291630
tap2,371,621,1722,683.36725,1770.078,0.66999996,1567133292621
tap2,324,414,756,445.58743,774.59656,1.0699999,1567133293408
tap2,96,276,1170,303.71878,1181.3846,0.93,1567133294174
tap2,390,897,1791,921.1471,1786.0697,0.37,1567133294950
tap2,95,897,1170,959.11194,1224.3623,0.82,1567133295706
tap2,381,276,1791,313.70953,1791.0671,0.76,1567133296513
tap2,385,552,1791,498.5384,1860.0311,0.65999997,1567133297320
tap2,326,345,825,427.60406,862.5507,1.1,1567133298178
tap2,382,345,1791,359.667,1862.0302,0.65,1567133298944
tap2,329,552,825,602.4422,816.5747,1.05,1567133299853
tap2,323,483,756,567.47455,791.5877,1.15,1567133300619
tap2,372,690,1722,758.29785,1724.1019,0.53999996,1567133301375
tap2,59,690,756,755.30066,776.5955,1.12,1567133302192
tap2,369,483,1722,542.4977,1750.0885,0.76,1567133302927
tap2,353,966,1101,1054.024,1140.406,0.55,1567133303652
tap2,367,345,1722,396.63275,1758.0842,0.71999997,1567133304449
tap2,252,345,1101,453.58002,1151.4003,0.84,1567133305236
tap2,376,966,1722,934.1351,1734.0968,0.47,1567133305971
tap2,383,414,1791,417.6133,1795.0651,0.59999996,1567133306737
tap2,155,621,825,662.38666,878.5424,0.98999995,1567133307544
tap2,328,414,825,495.54117,878.5424,1.01,1567133308280
tap2,386,621,1791,689.3617,1868.027,0.51,1567133309036
tap2,55,690,825,710.3423,881.54083,1.02,1567133309843
tap2,384,483,1791,512.52545,1848.0375,0.48999998,1567133310578
tap2,327,483,825,561.4801,831.5669,1.05,1567133311467
tap2,387,690,1791,788.27014,1794.0656,0.42,1567133312263
