rotate2,2,0.8114624,3032.3818469999997
rotate2,2,-0.79849243,1410.051231
rotate2,13,-4.2179413,1438.293
rotate2,2,-1.0324478,2717.729385
rotate2,13,3.9000778,2739.793077
rotate2,8,0.6947632,3053.670384
rotate2,3,-2.5844269,3493.387616
rotate2,7,-0.45637512,3521.7506919999996
rotate2,12,1.7244263,2881.524846
rotate2,1,1.9609146,6527.905076999999
rotate2,11,0.8510208,2218.398462
rotate2,6,0.28912354,3361.461461
rotate2,10,-0.70310974,3657.874539
rotate2,5,-0.13316345,3319.2896929999997
rotate2,15,-0.3469162,3259.051462
rotate2,9,-1.8521576,4036.0605379999997
rotate2,4,0.83393097,4331.290231999999
rotate2,14,1.533493,4518.5209239999995
rotate2,2,1.0436859,3258.9036149999997
rotate2,13,1.0436859,32.066384
rotate2,8,-70.16309,314.443769
rotate2,2,2.0993423,3453.311077
rotate2,13,1.2238998,3852.4013849999997
rotate2,8,-44.022926,3545.450923
rotate2,3,0.29419708,3832.489
rotate2,7,-51.372864,2089.339462
rotate2,12,-0.9818039,3550.132847
rotate2,1,1.3458023,4096.527615999999
rotate2,11,0.59469604,3461.8029229999997
rotate2,6,0.8106384,3463.683385
rotate2,10,2.968567,3107.025384
rotate2,5,-103.03557,4657.453385
rotate2,15,-2.1908264,4882.0570769999995
rotate2,9,2.1610718,2944.4767699999998
rotate2,4,2.7259064,4364.150077
rotate2,14,-63.29535,1510.3785389999998
rotate2,14,5.9559326,1861.127769
rotate2,2,-1.1916199,2840.1060009999997
rotate2,13,3.4576263,3434.221
rotate2,8,3.1134033,3250.0564609999997
rotate2,3,-0.52915955,3105.902231
rotate2,7,0.7390137,3127.665462
rotate2,12,-0.9906845,2944.256539
rotate2,1,2.7757034,3903.8022309999997
rotate2,11,7.171112,3564.691923
rotate2,6,0.018119812,3115.795385
rotate2,10,-41.317978,2246.670154
rotate2,5,0.8084564,3352.483538
rotate2,15,-1.7268906,5282.4685389999995
rotate2,9,-0.74907684,2992.1859999999997
rotate2,4,-1.1163101,3443.2152309999997
rotate2,14,2.768921,2320.604077
rotate1,9,1.34725,1355.282923
rotate1,4,-0.2878523,1379.761385
rotate1,13,0.94997025,1369.7747689999999
rotate1,6,-3.3815918,1605.477692
rotate1,15,0.21079826,1093.549538
rotate1,2,0.67737675,1350.316769
rotate1,10,-1.2167082,1403.344692
rotate1,5,-2.1069002,1411.5969229999998
rotate1,14,-1.0940151,1493.0639999999999
rotate1,8,-4.610862,1624.579616
rotate1,11,-2.9372015,1462.128539
rotate1,7,-1.7436123,2811.050461
rotate1,1,2.2786121,1541.542538
rotate1,12,-0.77330494,1400.346769
rotate1,3,-0.40830517,1563.907769
tap2,6,138,480,204.81036,525.7262,1.28,1567580756645
tap2,7,759,1101,802.2572,1153.3993,1.0,1567580757394
tap2,8,138,1101,190.82332,1121.4159,1.14,1567580758282
tap2,9,759,480,821.2396,529.72406,1.13,1567580759395
tap2,164,0,687,95.911194,743.6127,0.96,1567580760407
tap2,183,621,1308,664.3848,1357.2931,0.91999996,1567580761428
tap2,182,0,1308,46.95652,1354.2946,0.81,1567580762377
tap2,163,621,687,717.3358,711.62933,1.15,1567580763205
tap2,242,345,66,437.59482,88.95367,1.13,1567580764329
tap2,243,552,1032,621.4246,1063.446,1.01,1567580765269
tap2,244,345,1032,422.6087,1069.443,1.11,1567580766055
tap2,245,552,66,650.39777,114.94013,1.17,1567580767097
tap2,42,69,411,141.86864,431.77512,1.28,1567580768068
tap2,43,690,1032,774.2831,1033.4617,1.01,1567580768905
tap2,45,690,411,764.2923,451.7647,1.1899999,1567580769712
tap2,44,69,1032,138.87141,1056.4497,1.02,1567580770601
tap2,322,345,756,406.6235,797.5846,1.12,1567580771438
tap2,321,483,1653,524.51434,1669.1306,1.02,1567580772388
tap2,316,345,1653,406.6235,1659.1359,1.05,1567580773359
tap2,323,483,756,528.5106,807.57935,0.97999996,1567580774227
tap2,2,138,549,212.80296,539.7189,1.25,1567580775106
tap2,3,759,1170,814.2461,1205.3722,1.01,1567580776260
tap2,4,138,1170,181.83163,1179.3857,1.06,1567580777241
tap2,5,759,549,828.2331,576.69965,1.1,1567580778201
tap2,11,759,1032,818.2424,1071.4419,0.79999995,1567580779141
tap2,10,138,411,240.77705,433.77408,0.96,1567580780204
tap2,12,138,1032,218.79741,1012.47266,1.09,1567580781082
tap2,13,759,411,852.21094,438.77145,1.13,1567580781971
tap2,15,759,963,848.2146,995.4815,0.95,1567580782799
tap2,14,138,342,223.79279,334.8256,1.29,1567580783994
tap2,17,759,342,860.2035,376.80374,1.13,1567580784944
tap2,16,138,963,191.82239,1025.4658,0.95,1567580785802
tap2,122,207,66,279.74097,75.960434,1.17,1567580787212
tap2,123,828,687,910.1573,743.6127,1.0699999,1567580788060
tap2,124,207,687,294.7271,711.62933,1.13,1567580788867
tap2,125,828,66,928.1406,111.941696,0.96999997,1567580790113
tap2,135,621,1170,694.35706,1194.3779,1.06,1567580791084
tap2,134,0,549,62.94172,543.7168,0.90999997,1567580792044
tap2,136,0,1170,68.93617,1184.383,0.93,1567580793139
tap2,137,621,549,712.34045,570.70276,1.0699999,1567580794108
tap2,130,69,66,156.85477,80.95783,1.03,1567580795047
tap2,131,690,687,771.2858,713.6283,1.14,1567580795906
tap2,133,690,66,743.31177,131.93129,1.27,1567580797070
tap2,132,69,687,137.87234,697.63666,1.05,1567580798000
tap2,127,759,687,856.2072,718.6257,1.13,1567580799001
tap2,126,138,66,234.78261,74.96095,1.3399999,1567580800983
tap2,128,138,687,210.80481,683.6439,1.15,1567580801831
tap2,129,759,66,851.21185,110.942215,1.11,1567580803139
tap2,18,138,273,224.79185,285.8511,1.0699999,1567580804079
tap2,19,759,894,814.2461,908.5268,0.64,1567580805009
tap2,20,138,894,190.82332,940.51013,1.04,1567580805826
tap2,21,759,273,858.2054,322.83185,1.03,1567580806919
tap2,35,828,1170,855.2081,1153.3993,0.66999996,1567580807930
tap2,34,207,549,268.75116,565.7053,1.11,1567580808839
tap2,36,207,1170,285.73544,1171.3899,0.94,1567580809677
tap2,37,828,549,901.1656,564.7059,1.06,1567580810729
tap2,26,138,135,226.79001,114.94013,1.02,1567580811588
tap2,27,759,756,855.2081,796.5851,1.02,1567580812568
tap2,28,138,756,165.84644,831.5669,1.01,1567580813417
tap2,29,759,135,817.2433,191.90005,1.11,1567580814356
tap2,43,690,1032,763.2933,1045.4554,0.84999996,1567580815296
tap2,42,69,411,144.86586,399.79178,1.2099999,1567580816298
tap2,45,690,411,758.29785,443.76886,0.90999997,1567580817166
tap2,44,69,1032,128.88066,1063.446,0.87,1567580818085
tap2,24,138,825,217.79834,863.55023,0.83,1567580819015
tap2,25,759,204,846.2165,225.88235,1.03,1567580820067
tap2,22,138,204,220.79556,233.87819,1.15,1567580821079
tap2,23,759,825,829.2322,844.5601,1.02,1567580822489
tap2,38,69,480,141.86864,467.75638,1.11,1567580823480
tap2,39,690,1101,729.3247,1150.4008,0.85999995,1567580824471
tap2,40,69,1101,147.8631,1119.417,0.96999997,1567580825278
tap2,41,690,480,769.2877,484.74753,1.06,1567580826024
tap2,33,690,549,780.2775,576.69965,1.05,1567580826862
tap2,32,69,1170,161.85014,1176.3873,0.96999997,1567580827740
tap2,30,69,549,156.85477,574.7007,1.06,1567580828803
tap2,31,690,1170,761.2951,1171.3899,0.82,1567580829763
tap2,46,69,342,150.86032,369.80737,0.96,1567580830642
tap2,47,690,963,751.3043,989.4846,0.81,1567580831480
tap2,48,69,963,162.84921,998.4799,0.9,1567580832297
tap2,49,690,342,790.26825,387.798,0.7,1567580833268
tap2,108,276,963,334.6901,973.4929,1.1,1567580834157
tap2,231,897,1584,871.19336,1551.192,0.59999996,1567580835148
tap2,230,276,1584,347.67807,1597.1681,0.90999997,1567580836120
tap2,107,897,963,989.08417,974.49243,1.01,1567580837161
tap2,143,621,1032,659.38947,1008.47473,1.0,1567580838152
tap2,232,0,1653,47.955597,1646.1426,0.65,1567580839204
tap2,233,621,1653,692.35895,1700.1145,0.72999996,1567580840216
tap2,144,0,1032,60.943573,1044.4559,0.95,1567580841135
tap2,44,69,1032,138.87141,983.48773,1.16,1567580841973
tap2,235,690,1653,755.30066,1676.127,0.90999997,1567580843036
tap2,43,690,1032,804.2553,1021.46796,0.88,1567580843771
tap2,234,69,1653,137.87234,1719.1046,0.83,1567580844744
tap2,12,138,1032,243.77429,1069.443,1.04,1567580845702
tap2,237,759,1653,817.2433,1667.1317,1.01,1567580846816
tap2,11,759,1032,849.2137,1027.4648,1.1,1567580847582
tap2,236,138,1653,214.80112,1600.1665,0.93,1567580848481
tap2,238,207,1653,296.72525,1686.1218,1.03,1567580849350
tap2,67,828,1032,918.14984,1034.4612,1.02,1567580850218
tap2,68,207,1032,259.7595,1016.4706,1.0799999,1567580851117
tap2,239,828,1653,892.1739,1664.1332,0.84999996,1567580852037
tap2,104,276,1032,348.67715,1016.4706,1.15,1567580852875
tap2,241,897,1653,949.1212,1610.1614,0.71,1567580853805
tap2,240,276,1653,364.66235,1662.1343,1.0799999,1567580854826
tap2,103,897,1032,972.0999,1010.4737,1.06,1567580855797
tap2,50,69,273,170.84181,319.8334,1.3399999,1567580856891
tap2,51,690,894,760.296,920.52057,1.1,1567580857902
tap2,52,69,894,156.85477,923.519,1.26,1567580859006
tap2,53,690,273,780.2775,319.8334,1.1999999,1567580861040
tap2,55,690,825,794.2646,827.569,1.1899999,1567580861989
tap2,54,69,204,140.86957,201.89484,1.38,1567580863563
tap2,56,69,825,126.882515,838.56323,1.0,1567580864626
tap2,57,690,204,751.3043,231.87923,1.27,1567580866312
tap2,59,690,756,783.2748,783.59186,1.09,1567580868222
tap2,58,69,135,160.85106,180.90578,1.3,1567580869285
tap2,61,690,135,762.2942,171.91046,1.18,1567580870225
tap2,60,69,756,170.84181,806.5799,0.98999995,1567580871042
tap2,62,207,480,244.77336,527.72516,1.35,1567580871880
tap2,63,828,1101,863.20074,1135.4086,1.01,1567580872810
tap2,64,207,1101,258.7604,1117.418,1.13,1567580873586
tap2,65,828,480,943.1267,523.72723,0.77,1567580874353
tap2,290,345,480,419.61148,542.71735,1.35,1567580875140
tap2,291,552,1446,630.41626,1475.2316,1.09,1567580875947
tap2,293,552,480,648.39966,515.7314,1.2099999,1567580876682
tap2,292,345,1446,404.62534,1445.2472,1.0699999,1567580877459
tap2,141,621,480,724.32935,519.7293,1.12,1567580878164
tap2,295,414,1446,450.5828,1487.2253,1.12,1567580878971
tap2,294,414,480,468.56613,501.73868,1.36,1567580879850
tap2,203,621,1446,672.37744,1440.2499,0.89,1567580880596
tap2,297,483,1446,533.50604,1501.218,1.14,1567580881434
tap2,41,690,480,793.2655,496.74127,1.13,1567580882231
tap2,296,483,480,566.47546,506.73605,1.3,1567580883089
tap2,205,690,1446,748.3071,1461.2389,1.1,1567580883835
tap2,319,414,1653,489.54672,1649.141,1.06,1567580884652
tap2,325,552,756,645.4024,821.5721,1.16,1567580885408
tap2,324,414,756,522.5162,812.5768,1.12,1567580886185
tap2,315,552,1653,618.42737,1651.14,1.03,1567580887033
tap2,298,345,549,388.64014,542.71735,1.3199999,1567580887799
tap2,299,552,1515,601.4431,1510.2134,1.1,1567580888565
tap2,301,552,549,614.4311,569.70325,1.27,1567580889291
tap2,300,345,1515,400.62906,1501.218,1.13,1567580890077
tap2,326,345,825,435.59668,844.5601,1.27,1567580890793
tap2,256,483,135,584.45886,163.91463,1.35,1567580891804
tap2,250,345,135,431.60037,106.9443,1.41,1567580892703
tap2,327,483,825,571.4709,866.54865,1.28,1567580893480
tap2,67,828,1032,919.1489,1081.4368,1.0699999,1567580894256
tap2,66,207,411,283.73727,448.76627,1.35,1567580895135
tap2,68,207,1032,303.71878,1037.4596,1.29,1567580895932
tap2,69,828,411,922.1462,480.7496,1.26,1567580896760
tap2,72,207,963,245.77243,995.4815,1.22,1567580897475
tap2,73,828,342,889.1767,430.77563,1.17,1567580898262
tap2,70,207,342,277.74283,386.79852,1.4,1567580899100
tap2,71,828,963,910.1573,983.48773,1.03,1567580899948
tap2,76,207,894,248.76965,961.4992,1.24,1567580900775
tap2,77,828,273,891.17487,332.82663,1.16,1567580901552
tap2,74,207,273,300.72156,322.83185,1.35,1567580902349
tap2,75,828,894,915.15265,873.545,1.11,1567580903105
tap2,80,207,825,291.7299,861.5513,1.31,1567580903902
tap2,81,828,204,874.19055,274.85684,1.18,1567580904760
tap2,78,207,204,276.74374,218.88599,1.38,1567580905628
tap2,79,828,825,913.1545,796.5851,1.09,1567580906384
tap2,84,207,756,284.73636,840.5622,1.1899999,1567580907263
tap2,85,828,135,892.1739,207.89172,1.29,1567580908101
tap2,82,207,135,274.7456,188.90161,1.28,1567580908990
tap2,83,828,756,880.185,797.5846,1.12,1567580909726
tap2,89,621,618,661.38763,683.6439,1.18,1567580910502
tap2,88,0,1239,141.86864,1245.3513,0.88,1567580911361
tap2,87,621,1239,704.34784,1230.3591,1.09,1567580912393
tap2,86,0,618,55.948196,601.6866,0.77,1567580913251
tap2,305,483,1515,545.49493,1506.2155,0.52,1567580914058
tap2,33,690,549,765.2914,560.70795,1.27,1567580914886
tap2,304,483,549,584.45886,489.7449,1.25,1567580915550
tap2,215,690,1515,726.32745,1581.1764,0.96,1567580916408
tap2,309,552,618,616.42926,644.66425,1.1899999,1567580917175
tap2,308,345,1584,405.62442,1610.1614,0.97999996,1567580917972
tap2,307,552,1584,618.42737,1605.164,1.06,1567580918799
tap2,306,345,618,425.60593,617.6783,1.13,1567580919658
tap2,258,345,204,424.60684,232.87871,1.4599999,1567580920588
tap2,331,483,894,552.48846,931.51483,1.15,1567580921323
tap2,330,345,894,382.6457,904.5289,1.26,1567580922038
tap2,264,483,204,573.469,259.86465,1.27,1567580922927
tap2,223,621,1584,700.3515,1591.1713,0.84,1567580923755
tap2,310,414,618,497.5393,679.646,1.18,1567580924521
tap2,89,621,618,703.34875,633.6699,1.1899999,1567580925288
tap2,311,414,1584,494.54208,1614.1593,1.01,1567580926146
tap2,261,552,204,642.4052,238.87558,1.24,1567580927076
tap2,322,345,756,435.59668,730.61945,1.22,1567580927894
tap2,262,414,204,505.53192,261.86362,1.37,1567580928783
tap2,333,552,894,628.41815,908.5268,1.1899999,1567580929498
tap2,312,483,618,580.4625,651.6606,1.31,1567580930244
tap2,225,690,1584,753.3025,1592.1707,0.90999997,1567580931163
tap2,93,690,618,755.30066,628.67255,1.12,1567580931909
tap2,313,483,1584,541.4986,1594.1697,1.09,1567580932757
tap2,91,690,1239,757.2988,1307.3191,0.96,1567580933503
tap2,90,69,618,147.8631,572.7017,1.16,1567580934474
tap2,93,690,618,765.2914,646.6632,1.11,1567580935281
tap2,92,69,1239,155.85568,1257.3451,1.02,1567580936211
tap2,108,276,963,358.6679,1009.4742,1.1899999,1567580937028
tap2,109,897,342,945.1249,371.80634,1.04,1567580937825
tap2,106,276,342,333.69104,382.80063,1.18,1567580938765
tap2,107,897,963,967.10455,1001.4784,1.04,1567580939869
tap2,100,276,1101,352.67346,1121.4159,1.13,1567580940645
tap2,101,897,480,1005.0694,546.7152,0.89,1567580941473
tap2,99,897,1101,947.12305,1145.4034,0.82,1567580942464
tap2,98,276,480,341.68362,510.73398,1.35,1567580943435
tap2,105,897,411,984.0888,417.7824,1.18,1567580944201
tap2,104,276,1032,336.68826,1051.4524,1.17,1567580945070
tap2,102,276,411,340.68454,465.75742,1.2099999,1567580945979
tap2,103,897,1032,969.10266,1062.4467,1.05,1567580946888
tap2,97,897,549,974.0981,602.6861,1.14,1567580947692
tap2,96,276,1170,341.68362,1167.392,1.1999999,1567580948533
tap2,94,276,549,355.6707,620.6767,1.0799999,1567580949371
tap2,95,897,1170,969.10266,1206.3717,0.84999996,1567580950239
tap2,111,897,894,935.13416,896.533,1.05,1567580951046
tap2,110,276,273,346.67902,306.84018,1.36,1567580951854
tap2,112,276,894,327.6966,937.5117,1.27,1567580952692
tap2,113,897,273,973.099,290.8485,1.1999999,1567580953529
tap2,116,276,825,367.65958,861.5513,1.3299999,1567580954326
tap2,117,897,204,993.0805,249.86986,1.29,1567580955215
tap2,114,276,204,350.6753,250.86934,1.41,1567580956084
tap2,115,897,825,969.10266,887.5377,1.04,1567580956932
tap2,119,897,756,975.09717,786.5903,1.11,1567580957810
tap2,118,276,135,351.67438,171.91046,1.3299999,1567580958730
tap2,121,897,135,965.1064,222.88391,1.18,1567580959619
tap2,120,276,756,354.6716,801.5825,1.1,1567580960478
tap2,152,0,894,98.90842,966.4966,1.18,1567580961336
tap2,213,621,1515,658.3904,1523.2067,1.11,1567580962112
tap2,212,0,1515,104.90287,1463.2379,1.1,1567580963012
tap2,151,621,894,694.35706,940.51013,1.25,1567580963788
tap2,56,69,825,198.81592,839.5627,1.1999999,1567580964585
tap2,205,690,1446,756.29974,1454.2426,1.04,1567580965311
tap2,204,69,1446,133.87604,1420.2603,1.01,1567580966098
tap2,55,690,825,769.2877,833.56586,1.17,1567580966844
tap2,24,138,825,215.80019,798.58405,1.1999999,1567580967579
tap2,207,759,1446,815.2451,1447.2462,0.84,1567580968356
tap2,206,138,1446,192.82146,1475.2316,1.14,1567580969194
tap2,23,759,825,806.2535,817.57416,1.1899999,1567580969878
tap2,80,207,825,242.7752,820.5726,1.25,1567580970614
tap2,209,828,1446,900.1665,1464.2373,0.68,1567580971319
tap2,208,207,1446,260.75854,1427.2566,1.15,1567580972045
tap2,79,828,825,905.16187,874.5445,1.13,1567580972740
tap2,115,897,825,973.099,855.5544,1.16,1567580973782
tap2,210,276,1446,321.70212,1508.2145,1.02,1567580974599
tap2,116,276,825,343.68176,892.5351,1.28,1567580975345
tap2,211,897,1446,933.136,1446.2467,0.90999997,1567580976204
tap2,203,621,1446,673.3765,1478.2301,0.87,1567580976929
tap2,156,0,825,98.90842,861.5513,1.23,1567580977900
tap2,202,0,1446,68.93617,1490.2238,1.01,1567580978932
tap2,155,621,825,687.3635,848.55804,1.2099999,1567580979719
tap2,52,69,894,150.86032,908.5268,1.28,1567580980526
tap2,215,690,1515,728.3256,1520.2081,0.98999995,1567580981374
tap2,51,690,894,784.2738,905.5283,1.0799999,1567580982059
tap2,214,69,1515,119.88899,1500.2186,1.12,1567580982896
tap2,216,138,1515,201.81314,1547.1941,1.03,1567580983683
tap2,19,759,894,858.2054,935.51276,1.16,1567580984511
tap2,217,759,1515,838.2239,1499.2191,0.78999996,1567580985298
tap2,20,138,894,232.78445,942.5091,1.23,1567580986074
tap2,141,621,480,710.3423,499.73972,1.28,1567580986882
tap2,140,0,1101,119.88899,1121.4159,1.01,1567580987740
tap2,138,0,480,64.93987,477.75116,1.12,1567580989058
tap2,139,621,1101,692.35895,1069.443,0.95,1567580989814
tap2,142,0,411,72.93247,454.76312,1.26,1567580990928
tap2,143,621,1032,701.3506,1020.4685,1.12,1567580991684
tap2,144,0,1032,108.89917,1075.4398,1.15,1567580992543
tap2,145,621,411,702.3497,414.78397,1.36,1567580993421
tap2,148,0,963,74.93062,987.48566,1.11,1567580994208
tap2,149,621,342,676.3737,342.82144,1.1,1567580994995
tap2,147,621,963,702.3497,1011.47314,1.09,1567580995822
tap2,146,0,342,78.92692,378.8027,1.27,1567580996732
tap2,153,621,273,737.3173,299.8438,1.36,1567580997437
tap2,152,0,894,82.92322,896.533,1.25,1567580998265
tap2,150,0,273,79.925995,294.84644,1.27,1567580999307
tap2,151,621,894,706.346,926.5174,1.09,1567581000114
tap2,266,345,273,415.61517,290.8485,1.24,1567581000962
tap2,267,552,1239,658.3904,1270.3384,1.05,1567581001759
tap2,269,552,273,636.4107,299.8438,1.38,1567581002638
tap2,268,345,1239,373.65402,1266.3405,1.18,1567581003374
tap2,271,414,1239,512.52545,1206.3717,1.16,1567581004079
tap2,153,621,273,681.3691,284.85162,1.3199999,1567581004968
tap2,270,414,273,512.52545,245.87193,1.4699999,1567581005693
tap2,87,621,1239,684.36633,1281.3326,1.16,1567581006439
tap2,91,690,1239,766.29047,1224.3623,1.12,1567581007215
tap2,272,483,273,587.45605,326.82977,1.31,1567581007951
tap2,273,483,1239,538.5014,1207.3711,1.14,1567581008707
tap2,53,690,273,775.28217,287.85007,1.3299999,1567581009473
tap2,277,552,342,643.40424,394.79437,1.3199999,1567581010260
tap2,276,345,1308,446.5865,1330.3071,1.14,1567581011108
tap2,274,345,342,424.60684,376.80374,1.28,1567581011936
tap2,275,552,1308,616.42926,1287.3295,1.11,1567581012671
tap2,183,621,1308,710.3423,1302.3217,1.1,1567581013407
tap2,278,414,342,534.50507,397.79282,1.24,1567581014214
tap2,149,621,342,689.3617,403.78967,1.41,1567581014920
tap2,279,414,1308,469.56522,1355.2941,1.18,1567581015727
tap2,281,483,1308,563.4783,1353.2952,1.14,1567581016411
tap2,49,690,342,773.284,347.81885,1.4,1567581017178
tap2,280,483,342,568.47363,323.83133,1.37,1567581017924
tap2,185,690,1308,711.3414,1344.2998,1.04,1567581018710
tap2,156,0,825,79.925995,821.5721,1.26,1567581019630
tap2,157,621,204,728.3256,234.87766,1.35,1567581020335
tap2,155,621,825,703.34875,860.55176,1.2099999,1567581021101
tap2,154,0,204,103.90379,229.88026,1.3299999,1567581022460
tap2,158,0,135,105.90195,180.90578,1.54,1567581023267
tap2,159,621,756,729.3247,832.56635,1.11,1567581024064
tap2,160,0,756,37.964848,756.6059,0.59999996,1567581024923
tap2,161,621,135,690.3608,151.92087,1.37,1567581025914
tap2,162,0,66,99.90749,84.95575,1.12,1567581027038
tap2,163,621,687,719.334,739.61475,1.17,1567581027886
tap2,164,0,687,93.91304,686.64233,1.36,1567581028755
tap2,165,621,66,665.3839,120.93701,1.38,1567581029735
tap2,169,897,66,996.0777,99.947945,1.26,1567581030553
tap2,168,276,687,328.69565,701.6345,1.2099999,1567581031381
tap2,166,276,66,321.70212,73.96148,1.28,1567581032280
tap2,167,897,687,951.1193,690.64026,0.97999996,1567581033067
tap2,170,138,618,213.80203,661.6554,1.36,1567581033874
tap2,171,759,1239,802.2572,1233.3575,0.79999995,1567581034620
tap2,173,759,618,852.21094,666.6528,1.27,1567581035386
tap2,172,138,1239,228.78816,1225.3618,1.3,1567581036204
tap2,177,828,618,905.16187,643.66473,1.2099999,1567581037154
tap2,176,207,1239,256.76227,1265.341,1.2099999,1567581037941
tap2,174,207,618,307.7151,679.646,1.29,1567581038646
tap2,175,828,1239,902.1647,1221.3639,0.96999997,1567581039463
tap2,133,690,66,732.3219,148.92244,1.4499999,1567581040567
tap2,249,483,1032,565.47644,1069.443,1.17,1567581041354
tap2,43,690,1032,777.2803,964.4976,1.13,1567581042099
tap2,248,483,66,552.48846,90.95263,1.38,1567581042897
tap2,251,552,1101,603.4413,1124.4143,1.11,1567581043693
tap2,250,345,135,451.58188,116.939095,1.54,1567581044470
tap2,252,345,1101,396.63275,1056.4497,1.3199999,1567581045247
tap2,253,552,135,615.4302,153.91983,1.52,1567581046033
tap2,254,414,135,474.5606,207.89172,1.49,1567581046841
tap2,139,621,1101,721.3321,1144.4039,1.15,1567581047658
tap2,161,621,135,710.3423,163.91463,1.26,1567581048414
tap2,255,414,1101,453.58002,1100.4269,1.2099999,1567581049201
tap2,178,276,618,400.62906,650.6611,1.1899999,1567581049927
tap2,179,897,1239,961.1101,1240.354,0.84999996,1567581050682
tap2,181,897,618,935.13416,594.69025,1.16,1567581051418
tap2,180,276,1239,344.68085,1251.3483,1.12,1567581052226
tap2,132,69,687,152.85846,688.6413,1.17,1567581052982
tap2,185,690,1308,774.2831,1299.3232,1.1,1567581053748
tap2,184,69,1308,165.84644,1295.3253,1.14,1567581054504
tap2,131,690,687,777.2803,700.6351,1.24,1567581055301
tap2,127,759,687,826.235,681.64496,1.22,1567581056108
tap2,187,759,1308,836.2257,1348.2977,1.05,1567581056946
tap2,186,138,1308,197.81683,1312.3165,1.15,1567581057733
tap2,126,138,66,216.79926,76.959915,1.5699999,1567581059255
tap2,123,828,687,913.1545,644.66425,1.11,1567581059991
tap2,188,207,1308,264.75485,1350.2966,1.22,1567581060799
tap2,124,207,687,278.7419,755.60645,1.29,1567581061586
tap2,189,828,1308,900.1665,1258.3446,1.01,1567581062393
tap2,317,552,687,650.39777,720.62463,1.25,1567581063026
tap2,316,345,1653,385.6429,1601.166,1.13,1567581063823
tap2,314,345,687,434.5976,674.6486,1.3199999,1567581064559
tap2,315,552,1653,591.4524,1622.155,1.01,1567581065315
tap2,266,345,273,408.62164,267.86047,1.3199999,1567581066092
tap2,335,483,963,537.5023,975.4919,1.3399999,1567581066838
tap2,272,483,273,589.4542,288.84955,1.37,1567581067594
tap2,334,345,963,416.61426,966.4966,1.36,1567581068340
tap2,318,414,687,496.54025,682.6444,1.3299999,1567581069075
tap2,233,621,1653,664.3848,1686.1218,1.11,1567581069913
tap2,163,621,687,735.31915,722.6236,1.25,1567581070608
tap2,319,414,1653,486.5495,1675.1274,1.0799999,1567581071426
tap2,269,552,273,609.4357,291.848,1.4399999,1567581072192
tap2,336,414,963,512.52545,919.52106,1.1899999,1567581072897
tap2,337,552,963,647.4006,1032.4623,1.17,1567581073633
tap2,270,414,273,469.56522,266.861,1.42,1567581074451
tap2,168,276,687,359.667,658.6569,1.38,1567581075207
tap2,191,897,1308,939.13043,1345.2993,0.98999995,1567581075973
tap2,167,897,687,910.1573,739.61475,1.23,1567581076719
tap2,190,276,1308,358.6679,1304.3207,1.11,1567581077557
tap2,192,0,1377,116.89177,1359.292,1.25,1567581078364
tap2,160,0,756,110.897316,764.60175,1.22,1567581079151
tap2,193,621,1377,677.3728,1413.2639,1.15,1567581080050
tap2,159,621,756,703.34875,761.60333,1.22,1567581080694
tap2,194,69,1377,101.90564,1400.2706,1.24,1567581081511
tap2,59,690,756,757.2988,783.59186,1.23,1567581082186
tap2,60,69,756,155.85568,762.6028,1.36,1567581082901
tap2,195,690,1377,733.321,1307.3191,0.59999996,1567581083596
tap2,28,138,756,243.77429,833.56586,1.3299999,1567581084413
tap2,197,759,1377,858.2054,1356.2936,1.0699999,1567581085118
tap2,27,759,756,787.27106,799.58356,1.17,1567581085895
tap2,196,138,1377,214.80112,1399.2711,1.06,1567581086723
tap2,84,207,756,261.75763,803.5814,1.37,1567581087509
tap2,199,828,1377,913.1545,1328.3081,1.02,1567581088286
tap2,83,828,756,893.173,812.5768,1.14,1567581089062
tap2,198,207,1377,266.75302,1384.2789,1.15,1567581089778
tap2,200,276,1377,338.6864,1333.3055,1.23,1567581090483
tap2,119,897,756,942.1277,735.6168,1.14,1567581091372
tap2,120,276,756,368.65866,775.596,1.3399999,1567581092138
tap2,201,897,1377,917.1508,1408.2665,0.95,1567581092864
tap2,242,345,66,398.6309,96.9495,1.49,1567581094356
tap2,347,966,687,1017.0583,700.6351,0.98999995,1567581095152
tap2,338,966,66,1025.0509,130.93181,1.06,1567581096297
tap2,314,345,687,375.65216,691.6398,1.29,1567581097084
tap2,322,345,756,418.6124,790.5882,1.37,1567581097840
tap2,339,966,135,1032.0444,152.92035,0.98999995,1567581098616
tap2,348,966,756,976.0962,725.6221,1.12,1567581099424
tap2,250,345,135,434.5976,208.8912,1.22,1567581100272
tap2,258,345,204,405.62442,224.88287,1.39,1567581101181
tap2,349,966,825,1024.0518,861.5513,0.91999996,1567581101967
tap2,340,966,204,1038.0388,220.88495,0.87,1567581102723
tap2,326,345,825,387.64108,862.5507,1.3299999,1567581103511
tap2,330,345,894,443.58926,888.5372,1.2099999,1567581104226
tap2,341,966,273,1028.0481,292.84747,0.98999995,1567581104982
tap2,266,345,273,433.5985,272.85788,1.42,1567581105687
tap2,350,966,894,974.0981,834.5653,0.96999997,1567581106423
tap2,76,207,894,285.73544,906.52783,1.22,1567581107220
tap2,219,828,1515,890.1758,1527.2046,0.87,1567581107976
tap2,218,207,1515,261.75763,1508.2145,1.23,1567581108804
tap2,75,828,894,881.1841,896.533,1.1899999,1567581109468
tap2,220,276,1515,288.73267,1519.2087,1.1999999,1567581110255
tap2,111,897,894,971.1008,888.5372,1.11,1567581110929
tap2,112,276,894,396.63275,913.5242,1.3199999,1567581111603
tap2,221,897,1515,918.14984,1475.2316,0.85999995,1567581112237
tap2,225,690,1584,767.28955,1623.1545,0.96999997,1567581113146
tap2,48,69,963,143.86679,981.4888,1.23,1567581113913
tap2,47,690,963,773.284,929.51587,1.15,1567581114516
tap2,224,69,1584,159.85199,1548.1936,1.14,1567581115364
tap2,165,621,66,677.3728,98.94846,1.42,1567581116590
tap2,247,414,1032,492.54395,1063.446,1.16,1567581117377
tap2,143,621,1032,733.321,1068.4435,1.15,1567581118102
tap2,246,414,66,515.52264,118.93805,1.51,1567581118960
tap2,15,759,963,864.1998,980.4893,1.04,1567581119676
tap2,226,138,1584,191.82239,1603.165,1.17,1567581120534
tap2,227,759,1584,814.2461,1595.1692,0.95,1567581121352
tap2,16,138,963,196.81776,1003.47736,1.27,1567581122036
tap2,72,207,963,284.73636,973.4929,1.28,1567581122752
tap2,229,828,1584,877.1878,1565.1848,1.06,1567581123610
tap2,71,828,963,920.148,974.49243,1.06,1567581124386
tap2,228,207,1584,252.76596,1600.1665,1.14,1567581125225
tap2,242,345,66,445.58743,88.95367,1.28,1567581126400
tap2,243,552,1032,610.4348,974.49243,1.12,1567581127125
tap2,244,345,1032,448.58466,1028.4644,1.16,1567581127840
tap2,245,552,66,593.4505,102.94638,1.49,1567581128831
tap2,148,0,963,90.91582,962.49866,1.23,1567581129700
tap2,223,621,1584,702.3497,1592.1707,1.0,1567581130456
tap2,147,621,963,729.3247,990.4841,1.25,1567581131202
tap2,222,0,1584,91.914894,1572.1812,1.14,1567581132020
tap2,252,345,1101,400.62906,1157.3972,1.29,1567581132684
tap2,344,966,480,982.09064,502.73816,1.24,1567581133430
tap2,290,345,480,431.60037,469.7553,1.42,1567581134115
tap2,353,966,1101,1046.0315,1067.444,0.71999997,1567581135024
tap2,345,966,549,1034.0426,560.70795,0.88,1567581135719
tap2,260,345,1170,359.667,1173.3888,1.29,1567581136506
tap2,354,966,1170,1003.0712,1174.3883,1.04,1567581137773
tap2,298,345,549,443.58926,557.70953,1.25,1567581138499
tap2,346,966,618,1028.0481,641.6658,0.93,1567581139367
tap2,268,345,1239,402.6272,1254.3467,1.09,1567581140174
tap2,355,966,1239,982.09064,1219.3649,0.9,1567581140828
tap2,306,345,618,424.60684,664.6538,1.37,1567581141554
tap2,314,345,687,386.642,735.6168,1.35,1567581142382
tap2,356,966,1308,1038.0388,1322.3113,0.75,1567581143158
tap2,347,966,687,986.087,726.6215,1.18,1567581143914
tap2,276,345,1308,378.6494,1342.3009,1.23,1567581144701
tap2,257,483,1101,573.469,1064.4456,1.1999999,1567581145386
tap2,61,690,135,760.296,133.93024,1.38,1567581146142
tap2,39,690,1101,754.3016,1093.4304,1.02,1567581146878
tap2,256,483,135,527.5116,148.92244,1.3299999,1567581147777
tap2,258,345,204,435.59668,219.88547,1.41,1567581148677
tap2,259,552,1170,618.42737,1233.3575,1.1999999,1567581149463
tap2,260,345,1170,417.6133,1165.393,1.2099999,1567581150199
tap2,261,552,204,617.4283,224.88287,1.4599999,1567581151109
tap2,157,621,204,715.33765,194.89848,1.29,1567581151824
tap2,263,414,1170,471.56335,1184.383,1.18,1567581152611
tap2,262,414,204,495.54117,197.89693,1.52,1567581153459
tap2,135,621,1170,676.3737,1121.4159,1.13,1567581154195
tap2,244,345,1032,405.62442,1114.4196,1.17,1567581154982
tap2,361,966,1653,965.1064,1694.1176,1.02,1567581155901
tap2,352,966,1032,1007.0675,1067.444,1.04,1567581156739
tap2,316,345,1653,348.67715,1670.1301,1.14,1567581157700
tap2,282,345,411,415.61517,400.79126,1.42,1567581158589
tap2,283,552,1377,622.4237,1332.306,1.09,1567581159375
tap2,284,345,1377,407.62256,1401.2701,1.09,1567581160142
tap2,285,552,411,607.43756,467.75638,1.26,1567581161021
tap2,145,621,411,738.3164,405.78864,1.31,1567581161747
tap2,287,414,1377,484.55133,1432.254,1.16,1567581162564
tap2,193,621,1377,683.36725,1384.2789,1.13,1567581163228
tap2,286,414,411,503.53375,471.75427,1.3399999,1567581164066
tap2,288,483,411,583.4598,423.77927,1.3299999,1567581164781
tap2,195,690,1377,771.2858,1414.2634,1.14,1567581165609
tap2,289,483,1377,552.48846,1357.2931,1.16,1567581166294
tap2,45,690,411,746.30896,452.76416,1.3399999,1567581167091
tap2,31,690,1170,754.3016,1194.3779,1.09,1567581167898
tap2,264,483,204,546.494,188.90161,1.4699999,1567581168654
tap2,57,690,204,756.29974,226.88182,1.3199999,1567581169441
tap2,265,483,1170,536.50323,1178.3862,1.18,1567581170228
tap2,300,345,1515,430.6013,1456.2415,1.14,1567581170953
tap2,350,966,894,996.0777,877.5429,1.0799999,1567581172190
tap2,330,345,894,359.667,876.54346,1.25,1567581172895
tap2,359,966,1515,928.1406,1444.2478,0.94,1567581173590
tap2,351,966,963,1019.05646,998.4799,1.0,1567581174336
tap2,308,345,1584,383.64478,1569.1827,1.15,1567581175082
tap2,360,966,1584,975.09717,1598.1676,0.75,1567581175950
tap2,334,345,963,420.61053,983.48773,1.3199999,1567581176717
tap2,137,621,549,724.32935,561.70746,1.3199999,1567581177350
tap2,303,414,1515,478.5569,1496.2207,1.13,1567581178086
tap2,213,621,1515,741.3136,1428.2561,0.87,1567581178812
tap2,302,414,549,516.5217,574.7007,1.3199999,1567581179548
tap2,254,414,135,550.4903,190.90057,1.25,1567581180324
tap2,329,552,825,660.38855,800.583,1.18,1567581180988
tap2,253,552,135,656.3922,172.90994,1.3199999,1567581181704
tap2,328,414,825,515.52264,863.55023,1.3,1567581182419
tap2,334,345,963,427.60406,934.51324,1.31,1567581183104
tap2,342,966,342,1004.0703,423.77927,1.22,1567581183891
tap2,274,345,342,393.63553,373.8053,1.4699999,1567581184647
tap2,351,966,963,1022.05365,967.4961,0.90999997,1567581185372
tap2,282,345,411,411.61887,434.77356,1.4,1567581186119
tap2,352,966,1032,1016.0592,1008.47473,0.81,1567581186711
tap2,343,966,411,987.08606,401.7907,1.3,1567581187529
tap2,244,345,1032,414.6161,1031.4628,1.23,1567581188204
tap2,322,345,756,440.59204,788.58923,1.4399999,1567581188939
tap2,357,966,1377,1001.07306,1326.3092,0.98999995,1567581189685
tap2,348,966,756,1029.0472,786.5903,0.9,1567581190431
tap2,284,345,1377,373.65402,1361.291,1.28,1567581191167
tap2,292,345,1446,396.63275,1436.252,1.23,1567581191862
tap2,349,966,825,1036.0406,805.5804,0.85999995,1567581192781
tap2,326,345,825,405.62442,847.55853,1.4,1567581193487
tap2,358,966,1446,978.09436,1464.2373,0.94,1567581194212
tap2,131,690,687,818.2424,643.66473,1.3,1567581194887
tap2,321,483,1653,562.4792,1642.1447,1.16,1567581195684
tap2,320,483,687,547.49304,692.6392,1.3399999,1567581196450
tap2,235,690,1653,733.321,1604.1644,1.06,1567581197196
tap2,362,0,1722,74.93062,1674.128,1.17,1567581198106
tap2,139,621,1101,678.3719,1161.395,1.15,1567581198790
tap2,140,0,1101,144.86586,1098.4279,1.0699999,1567581199526
tap2,371,621,1722,718.3349,1699.115,1.1,1567581200354
tap2,39,690,1101,744.31085,1076.4393,1.26,1567581201059
tap2,363,69,1722,103.90379,1657.1368,1.25,1567581201805
tap2,372,690,1722,713.3395,1677.1265,1.03,1567581202449
tap2,40,69,1101,147.8631,1107.4232,1.29,1567581203133
tap2,136,0,1170,84.92137,1211.369,1.25,1567581203941
tap2,386,621,1791,683.36725,1793.066,1.11,1567581204676
tap2,135,621,1170,668.3811,1215.367,1.27,1567581205331
tap2,377,0,1791,121.887146,1775.0754,1.11,1567581206220
tap2,31,690,1170,760.296,1261.343,1.16,1567581207027
tap2,378,69,1791,166.84552,1714.1072,1.17,1567581207824
tap2,32,69,1170,142.86772,1270.3384,1.25,1567581208582
tap2,387,690,1791,727.32654,1622.155,1.06,1567581209449
tap2,8,138,1101,264.75485,1092.431,1.29,1567581210185
tap2,373,759,1722,791.26733,1738.0947,1.0699999,1567581210920
tap2,7,759,1101,734.32007,1059.4481,1.24,1567581211881
tap2,364,138,1722,198.81592,1704.1124,1.12,1567581212678
tap2,374,828,1722,854.20905,1667.1317,1.02,1567581213362
tap2,64,207,1101,348.67715,1172.3894,1.27,1567581213996
tap2,365,207,1722,251.76688,1697.1161,1.13,1567581214722
tap2,63,828,1101,882.18317,1125.4138,1.27,1567581215457
tap2,379,138,1791,120.88807,1822.051,1.15,1567581216223
tap2,3,759,1170,829.2322,1158.3966,1.18,1567581216908
tap2,4,138,1170,229.78723,1190.38,1.31,1567581217593
tap2,388,759,1791,808.25165,1753.0869,0.93,1567581218278
tap2,380,207,1791,312.71045,1760.0833,1.14,1567581218993
tap2,35,828,1170,886.17944,1176.3873,1.2099999,1567581219698
tap2,389,828,1791,868.1961,1762.0822,0.91999996,1567581220485
tap2,36,207,1170,282.73822,1195.3773,1.24,1567581221170
tap2,100,276,1101,373.65402,1097.4283,1.31,1567581221936
tap2,375,897,1722,959.11194,1732.0978,0.96,1567581222703
tap2,99,897,1101,985.0879,1092.431,1.16,1567581223929
tap2,366,276,1722,341.68362,1722.103,1.22,1567581225707
tap2,368,414,1722,479.55597,1697.1161,1.12,1567581226392
tap2,159,621,756,633.4135,822.57153,1.36,1567581227189
tap2,371,621,1722,719.334,1706.1113,1.09,1567581227935
tap2,324,414,756,505.53192,779.59393,1.4,1567581228630
tap2,96,276,1170,353.67252,1163.394,1.3199999,1567581229304
tap2,390,897,1791,979.09344,1835.0442,0.90999997,1567581230050
tap2,95,897,1170,984.0888,1201.3743,1.15,1567581230939
tap2,381,276,1791,301.72064,1810.0573,1.1,1567581231654
tap2,385,552,1791,606.4385,1816.0541,1.09,1567581232360
tap2,326,345,825,384.64386,828.5684,1.43,1567581233136
tap2,382,345,1791,363.66327,1806.0593,1.16,1567581233882
tap2,329,552,825,635.4117,863.55023,1.36,1567581234537
tap2,323,483,756,546.494,800.583,1.43,1567581235262
tap2,372,690,1722,754.3016,1842.0405,1.0699999,1567581236018
tap2,59,690,756,747.30804,837.5637,1.27,1567581236652
tap2,369,483,1722,587.45605,1795.0651,1.13,1567581237408
tap2,353,966,1101,1044.0333,1182.3842,0.82,1567581238420
tap2,367,345,1722,378.6494,1683.1233,1.16,1567581239094
tap2,252,345,1101,445.58743,1133.4097,1.31,1567581239789
tap2,376,966,1722,927.14154,1687.1212,1.09,1567581240555
tap2,383,414,1791,427.60406,1828.0479,1.17,1567581241219
tap2,155,621,825,724.32935,883.5398,1.35,1567581241904
tap2,328,414,825,486.5495,835.5648,1.42,1567581242620
tap2,386,621,1791,704.34784,1821.0515,1.0,1567581243365
tap2,55,690,825,763.2933,817.57416,1.3299999,1567581244050
tap2,384,483,1791,512.52545,1761.0828,1.2099999,1567581244796
tap2,327,483,825,574.4681,898.532,1.35,1567581245481
tap2,387,690,1791,764.2923,1724.1019,0.84999996,1567581246145
tap1,2,288,642,409.62073,731.61896,1.26,1567581563199
tap1,3,576,930,652.39594,1034.4612,1.17,1567581563814
tap1,4,576,642,674.3756,721.62415,1.2099999,1567581564386
tap1,5,288,930,379.64847,1022.46747,1.17,1567581565009
tap1,9,288,786,426.605,844.5601,1.18,1567581565714
tap1,17,576,1074,667.3821,1126.4133,1.15,1567581566296
tap1,16,288,1074,378.6494,1139.4065,1.1999999,1567581566888
tap1,7,576,786,667.3821,871.546,1.26,1567581567480
tap1,4,576,642,715.33765,709.6304,1.1999999,1567581568144
tap1,10,288,354,421.60962,390.79645,1.23,1567581568849
tap1,2,288,642,378.6494,727.62103,1.25,1567581569503
tap1,11,576,354,739.3154,428.77667,1.13,1567581570341
tap1,4,576,642,676.3737,711.62933,1.2099999,1567581570963
tap1,18,288,1218,380.64755,1328.3081,1.14,1567581571648
tap1,2,288,642,447.58557,674.6486,1.09,1567581572291
tap1,19,576,1218,682.36816,1284.331,1.14,1567581572965
tap1,13,576,210,703.34875,284.85162,1.26,1567581573741
tap1,6,288,498,427.60406,578.6986,1.16,1567581574426
tap1,12,288,210,438.5939,248.87038,1.22,1567581575243
tap1,8,576,498,674.3756,561.70746,1.26,1567581575855
tap1,19,576,1218,707.34503,1278.3342,1.05,1567581576488
tap1,22,288,1506,382.6457,1543.1962,1.1,1567581577101
tap1,18,288,1218,391.6374,1311.317,1.15,1567581577704
tap1,23,576,1506,670.3793,1578.178,1.12,1567581578317
tap1,14,288,66,422.6087,84.95575,1.25,1567581579205
tap1,11,576,354,703.34875,400.79126,1.24,1567581579869
tap1,10,288,354,382.6457,449.76575,1.16,1567581580594
tap1,15,576,66,707.34503,140.92659,1.0699999,1567581581340
tap1,17,576,1074,691.35986,1149.4014,1.02,1567581582085
tap1,20,288,1362,386.642,1455.2421,1.17,1567581582749
tap1,21,576,1362,732.3219,1433.2534,1.0799999,1567581583444
tap1,16,288,1074,397.63184,1131.4106,1.14,1567581584047
tap1,9,288,786,422.6087,777.595,1.18,1567581584588
tap1,8,576,498,706.346,597.68866,1.28,1567581585180
tap1,6,288,498,427.60406,539.7189,1.26,1567581585895
tap1,7,576,786,658.3904,867.54816,1.26,1567581586518
tap1,24,144,66,285.73544,120.93701,1.12,1567581587590
tap1,26,432,354,574.4681,450.76523,1.13,1567581588336
tap1,27,144,354,249.76874,382.80063,1.26,1567581588990
tap1,25,432,66,555.48566,98.94846,1.2099999,1567581589776
tap1,66,720,1506,858.2054,1511.2129,1.0799999,1567581590614
tap1,41,432,1218,544.49585,1297.3242,1.22,1567581591186
tap1,42,432,1506,525.5134,1507.215,1.12,1567581591840
tap1,65,720,1218,735.31915,1299.3232,1.15,1567581592432
tap1,36,144,786,264.75485,828.5684,1.27,1567581593076
tap1,38,432,1074,535.50415,1105.4242,1.2099999,1567581593637
tap1,39,144,1074,274.7456,1137.4076,1.22,1567581594250
tap1,37,432,786,521.5171,847.55853,1.13,1567581594853
tap1,16,288,1074,447.58557,1105.4242,1.11,1567581595415
tap1,56,0,1362,143.86679,1438.2509,1.1899999,1567581596048
tap1,20,288,1362,388.64014,1453.243,1.17,1567581596620
tap1,53,0,1074,139.87048,1147.4023,0.87,1567581597263
tap1,59,720,210,870.1943,264.86203,1.27,1567581598162
tap1,30,432,498,547.49304,530.7236,1.3299999,1567581598765
tap1,29,432,210,574.4681,285.8511,1.27,1567581599419
tap1,60,720,498,834.2276,518.7298,1.0,1567581600042
tap1,33,432,642,507.53006,711.62933,1.25,1567581600675
tap1,62,720,930,840.22205,951.5044,1.18,1567581601247
tap1,61,720,642,866.198,733.61786,1.2099999,1567581601819
tap1,34,432,930,565.47644,1022.46747,1.14,1567581602411
tap1,6,288,498,432.59946,553.7116,1.25,1567581603054
tap1,48,0,210,155.85568,311.8376,1.09,1567581603810
tap1,12,288,210,402.6272,286.8506,1.22,1567581604474
tap1,49,0,498,125.88344,572.7017,0.93,1567581605220
tap1,51,0,930,126.882515,948.506,1.17,1567581605833
tap1,2,288,642,407.62256,749.60956,1.0799999,1567581606568
tap1,5,288,930,440.59204,969.49506,1.16,1567581607191
tap1,50,0,642,121.887146,732.6184,1.3299999,1567581607824
tap1,37,432,786,533.50604,853.5554,1.16,1567581608376
tap1,64,720,1074,813.247,1128.4122,1.17,1567581609009
tap1,38,432,1074,547.49304,1149.4014,0.94,1567581609561
tap1,63,720,786,874.19055,834.5653,1.25,1567581610398
tap1,29,432,210,547.49304,278.85477,1.29,1567581611022
tap1,31,144,498,286.7345,520.72876,1.01,1567581611665
tap1,28,144,210,261.75763,282.85266,1.18,1567581612380
tap1,30,432,498,495.54117,562.7069,1.26,1567581612931
tap1,42,432,1506,560.481,1533.2014,1.13,1567581613565
tap1,40,144,1218,263.7558,1305.3201,1.16,1567581614137
tap1,41,432,1218,525.5134,1287.3295,1.22,1567581614678
tap1,43,144,1506,261.75763,1546.1947,1.14,1567581615250
tap1,45,144,1362,255.76318,1445.2472,1.13,1567581615863
tap1,82,432,1650,521.5171,1658.1364,1.0,1567581616435
tap1,80,144,1650,301.72064,1727.1005,1.0699999,1567581617037
tap1,44,432,1362,558.4829,1485.2264,0.97999996,1567581617691
tap1,57,720,66,854.20905,91.9521,1.28,1567581618528
tap1,26,432,354,523.51526,427.7772,1.16,1567581619142
tap1,58,720,354,801.2581,428.77667,1.18,1567581619713
tap1,25,432,66,595.44867,95.95003,1.22,1567581620377
tap1,64,720,1074,829.2322,1145.4034,1.14,1567581621072
tap1,44,432,1362,566.47546,1440.2499,1.13,1567581621634
tap1,38,432,1074,556.48474,1197.3763,1.2099999,1567581622165
tap1,67,720,1362,807.25256,1371.2858,1.0699999,1567581622737
tap1,9,288,786,386.642,840.5622,1.1999999,1567581623299
tap1,53,0,1074,173.83904,1108.4227,1.16,1567581623891
tap1,16,288,1074,404.62534,1155.3982,1.15,1567581624483
tap1,52,0,786,124.88437,812.5768,1.23,1567581625158
tap1,74,864,786,901.1656,858.5528,1.13,1567581625862
tap1,17,576,1074,695.35614,1175.3878,1.2099999,1567581626455
tap1,75,864,1074,1009.0657,1125.4138,1.11,1567581627313
tap1,7,576,786,724.32935,842.56116,1.16,1567581627885
tap1,38,288,66,433.5985,97.94898,1.3199999,1567581628682
tap1,45,0,354,169.84274,400.79126,1.26,1567581629366
tap1,44,0,66,168.84366,150.92139,1.29,1567581630101
tap1,39,288,354,406.6235,413.7845,1.28,1567581630684
tap1,14,288,1506,413.61703,1538.1989,1.11,1567581631450
tap1,47,0,1794,151.85939,1841.0411,1.01,1567581632073
tap1,46,0,1506,129.87975,1591.1713,1.14,1567581632696
tap1,10,288,1794,416.61426,1839.0421,0.97999996,1567581633268
tap1,22,864,210,1002.07214,248.87038,1.23,1567581634453
tap1,86,576,498,687.3635,504.7371,1.23,1567581635015
tap1,55,576,210,704.34784,282.85266,1.26,1567581635587
tap1,88,864,498,991.08234,535.72095,1.2099999,1567581636189
tap1,70,864,1362,975.09717,1420.2603,1.09,1567581636945
tap1,8,576,1650,679.371,1721.1035,1.03,1567581637507
tap1,13,576,1362,710.3423,1478.2301,1.11,1567581638048
tap1,71,864,1650,914.15356,1711.1088,1.05,1567581638651
tap1,78,576,1218,719.334,1292.3269,1.22,1567581639243
tap1,83,864,1506,942.1277,1535.2004,1.14,1567581639754
tap1,21,864,1218,961.1101,1304.3207,1.12,1567581640356
tap1,85,576,1506,713.3395,1550.1926,1.1,1567581640928
tap1,19,576,66,793.2655,149.9219,0.59,1567581642041
tap1,77,864,354,980.0925,382.80063,1.28,1567581642695
tap1,76,576,354,693.35803,427.7772,1.26,1567581643298
tap1,23,864,66,978.09436,183.9042,1.27,1567581643952
tap1,15,576,1362,714.33856,1498.2196,1.12,1567581644687
tap1,69,864,1074,974.0981,1133.4097,1.1899999,1567581645239
tap1,11,576,1074,691.35986,1189.3805,1.16,1567581645790
tap1,68,864,1362,936.13324,1368.2874,1.0699999,1567581646332
tap1,21,0,1218,128.88066,1278.3342,1.12,1567581647057
tap1,75,288,1506,423.6078,1532.2019,1.1,1567581647659
tap1,17,288,1218,393.63553,1265.341,1.0799999,1567581648242
tap1,78,0,1506,114.893616,1553.191,1.14,1567581648855
tap1,54,576,642,726.32745,713.6283,1.24,1567581649549
tap1,22,864,930,984.0888,1013.4721,1.1899999,1567581650172
tap1,18,864,642,981.0916,731.61896,1.18,1567581650693
tap1,55,576,930,761.2951,959.50024,1.16,1567581651265
tap1,4,576,1794,691.35986,1766.0801,1.04,1567581652001
tap1,73,864,1506,1015.0601,1563.1858,0.91999996,1567581653083
tap1,72,576,1506,718.3349,1577.1785,1.12,1567581653615
tap1,3,864,1794,941.1286,1775.0754,1.05,1567581654268
tap1,90,720,1362,842.22015,1435.2524,1.11,1567581654891
tap1,77,432,1650,537.5023,1711.1088,1.22,1567581655474
tap1,23,720,1650,842.22015,1719.1046,1.12,1567581655974
tap1,92,432,1362,545.49493,1473.2327,1.13,1567581656608
tap1,67,432,1074,567.47455,1145.4034,1.23,1567581657251
tap1,82,144,1362,225.79094,1423.2587,1.15,1567581657823
tap1,84,432,1362,550.4903,1438.2509,1.16,1567581658344
tap1,44,144,1074,306.716,1139.4065,1.16,1567581658967
tap1,38,432,1506,527.5116,1566.1842,1.09,1567581659549
tap1,45,144,1794,284.73636,1824.0499,0.94,1567581660152
tap1,44,432,1794,581.4616,1843.04,0.93,1567581660734
tap1,39,144,1506,285.73544,1591.1713,1.04,1567581661347
tap1,42,432,1506,576.46625,1558.1884,1.1,1567581661858
tap1,87,720,1794,814.2461,1799.063,1.05,1567581662450
tap1,89,432,1794,573.469,1838.0426,1.04,1567581663022
tap1,43,720,1506,849.2137,1541.1973,1.09,1567581663747
tap1,42,0,1362,104.90287,1401.2701,1.06,1567581664421
tap1,91,288,1650,424.60684,1635.1483,1.2099999,1567581665045
tap1,89,288,1362,424.60684,1445.2472,1.12,1567581665576
tap1,66,0,1650,150.86032,1675.1274,1.1,1567581666219
tap1,56,432,642,569.4727,750.609,1.24,1567581667108
tap1,81,144,930,258.7604,990.4841,1.27,1567581667700
tap1,20,432,930,548.4921,978.49036,1.26,1567581668242
tap1,79,144,642,257.76132,696.63715,1.24,1567581668865
drag1,2,376.65125,590.6923,0.90999997,2705.215769,55.09625798736964
drag1,3,695.35614,925.51794,1.03,4066.997539,58.352070281674
drag1,4,695.35614,671.65015,1.3,4940.302,64.59132932495072
drag1,5,490.15393,972.49347,1.09,2034.0856159999998,91.03017043928554
drag1,9,398.6309,815.5752,1.03,2670.969538,62.00005712388306
drag1,17,673.8761,1067.444,1.0799999,4270.309846,57.654226602189524
drag1,16,405.62442,1055.4503,0.97999996,3314.537692,70.96975071913732
drag1,7,712.34045,746.61115,1.05,4183.967154999999,75.90479284048932
drag1,4,692.35895,670.6507,1.03,2445.170462,60.1066902614726
drag1,10,394.69586,364.62616,1.18,5588.764923,73.06827360755736
drag1,2,430.84015,617.3198,1.15,3030.223154,64.61781885712999
drag1,11,682.7718,380.80167,1.3399999,4098.867077,57.94776359717682
drag1,4,707.34503,647.66266,1.1,2656.270692,43.41134883802065
drag1,18,431.60037,1219.3649,1.04,2803.288307,63.79298940183266
drag1,2,410.12027,611.6814,1.0699999,3282.426462,73.7980466777553
drag1,19,665.3839,1221.3639,1.11,3083.6226159999997,55.401339693949055
drag1,13,695.479,231.00269,0.94,3569.721462,61.59505093535244
drag1,6,403.62628,534.7215,1.17,2504.73577,61.485812266732815
drag1,12,407.62256,232.87871,1.0,2454.224539,68.06504366128783
drag1,8,696.3552,463.75845,1.09,3696.705462,71.12493857644425
drag1,19,697.3543,1221.435,1.0799999,3893.1225379999996,73.51345668115023
drag1,22,684.36633,1402.2697,0.59999996,1033.2697699999999,324.3392923269636
drag1,18,416.61426,1169.3909,1.01,3646.1846149999997,68.91317401007163
drag1,23,693.35803,1466.2363,0.81,3151.8011539999998,69.1694179355522
drag1,14,409.62073,58.33371,1.02,4165.745616,61.79346836987765
drag1,11,679.371,356.81415,0.91999996,3591.332231,57.16295333749822
drag1,10,422.6087,348.81833,0.9,3244.944539,76.40366454948138
drag1,15,694.35706,77.9594,0.96,3635.049462,89.93323171853572
drag1,17,695.35614,1093.4304,1.05,3490.946693,67.75529523626015
drag1,20,390.6383,1353.2952,0.79999995,2381.7845389999998,71.53308958892144
drag1,21,707.34503,1364.2894,0.69,2464.333384,73.0800436549808
drag1,16,410.6198,1056.4497,0.87,3090.9676919999997,74.82510008306593
drag1,24,269.75024,80.95783,0.93,3219.078385,61.290255777946385
drag1,26,561.4801,317.83444,1.06,3552.3930769999997,66.24966180311333
drag1,27,265.75394,362.81104,1.02,2402.9715389999997,57.25851930663524
drag1,25,541.4986,37.980217,0.97999996,4500.318923,68.86340130941282
drag1,66,616.50366,280.7793,0.78,625.577154,1314.8528400678167
drag1,41,539.5005,1183.0597,0.88,2712.105231,56.364734021711506
drag1,42,565.47644,1470.2343,0.68,1513.213231,65.35927340943961
drag1,65,846.2165,1207.3711,0.78999996,2442.403923,60.005675547234745
drag1,36,280.74005,783.59186,0.77,2467.56277,61.020525613186805
drag1,38,542.5498,1025.4658,0.9,3045.556693,68.24007530077037
drag1,39,286.7345,1064.4456,0.93,4952.505768999999,62.19195410233351
drag1,37,540.999,786.59033,0.82,2294.421154,76.81163496475921
drag1,16,409.54636,1044.4559,0.93,2853.90377,73.94766012786765
drag1,56,148.86217,1300.3228,0.77,3360.267308,71.9787082060784
drag1,20,407.62256,1337.3035,0.85999995,2669.701231,67.53558192413244
drag1,53,137.35963,1060.9606,0.83,2771.169692,60.31861330621153
drag1,59,840.22205,183.9042,0.98999995,3928.789461,73.78095190493742
drag1,30,713.3395,441.7699,0.71999997,645.331,223.9519964790273
drag1,29,557.4838,181.90526,0.85999995,3658.511001,76.9623667952562
drag1,60,867.197,434.77356,1.04,3416.092769,74.0519567391508
drag1,33,517.5208,653.65955,0.82,2857.172154,76.61782831185816
drag1,62,832.22943,909.52625,0.89,2994.341077,59.240272966584676
drag1,61,832.2328,657.6575,0.9,3310.9647689999997,60.94674995691976
drag1,34,567.2339,876.16406,0.97999996,2881.338923,81.54075027394686
drag1,6,435.612,496.7336,1.04,3384.0936159999997,66.95429609934946
drag1,48,80.92507,239.87506,0.90999997,3775.494154,66.85425670194424
drag1,12,428.60422,181.90419,1.2099999,2556.551846,69.29326650797701
drag1,49,103.90379,509.7345,1.02,2925.848231,62.265697542888155
drag1,51,83.922295,970.4945,0.88,2994.995384,61.39484864740244
drag1,2,377.65033,658.6569,1.0699999,3121.753308,72.43509136851128
drag1,5,407.62256,925.51794,1.05,1840.6391529999999,50.16568652957159
drag1,50,317.70584,770.59863,0.78,806.4006919999999,237.9038369705813
drag1,37,528.5106,810.5778,1.01,2651.902154,61.964040842675814
drag1,64,861.2026,1061.4471,0.85999995,2219.135308,68.19439975934219
drag1,38,569.4727,1063.446,0.97999996,2029.03677,76.30861098880246
drag1,63,847.2156,784.5914,1.0699999,2457.545846,64.07907452707661
drag1,29,577.46533,206.89224,0.90999997,3220.481923,68.95057568175388
drag1,31,262.7567,475.7522,1.01,2763.88177,76.36947905756645
drag1,28,264.25085,221.88443,0.82,2383.5801539999998,71.82007359086238
drag1,30,549.4912,472.75375,1.0799999,2826.811769,75.18488149095201
drag1,42,555.48566,1493.2223,0.88,2686.7269229999997,60.50696777507688
drag1,40,257.76132,1199.3752,0.81,2311.9,66.9483470451088
drag1,41,541.508,1195.3773,0.98999995,1655.552,77.10640465654888
drag1,43,247.77058,1475.2316,0.81,3151.790692,81.42348047195114
drag1,45,276.94284,1349.2308,0.95,2617.693539,59.68266655584318
drag1,82,552.6686,1632.1499,0.74,2885.610539,66.18341973368187
drag1,80,271.74838,1637.1473,0.84999996,1973.4359239999999,67.17168951719506
drag1,44,555.48566,1353.2952,0.81,3142.032538,66.25402996435182
drag1,57,852.0676,54.971367,0.97999996,3476.044,76.28577332990227
drag1,26,566.47546,386.79852,1.04,4072.6682309999997,66.08166942408872
drag1,58,829.2077,367.8329,1.15,3588.844846,61.98517302780141
drag1,25,575.46716,80.95783,1.11,2770.8986919999998,65.62031234762902
drag1,64,832.22943,1100.4269,1.09,2649.494154,58.648463665408975
drag1,44,556.48474,1347.2982,1.03,3198.867539,68.35178558388635
drag1,38,541.4986,1071.4419,0.90999997,2300.997462,78.86730753460593
drag1,67,819.24146,1357.2931,1.0,3029.8535389999997,65.12694466905857
drag1,9,408.62164,783.59186,0.87,2638.9578469999997,72.04300787783544
drag1,53,121.887146,1049.4534,1.01,3049.981769,72.1192565449627
drag1,16,419.61148,1074.4404,0.9,2782.154616,69.20510987171878
drag1,52,122.886215,769.5991,0.77,3252.8343849999997,92.95312219505612
drag1,74,964.1486,783.50916,1.12,3951.579692,78.53862703557056
drag1,17,712.7794,1079.4377,0.75,2397.114847,83.11644859410863
drag1,75,990.08325,1048.4539,1.1899999,2733.3355389999997,66.14436039020858
drag1,7,687.3635,794.5861,1.13,2621.196692,69.14182333392681
drag1,70,978.09436,211.88963,1.38,2877.8869999999997,71.14650596113782
drag1,8,691.77,529.3137,1.13,4606.897539,57.52981290810845
drag1,13,710.55536,262.8631,0.96999997,2532.273384,70.81894360764245
drag1,71,978.09436,459.76053,1.0699999,2491.39677,70.1692837270095
drag1,78,954.5628,1378.2821,1.06,4277.238308,68.56794278452406
drag1,83,697.3543,1630.1509,1.03,3044.879231,67.11720973547749
drag1,21,681.55524,1378.0958,1.18,1942.914462,77.24497580279913
drag1,85,977.0953,1626.153,0.93,2280.7346159999997,71.34952019087572
drag1,19,816.8324,1275.3357,1.0,663.09323,126.74286964588937
drag1,77,987.3366,1465.9857,0.94,2435.196384,77.3338704701705
drag1,76,978.09436,1229.3596,0.84999996,1889.2477689999998,66.30561845365659
drag1,23,715.33765,1462.2384,0.87,2469.1401539999997,89.09650686170656
drag1,15,718.3349,58.969284,1.0799999,5921.829154,58.540601328249096
drag1,69,994.4008,361.81155,1.09,2601.888539,65.3822716632353
drag1,11,673.3765,344.8204,0.95,2659.95777,57.565056471588996
drag1,68,985.0879,53.97189,0.93,3122.181769,68.91086716709847
drag1,21,670.3793,1377.2826,0.93,4389.436924,61.70327965020771
drag1,75,965.1064,1090.432,1.0699999,2079.166154,81.96202647050072
drag1,17,675.37463,1089.4326,0.85999995,3029.9223079999997,71.02288337112547
drag1,78,1009.2906,1340.3019,0.96999997,2387.069846,62.62666883658397
drag1,54,108.89917,1239.3545,0.87,2883.883692,63.19430073815241
drag1,22,408.62164,1450.2446,0.94,2161.406154,85.29667376565963
drag1,18,414.6161,1187.3816,0.96999997,1676.8361539999999,73.93023845597214
drag1,55,127.88159,1472.2332,0.9,2127.335693,70.39696818703884
drag1,67,845.3999,1351.2048,1.0,3496.598,67.16003504666573
drag1,82,575.46716,1663.1338,1.0799999,3183.818385,79.44221117248496
drag1,84,833.2285,1645.1431,1.17,3101.529923,79.45377787853481
drag1,44,538.5014,1397.2722,0.87,1828.492,68.98090433787009
drag1,38,537.5023,1072.4414,1.03,1747.809077,67.93420143784037
drag1,45,280.74918,1323.3153,0.90999997,2980.573,82.02561583253491
drag1,44,572.4699,1392.2748,0.98999995,2824.915308,57.19573787931233
drag1,39,297.72433,1044.4559,1.04,2536.435539,77.94181959950095
drag1,56,127.88159,1299.6158,1.18,2368.564693,70.01563035470762
drag1,81,419.8242,1638.1467,0.87,2969.820539,73.17744809331366
drag1,20,405.62442,1343.3003,0.89,1850.805539,66.84909475214106
drag1,79,115.27371,1627.9618,1.02,2485.773539,64.39438873544397
drag1,33,554.4866,611.6814,0.84,3757.474077,73.56761130581705
drag1,35,267.1203,943.69226,0.89,2855.9468469999997,65.170259442251
drag1,34,549.4912,932.5143,0.97999996,2457.3823079999997,61.10485632579222
drag1,32,231.78539,630.6715,1.06,3191.615,71.81308269626321
drag1,9,412.61795,771.5981,0.91999996,3581.998231,72.07219883164326
drag1,8,689.3617,510.73398,0.95,2928.272077,65.87587672081573
drag1,6,397.6965,498.67554,1.05,2464.616846,71.03083331249387
drag1,7,705.3469,804.58093,1.18,2628.2071539999997,74.0711624353042
drag1,14,406.6235,94.95055,1.25,2229.388077,67.59351136168631
drag1,47,114.893616,386.79852,1.12,2273.623231,68.5031833294585
drag1,46,133.03336,102.78993,0.98999995,1708.114539,70.13824040490763
drag1,10,423.6078,350.81726,1.15,2581.3236159999997,75.23176192385826
drag1,4,689.3617,655.6585,0.97999996,2059.345308,75.1655436547206
drag1,73,982.09064,933.5138,1.0,2284.402615,73.23137972182141
drag1,72,993.0805,634.66943,1.03,2043.9355389999998,82.54735377816134
drag1,3,1009.0657,1129.4117,0.35,2290.863923,342.03344919866555
scale2,25,-2.1519413,2175.304385
scale2,9,33.59751,1274.969231
scale2,28,2.0585346,2494.957769
scale2,10,-17.639385,2228.848385
scale2,29,12.904913,1634.423615
scale2,12,10.128519,1640.2066149999998
scale2,30,-6.2900963,1789.1314619999998
scale2,13,2.7354183,1615.6317689999998
scale2,32,-21.825817,4314.2796929999995
scale2,15,-14.298082,2135.557231
scale2,34,56.408947,1174.3163849999999
scale2,17,17.34557,2228.003539
scale2,1,38.151657,1337.9856929999999
scale2,20,-103.334885,2165.359461
scale2,3,41.440147,1430.6190769999998
scale2,24,14.804014,2625.363077
scale2,16,72.01296,1316.8593079999998
scale2,2,-2.2975273,1779.670154
scale2,23,-5.5497665,1717.943693
scale2,7,116.55498,1411.054154
scale2,11,-513.3082,1244.5492299999999
scale2,14,-513.3082,39.047846
scale2,26,-391.60242,222.01630799999998
scale2,35,113.33402,1755.751231
scale2,25,-0.45671082,1938.959154
scale2,9,28.666723,2454.135616
scale2,28,3.067377,2646.733692
scale2,10,5.0398064,2575.338692
scale2,29,27.730265,1983.1227689999998
scale2,12,63.867004,1235.938308
scale2,30,24.907734,2399.4524619999997
scale2,13,-2.3112488,3270.336616
scale2,32,-5.3683033,2268.782077
scale2,15,9.667276,3075.933462
scale2,34,114.8381,1777.5173069999998
scale2,17,8.3917465,2617.343769
scale2,1,31.579388,1624.817231
scale2,20,76.67108,1186.45877
scale2,3,25.821848,2226.595538
scale2,24,-100.52327,3004.426231
scale2,16,-104.85488,2319.659231
scale2,2,112.18299,1655.3888459999998
scale2,23,19.381256,1780.1987689999999
scale2,7,115.091,2148.182692
scale2,11,76.0246,1675.945154
scale2,14,26.440006,2187.045462
scale2,26,86.17408,1379.724154
scale2,35,223.84344,1226.0220769999999
scale2,21,55.768005,1234.6103839999998
scale2,22,34.842075,2869.9459239999996
scale2,27,12.167479,3045.7723849999998
scale2,36,16.75605,1522.170001
scale2,31,31.46905,2863.014539
scale2,19,27.323782,1674.802923
scale2,4,-190.00186,2199.830923
scale2,8,-20.170996,3220.362
scale2,5,51.936943,1676.800231
scale2,33,86.64936,1393.711
scale2,18,16.10233,1546.204538
scale2,6,100.86902,1104.174077
scale1,27,12.264828,1073.825077
scale1,46,-10.4436035,1583.3224619999999
scale1,26,-10.216787,1810.025385
scale1,4,-5.8830585,1350.925538
scale1,43,-6.0204735,1369.4889229999999
scale1,25,15.817394,982.5280769999999
scale1,42,-10.994482,2297.9297699999997
scale1,23,9.490265,2227.184615
scale1,5,-11.145699,1585.076
scale1,24,-4.151888,2302.112847
scale1,19,56.76433,881.3036149999999
scale1,2,15.452923,952.018077
scale1,44,0.16266632,1962.3380769999999
scale1,65,-5.242796,1818.9706919999999
scale1,45,9.084869,1037.490847
scale1,28,11.73872,2205.962154
scale1,13,24.33094,1073.851615
scale1,56,-4.679987,1707.9563839999998
scale1,40,-10.145754,2352.456539
scale1,41,-8.141521,1278.406769
scale1,6,13.507381,1779.735769
scale1,51,7.334301,1809.423077
scale1,36,-2.447342,2084.9356159999998
scale1,21,15.030945,1043.604308
scale1,8,-10.331114,1664.255615
scale1,57,-12.336737,2372.7323069999998
scale1,39,16.363895,1440.380538
scale1,9,-2.5650158,1900.271231
scale1,58,-8.191767,1603.7810769999999
scale1,47,-11.300709,1523.559077
scale1,1,1.2677536,2549.893616
scale1,35,14.36095,908.9758469999999
scale1,3,-2.982153,1275.32977
scale1,17,-14.022005,1656.172231
scale1,53,-4.1020374,1625.907538
scale1,34,-7.4364223,1849.821539
scale1,18,-0.97507095,1769.295385
scale1,50,-0.50247,1031.296077
scale1,62,5.5497093,982.6870769999999
scale1,66,-0.37025642,1694.3867699999998
scale1,20,-3.425537,1881.557077
scale1,37,37.072746,858.224308
scale1,32,-2.8334599,3523.5056919999997
scale1,31,-3.3454914,1718.799769
scale1,49,0.05716324,1912.4182309999999
scale1,7,11.024677,3106.5283839999997
scale1,15,6.669113,2022.8941539999998
scale1,10,-1.6830711,1782.8551539999999
scale1,60,0.069797516,2018.0203079999999
scale1,63,0.069797516,30.757845999999997
scale1,59,-147.09517,213.676616
scale1,55,15.655655,979.021846
scale1,14,4.1712685,2839.244616
scale1,12,-8.935455,1778.5238459999998
scale1,54,0.024169922,1472.7908459999999
scale1,52,10.724098,1022.066693
scale1,48,-9.662424,1806.309923
scale1,30,-8.925516,1278.5078469999999
scale1,16,10.45277,971.144462
scale1,11,-3.1969185,2981.276462
scale1,61,-1.940855,1542.07423
scale1,38,5.876072,1870.973154
scale1,29,2.35849,1230.2720769999999
scale1,64,-8.678444,1677.16123
scale1,22,8.494869,1525.373462
scale1,33,-9.042881,1473.419001
tap2,387,690,1791,630.41626,1911.0046,0.29,1567582915817
