tap1,2,288,642,386.642,704.633,0.90999997,1567125412563
tap1,3,576,930,659.38947,1020.4685,0.7,1567125413473
tap1,4,576,642,673.3765,685.6429,0.51,1567125414319
tap1,5,288,930,376.65125,995.4815,0.59999996,1567125415278
tap1,9,288,786,389.63922,816.5747,0.63,1567125416134
tap1,17,576,1074,693.35803,1113.42,0.35,1567125417133
tap1,16,288,1074,356.66974,1148.4019,0.57,1567125418020
tap1,7,576,786,659.38947,827.569,0.39999998,1567125418937
tap1,4,576,642,668.3811,720.62463,0.71,1567125419784
tap1,10,288,354,407.62256,413.7845,0.39999998,1567125420895
tap1,2,288,642,369.6577,710.6299,0.62,1567125421823
tap1,11,576,354,662.38666,412.785,0.69,1567125422791
tap1,4,576,642,681.3691,692.6392,0.65,1567125423719
tap1,18,288,1218,377.65033,1265.341,0.45,1567125424667
tap1,2,288,642,395.63367,669.6512,0.63,1567125425667
tap1,19,576,1218,683.36725,1296.3248,0.58,1567125426829
tap1,13,576,210,664.3848,290.8485,0.66999996,1567125427960
tap1,6,288,498,377.65033,547.7147,0.35,1567125429041
tap1,12,288,210,385.6429,250.86934,0.34,1567125430142
tap1,8,576,498,682.36816,579.69806,0.62,1567125431182
tap1,19,576,1218,652.39594,1292.3269,0.66999996,1567125432100
tap1,22,288,1506,373.65402,1582.1759,0.62,1567125432998
tap1,18,288,1218,381.64664,1273.3368,0.53,1567125433865
tap1,23,576,1506,654.3941,1596.1686,0.53999996,1567125434833
tap1,14,288,66,418.6124,116.939095,0.29999998,1567125435995
tap1,11,576,354,664.3848,433.77408,0.72999996,1567125437087
tap1,10,288,354,397.63184,407.7876,0.53,1567125438076
tap1,15,576,66,678.3719,139.92712,0.72999996,1567125439228
tap1,17,576,1074,674.3756,1145.4034,0.55,1567125440218
tap1,20,288,1362,388.64014,1409.266,0.48,1567125441268
tap1,21,576,1362,687.3635,1402.2697,0.63,1567125442349
tap1,16,288,1074,385.6429,1137.4076,0.57,1567125443348
tap1,9,288,786,386.642,836.5643,0.53,1567125444368
tap1,8,576,498,687.3635,557.70953,0.35999998,1567125445327
tap1,6,288,498,381.64664,547.7147,0.5,1567125446285
tap1,7,576,786,686.3645,856.55383,0.61,1567125447264
tap1,24,144,66,207.80759,99.947945,0.45999998,1567125448590
tap1,26,432,354,533.50604,408.78708,0.42,1567125449610
tap1,27,144,354,238.77892,411.78552,0.66999996,1567125450722
tap1,25,432,66,515.52264,98.94846,0.62,1567125451782
tap1,66,720,1506,803.2562,1592.1707,0.51,1567125452904
tap1,41,432,1218,530.5088,1274.3363,0.53,1567125453853
tap1,42,432,1506,532.50696,1552.1915,0.44,1567125454771
tap1,65,720,1218,789.2692,1295.3253,0.35,1567125455740
tap1,36,144,786,246.77151,826.56946,0.52,1567125456831
tap1,38,432,1074,535.50415,1126.4133,0.45,1567125457770
tap1,39,144,1074,219.79648,1130.4113,0.48999998,1567125458667
tap1,37,432,786,503.53375,845.5596,0.61,1567125459596
tap1,16,288,1074,382.6457,1152.3998,0.55,1567125460565
tap1,56,0,1362,84.92137,1432.254,0.63,1567125461503
tap1,20,288,1362,360.66605,1424.2582,0.57,1567125462635
tap1,53,0,1074,103.90379,1106.4237,0.37,1567125463543
tap1,59,720,210,847.2156,280.85373,0.56,1567125464818
tap1,30,432,498,536.50323,543.7168,0.53,1567125465828
tap1,29,432,210,527.5116,269.85944,0.56,1567125466981
tap1,60,720,498,807.25256,570.70276,0.74,1567125467991
tap1,33,432,642,540.4995,683.6439,0.53999996,1567125468929
tap1,62,720,930,800.25903,997.48047,0.48999998,1567125469848
tap1,61,720,642,801.2581,698.6361,0.56,1567125470867
tap1,34,432,930,546.494,984.48724,0.41,1567125471867
tap1,6,288,498,369.6577,566.70483,0.42999998,1567125472846
tap1,48,0,210,112.89547,293.84695,0.48999998,1567125473988
tap1,12,288,210,388.64014,248.87038,0.66999996,1567125474917
tap1,49,0,498,78.92692,567.7043,0.64,1567125475794
tap1,51,0,930,93.91304,996.48096,0.5,1567125476722
tap1,2,288,642,355.6707,680.6455,0.65999997,1567125477672
tap1,5,288,930,386.642,1006.47577,0.55,1567125478488
tap1,50,0,642,54.94912,693.63873,0.5,1567125479406
tap1,37,432,786,527.5116,853.5554,0.65999997,1567125480242
tap1,64,720,1074,835.2266,1098.4279,0.58,1567125481283
tap1,38,432,1074,488.54764,1168.3915,0.59,1567125482048
tap1,63,720,786,805.2544,868.5476,0.75,1567125483170
tap1,29,432,210,519.519,287.85007,0.55,1567125484190
tap1,31,144,498,233.78354,563.70636,0.66999996,1567125485150
tap1,28,144,210,223.79279,268.85995,0.55,1567125486210
tap1,30,432,498,522.5162,561.70746,0.71,1567125487149
tap1,42,432,1506,514.5236,1593.1702,0.5,1567125488210
tap1,40,144,1218,219.79648,1264.3414,0.45999998,1567125489026
tap1,41,432,1218,535.50415,1266.3405,0.48,1567125489842
tap1,43,144,1506,243.77429,1563.1858,0.45,1567125490822
tap1,45,144,1362,258.7604,1396.2727,0.55,1567125491648
tap1,82,432,1650,515.52264,1719.1046,0.48999998,1567125492566
tap1,80,144,1650,228.78816,1721.1035,0.61,1567125493434
tap1,44,432,1362,522.5162,1444.2478,0.59,1567125494229
tap1,57,720,66,816.2442,114.94013,0.34,1567125495525
tap1,26,432,354,527.5116,415.78345,0.59,1567125496484
tap1,58,720,354,828.2331,391.79593,0.64,1567125497422
tap1,25,432,66,556.48474,143.92503,0.74,1567125498453
tap1,64,720,1074,783.2748,1159.3961,0.59,1567125499432
tap1,44,432,1362,537.5023,1393.2743,0.71999997,1567125500269
tap1,38,432,1074,519.519,1103.4253,0.66999996,1567125501116
tap1,67,720,1362,783.2748,1395.2733,0.62,1567125502054
tap1,9,288,786,382.6457,825.57,0.65,1567125503013
tap1,53,0,1074,107.90009,1116.4185,0.53,1567125503992
tap1,16,288,1074,375.65216,1131.4106,0.66999996,1567125504829
tap1,52,0,786,77.92784,821.5721,0.59999996,1567125505697
tap1,74,864,786,945.1249,870.5466,0.59,1567125506982
tap1,17,576,1074,690.3608,1134.4092,0.29,1567125507788
tap1,75,864,1074,961.1101,1131.4106,0.56,1567125508768
tap1,7,576,786,667.3821,820.5726,0.53999996,1567125509625
tap1,38,288,66,364.66235,122.93597,0.55,1567125510880
tap1,45,0,354,97.90935,424.77875,0.62,1567125511921
tap1,44,0,66,98.90842,144.92451,0.41,1567125513063
tap1,39,288,354,396.63275,411.78552,0.76,1567125514043
tap1,14,288,1506,386.642,1581.1764,0.59999996,1567125514992
tap1,47,0,1794,70.93432,1872.0249,0.53,1567125515870
tap1,46,0,1506,74.93062,1570.1821,0.61,1567125516778
tap1,10,288,1794,369.6577,1856.0333,0.42,1567125517625
tap1,22,864,210,953.1175,276.8558,0.78,1567125518879
tap1,86,576,498,660.38855,548.7142,0.45999998,1567125519849
tap1,55,576,210,668.3811,248.87038,0.35,1567125520889
tap1,88,864,498,955.11566,576.69965,0.63,1567125521839
tap1,70,864,1362,969.10266,1435.2524,0.42,1567125522736
tap1,8,576,1650,651.39685,1707.1108,0.53999996,1567125523635
tap1,13,576,1362,672.37744,1430.255,0.41,1567125524441
tap1,71,864,1650,970.10175,1732.0978,0.59999996,1567125525390
tap1,78,576,1218,641.4061,1273.3368,0.65,1567125526277
tap1,83,864,1506,954.1166,1559.1879,0.51,1567125527237
tap1,21,864,1218,954.1166,1288.329,0.57,1567125528063
tap1,85,576,1506,673.3765,1555.19,0.57,1567125529002
tap1,19,576,66,693.35803,93.951065,0.32,1567125530277
tap1,77,864,354,971.1008,467.75638,0.61,1567125531420
tap1,76,576,354,680.37006,373.8053,0.52,1567125532237
tap1,23,864,66,958.11285,162.91515,0.59999996,1567125533390
tap1,15,576,1362,653.395,1427.2566,0.61,1567125534421
tap1,69,864,1074,953.1175,1141.4055,0.62,1567125535329
tap1,11,576,1074,670.3793,1115.4191,0.52,1567125536237
tap1,68,864,1362,955.11566,1412.2644,0.47,1567125537288
tap1,21,0,1218,87.918594,1262.3425,0.5,1567125538380
tap1,75,288,1506,381.64664,1556.1895,0.42,1567125539390
tap1,17,288,1218,381.64664,1255.3462,0.51,1567125540237
tap1,78,0,1506,79.925995,1566.1842,0.45,1567125541095
tap1,54,576,642,687.3635,677.64703,0.58,1567125542186
tap1,22,864,930,952.1184,990.4841,0.38,1567125543155
tap1,18,864,642,934.1351,722.6236,0.61,1567125544095
tap1,55,576,930,686.3645,1007.4752,0.59999996,1567125545064
tap1,4,576,1794,682.36816,1833.0453,0.62,1567125546054
tap1,73,864,1506,945.1249,1600.1665,0.45999998,1567125547340
tap1,72,576,1506,662.38666,1560.1874,0.57,1567125548125
tap1,3,864,1794,958.11285,1871.0255,0.59,1567125549003
tap1,90,720,1362,806.2535,1422.2592,0.45999998,1567125549840
tap1,77,432,1650,523.51526,1712.1083,0.59999996,1567125550728
tap1,23,720,1650,822.23865,1725.1014,0.57,1567125551677
tap1,92,432,1362,509.52823,1429.2556,0.57,1567125552524
tap1,67,432,1074,535.50415,1110.4216,0.47,1567125553503
tap1,82,144,1362,236.78076,1431.2545,0.32999998,1567125554422
tap1,84,432,1362,503.53375,1444.2478,0.48,1567125555493
tap1,44,144,1074,219.79648,1152.3998,0.64,1567125556442
tap1,38,432,1506,527.5116,1557.189,0.47,1567125557290
tap1,45,144,1794,216.79926,1843.04,0.42999998,1567125558126
tap1,44,432,1794,532.50696,1870.026,0.42,1567125559096
tap1,39,144,1506,238.77892,1568.1832,0.57,1567125559922
tap1,42,432,1506,521.5171,1567.1837,0.52,1567125560780
tap1,87,720,1794,834.2276,1855.0338,0.51,1567125561821
tap1,89,432,1794,506.531,1844.0396,0.45999998,1567125562535
tap1,43,720,1506,809.2507,1545.1952,0.44,1567125563433
tap1,42,0,1362,67.937096,1427.2566,0.48999998,1567125564372
tap1,91,288,1650,380.64755,1704.1124,0.47,1567125565352
tap1,89,288,1362,367.65958,1441.2493,0.53,1567125566219
tap1,66,0,1650,84.92137,1684.1228,0.45,1567125567178
tap1,56,432,642,531.5079,704.633,0.48999998,1567125568179
tap1,81,144,930,258.7604,973.4929,0.41,1567125569117
tap1,20,432,930,539.5005,992.48303,0.59,1567125569893
tap1,79,144,642,223.79279,699.63556,0.65,1567125570873
tap2,6,138,480,181.83163,512.7329,0.83,1567125620183
tap2,7,759,1101,822.23865,1107.4232,0.21,1567125621339
tap2,8,138,1101,178.83441,1100.4269,0.37,1567125622523
tap2,9,759,480,804.2553,480.7496,0.55,1567125623727
tap2,164,0,687,69.93524,702.63403,0.56,1567125624941
tap2,183,621,1308,668.3811,1337.3035,0.32,1567125626125
tap2,182,0,1308,34.96762,1329.3076,0.47,1567125628356
tap2,163,621,687,675.37463,701.6345,0.5,1567125629513
tap2,242,345,66,395.63367,75.960434,0.47,1567125631401
tap2,243,552,1032,620.42554,1045.4554,0.37,1567125632799
tap2,244,345,1032,412.61795,1036.4602,0.41,1567125633891
tap2,245,552,66,635.4117,72.962,0.26999998,1567125635442
tap2,42,69,411,143.86679,419.78134,0.39999998,1567125636779
tap2,43,690,1032,752.3034,1062.4467,0.34,1567125637984
tap2,45,690,411,776.28125,392.7954,0.5,1567125639208
tap2,44,69,1032,133.87604,1047.4545,0.32999998,1567125640290
tap2,322,345,756,403.62628,763.6023,0.48,1567125641474
tap2,321,483,1653,531.5079,1664.1332,0.22,1567125642576
tap2,316,345,1653,382.6457,1673.1285,0.34,1567125643597
tap2,323,483,756,550.4903,761.60333,0.59999996,1567125644760
tap2,2,138,549,207.80759,600.68713,0.52,1567125646128
tap2,3,759,1170,822.23865,1190.38,0.37,1567125647322
tap2,4,138,1170,181.83163,1178.3862,0.35999998,1567125648434
tap2,5,759,549,780.2775,570.70276,0.45,1567125649720
tap2,11,759,1032,816.2442,1041.4575,0.26,1567125650670
tap2,10,138,411,204.81036,393.7949,0.32,1567125652231
tap2,12,138,1032,180.83257,1062.4467,0.34,1567125653333
tap2,13,759,411,809.2507,402.7902,0.48999998,1567125654558
tap2,15,759,963,814.2461,976.4914,0.29,1567125655671
tap2,14,138,342,205.80943,340.82248,0.45999998,1567125656977
tap2,17,759,342,799.25995,344.8204,0.52,1567125658171
tap2,16,138,963,172.83997,982.4883,0.41,1567125659304
tap2,122,207,66,276.74374,78.95887,0.45999998,1567125661060
tap2,123,828,687,902.1647,713.6283,0.35,1567125662203
tap2,124,207,687,270.7493,670.6507,0.39999998,1567125663275
tap2,125,828,66,917.1508,77.9594,0.53999996,1567125664560
tap2,135,621,1170,660.38855,1198.3759,0.32999998,1567125665673
tap2,134,0,549,91.914894,512.7329,0.26,1567125666816
tap2,136,0,1170,21.979649,1222.3633,0.37,1567125668112
tap2,137,621,549,659.38947,557.70953,0.52,1567125669297
tap2,130,69,66,124.88437,77.9594,0.76,1567125671889
tap2,131,690,687,768.28864,701.6345,0.29999998,1567125673175
tap2,133,690,66,729.3247,109.94273,0.53,1567125674797
tap2,132,69,687,114.893616,722.6236,0.75,1567125676012
tap2,127,759,687,802.2572,761.60333,0.71,1567125677145
tap2,126,138,66,191.82239,95.95003,0.87,1567125678482
tap2,128,138,687,216.79926,695.6377,0.7,1567125679492
tap2,129,759,66,771.2858,100.94742,1.0,1567125680768
tap2,18,138,273,191.82239,310.8381,1.02,1567125681972
tap2,19,759,894,825.2359,929.51587,0.75,1567125683156
tap2,20,138,894,170.84181,911.5252,0.59,1567125684217
tap2,21,759,273,824.2368,314.83603,0.71,1567125685401
tap2,35,828,1170,918.14984,1186.3821,0.5,1567125686585
tap2,34,207,549,277.74283,545.71576,0.39,1567125687769
tap2,36,207,1170,251.76688,1207.3711,0.65,1567125688861
tap2,37,828,549,891.17487,569.70325,0.65999997,1567125690116
tap2,26,138,135,193.82054,171.91046,0.81,1567125691392
tap2,27,759,756,837.2248,799.58356,0.52,1567125692464
tap2,28,138,756,174.83812,741.6137,0.64,1567125693587
tap2,29,759,135,826.235,156.91827,0.64,1567125694852
tap2,43,690,1032,756.29974,1059.4481,0.44,1567125695965
tap2,42,69,411,112.89547,392.7954,0.71999997,1567125697118
tap2,45,690,411,753.3025,409.78656,0.48999998,1567125698098
tap2,44,69,1032,86.91952,1071.4419,0.63,1567125699200
tap2,24,138,825,185.82794,818.57367,0.64,1567125700272
tap2,25,759,204,818.2424,215.88756,0.61,1567125701548
tap2,22,138,204,211.8039,231.87923,0.61,1567125702773
tap2,23,759,825,819.24146,844.5601,0.65999997,1567125703866
tap2,38,69,480,121.887146,483.74805,0.78,1567125705019
tap2,39,690,1101,739.3154,1104.4248,0.35999998,1567125706121
tap2,40,69,1101,114.893616,1132.4102,0.47,1567125707357
tap2,41,690,480,743.31177,510.73398,0.5,1567125708500
tap2,33,690,549,724.32935,589.6929,0.65999997,1567125709582
tap2,32,69,1170,130.87881,1178.3862,0.53,1567125710593
tap2,30,69,549,131.8779,557.70953,0.59999996,1567125711797
tap2,31,690,1170,731.3229,1190.38,0.38,1567125712951
tap2,46,69,342,124.88437,367.8084,0.62,1567125714155
tap2,47,690,963,757.2988,995.4815,0.53,1567125715329
tap2,48,69,963,116.89177,979.4898,0.42,1567125716371
tap2,49,690,342,765.2914,375.80426,0.48,1567125717555
tap2,108,276,963,325.69843,992.48303,0.52,1567125718678
tap2,231,897,1584,954.1166,1616.1582,0.53,1567125720026
tap2,230,276,1584,322.7012,1609.1619,0.53,1567125721158
tap2,107,897,963,926.14246,989.4846,0.48999998,1567125722567
tap2,143,621,1032,689.3617,1045.4554,0.51,1567125723741
tap2,232,0,1653,37.964848,1677.1265,0.39,1567125724823
tap2,233,621,1653,665.3839,1662.1343,0.32,1567125726068
tap2,144,0,1032,47.955597,1060.4476,0.47,1567125727313
tap2,44,69,1032,122.886215,1049.4534,0.44,1567125728304
tap2,235,690,1653,753.3025,1654.1384,0.24,1567125729365
tap2,43,690,1032,760.296,1057.4492,0.35,1567125730498
tap2,234,69,1653,123.88529,1658.1364,0.31,1567125731539
tap2,12,138,1032,176.83626,1028.4644,0.61,1567125732560
tap2,237,759,1653,815.2451,1688.1207,0.38,1567125733724
tap2,11,759,1032,823.23773,1032.4623,0.53999996,1567125734939
tap2,236,138,1653,184.82886,1679.1254,0.68,1567125736062
tap2,238,207,1653,259.7595,1643.1442,0.48,1567125737042
tap2,67,828,1032,885.1804,1047.4545,0.64,1567125738583
tap2,68,207,1032,261.75763,1034.4612,0.53,1567125739655
tap2,239,828,1653,892.1739,1666.1322,0.56,1567125740829
tap2,104,276,1032,347.67807,1039.4586,0.66999996,1567125741973
tap2,241,897,1653,961.1101,1675.1274,0.48999998,1567125743187
tap2,240,276,1653,302.7197,1660.1353,0.52,1567125744178
tap2,103,897,1032,965.1064,1037.4596,0.65,1567125745495
tap2,50,69,273,141.86864,290.8485,0.84,1567125746771
tap2,51,690,894,780.2775,873.545,0.53,1567125747925
tap2,52,69,894,132.87697,882.54034,0.57,1567125749098
tap2,53,690,273,718.3349,311.8376,0.81,1567125750252
tap2,55,690,825,768.28864,832.56635,0.78,1567125751324
tap2,54,69,204,146.86401,240.87454,0.77,1567125752579
tap2,56,69,825,140.86957,811.5773,0.56,1567125753600
tap2,57,690,204,766.29047,233.87819,0.81,1567125754917
tap2,59,690,756,777.2803,769.5991,0.63,1567125755938
tap2,58,69,135,99.90749,155.9188,0.78999996,1567125757132
tap2,61,690,135,749.3062,157.91774,0.83,1567125758358
tap2,60,69,756,76.92877,780.59344,0.9,1567125759470
tap2,62,207,480,224.79185,475.7522,0.90999997,1567125760573
tap2,63,828,1101,880.185,1139.4065,0.84,1567125761655
tap2,64,207,1101,237.77983,1104.4248,0.81,1567125762666
tap2,65,828,480,870.1943,472.75375,0.47,1567125763799
tap2,290,345,480,401.6281,508.73502,0.87,1567125764881
tap2,291,552,1446,615.4302,1473.2327,0.65999997,1567125765932
tap2,293,552,480,595.44867,513.7324,0.89,1567125767096
tap2,292,345,1446,398.6309,1464.2373,0.74,1567125768076
tap2,141,621,480,653.395,477.75116,0.81,1567125769291
tap2,295,414,1446,448.58466,1456.2415,0.59999996,1567125770373
tap2,294,414,480,485.5504,482.74857,0.84,1567125771578
tap2,203,621,1446,683.36725,1472.2332,0.56,1567125772813
tap2,297,483,1446,537.5023,1440.2499,0.55,1567125773762
tap2,41,690,480,749.3062,494.7423,0.56,1567125774957
tap2,296,483,480,544.49585,489.7449,0.58,1567125776070
tap2,205,690,1446,771.2858,1475.2316,0.58,1567125777305
tap2,319,414,1653,463.57077,1656.1373,0.39999998,1567125778255
tap2,325,552,756,573.469,785.5908,0.84,1567125779429
tap2,324,414,756,468.56613,757.6054,0.58,1567125780419
tap2,315,552,1653,591.4524,1671.1296,0.65,1567125781634
tap2,298,345,549,365.66144,571.7022,0.72999996,1567125782798
tap2,299,552,1515,609.4357,1562.1863,0.53999996,1567125783941
tap2,301,552,549,601.4431,565.7053,0.74,1567125785136
tap2,300,345,1515,416.61426,1526.2051,0.78,1567125786300
tap2,326,345,825,403.62628,791.5877,0.78999996,1567125787351
tap2,256,483,135,544.49585,152.92035,0.83,1567125788515
tap2,250,345,135,421.60962,122.93597,0.84,1567125789628
tap2,327,483,825,540.4995,829.56793,0.65999997,1567125790720
tap2,67,828,1032,851.21185,1058.4487,0.71,1567125791843
tap2,66,207,411,273.74652,430.77563,0.79999995,1567125793008
tap2,68,207,1032,242.7752,1080.4373,0.53,1567125794080
tap2,69,828,411,910.1573,433.77408,0.76,1567125795244
tap2,72,207,963,225.79094,996.48096,0.75,1567125796346
tap2,73,828,342,878.1869,380.80167,0.58,1567125797336
tap2,70,207,342,241.77614,360.81207,0.71,1567125798460
tap2,71,828,963,884.18134,967.4961,0.53,1567125799654
tap2,76,207,894,231.78539,897.53253,0.71,1567125800716
tap2,77,828,273,886.17944,293.84695,0.68,1567125801706
tap2,74,207,273,236.78076,289.84903,0.77,1567125802880
tap2,75,828,894,874.19055,904.5289,0.68,1567125803973
tap2,80,207,825,241.77614,830.5674,0.76,1567125805055
tap2,81,828,204,914.15356,184.90369,0.48999998,1567125806259
tap2,78,207,204,254.76411,218.88599,0.90999997,1567125807393
tap2,79,828,825,877.1878,848.55804,0.69,1567125808526
tap2,84,207,756,246.77151,760.6038,0.83,1567125809608
tap2,85,828,135,893.173,150.92139,0.77,1567125810741
tap2,82,207,135,261.75763,141.92607,0.78,1567125811906
tap2,83,828,756,882.18317,760.6038,0.52,1567125812937
tap2,89,621,618,674.3756,642.6653,0.71,1567125814090
tap2,88,0,1239,68.93617,1262.3425,0.59,1567125815193
tap2,87,621,1239,683.36725,1240.354,0.53,1567125816183
tap2,86,0,618,32.969475,641.6658,0.64,1567125817357
tap2,305,483,1515,541.4986,1506.2155,0.5,1567125818429
tap2,33,690,549,720.333,554.71106,0.71,1567125819532
tap2,304,483,549,512.52545,546.7152,0.84,1567125820430
tap2,215,690,1515,746.30896,1530.203,0.57,1567125821543
tap2,309,552,618,613.432,633.6699,0.63,1567125822605
tap2,308,345,1584,394.6346,1624.154,0.71,1567125823758
tap2,307,552,1584,612.4329,1584.1749,0.5,1567125824881
tap2,306,345,618,387.64108,613.68036,0.83,1567125826025
tap2,258,345,204,412.61795,240.87454,0.85999995,1567125827546
tap2,331,483,894,545.49493,940.51013,0.95,1567125828792
tap2,330,345,894,386.642,947.5065,0.97999996,1567125829945
tap2,264,483,204,528.5106,265.8615,1.25,1567125831384
tap2,223,621,1584,656.3922,1594.1697,0.84,1567125832466
tap2,310,414,618,454.5791,660.6559,0.96,1567125833640
tap2,89,621,618,631.41534,701.6345,0.91999996,1567125834722
tap2,311,414,1584,436.59573,1598.1676,0.84,1567125835672
tap2,261,552,204,603.4413,246.87141,0.89,1567125837030
tap2,322,345,756,381.64664,806.5799,0.83,1567125838112
tap2,262,414,204,471.56335,215.88756,0.96,1567125839286
tap2,333,552,894,623.4227,914.5237,0.7,1567125840338
tap2,312,483,618,554.4866,624.6746,0.88,1567125841491
tap2,225,690,1584,734.32007,1640.1458,0.7,1567125842369
tap2,93,690,618,724.32935,627.6731,0.78999996,1567125843451
tap2,313,483,1584,537.5023,1590.1718,0.52,1567125844482
tap2,91,690,1239,758.29785,1238.355,0.39999998,1567125845492
tap2,90,69,618,121.887146,644.66425,0.59,1567125847208
tap2,93,690,618,742.3127,650.6611,0.61,1567125848300
tap2,92,69,1239,113.89455,1258.3446,0.68,1567125849423
tap2,108,276,963,333.69104,947.5065,0.51,1567125850464
tap2,109,897,342,965.1064,361.81155,0.52,1567125851659
tap2,106,276,342,333.69104,364.81,0.87,1567125852772
tap2,107,897,963,953.1175,1007.4752,0.74,1567125854211
tap2,100,276,1101,323.7003,1146.4028,0.68,1567125855181
tap2,101,897,480,939.13043,504.7371,0.83,1567125856356
tap2,99,897,1101,965.1064,1126.4133,0.74,1567125857346
tap2,98,276,480,330.69382,470.7548,0.84,1567125858571
tap2,105,897,411,959.11194,437.77197,0.88,1567125859745
tap2,104,276,1032,314.70862,1058.4487,0.79999995,1567125860756
tap2,102,276,411,344.68085,396.79333,0.78999996,1567125861961
tap2,103,897,1032,947.12305,1051.4524,0.75,1567125863125
tap2,97,897,549,974.0981,556.71,0.69,1567125864268
tap2,96,276,1170,315.70767,1191.3795,0.74,1567125865320
tap2,94,276,549,315.70767,562.7069,0.90999997,1567125866432
tap2,95,897,1170,959.11194,1185.3826,0.87,1567125867566
tap2,111,897,894,941.1286,887.5377,0.89,1567125868587
tap2,110,276,273,337.68732,310.8381,1.05,1567125869792
tap2,112,276,894,336.68826,936.5122,0.9,1567125870874
tap2,113,897,273,917.1508,328.82874,0.91999996,1567125872007
tap2,116,276,825,309.71323,840.5622,0.90999997,1567125873039
tap2,117,897,204,952.1184,223.88339,0.84999996,1567125874172
tap2,114,276,204,309.71323,222.88391,1.06,1567125875285
tap2,115,897,825,937.13226,843.5606,0.84999996,1567125876418
tap2,119,897,756,970.10175,761.60333,0.88,1567125877367
tap2,118,276,135,331.69287,154.91931,0.94,1567125878603
tap2,121,897,135,933.136,163.91463,0.83,1567125879828
tap2,120,276,756,301.72064,791.5877,0.9,1567125880890
tap2,152,0,894,42.96022,910.52576,0.66999996,1567125881921
tap2,213,621,1515,710.3423,1531.2025,0.76,1567125882942
tap2,212,0,1515,39.962997,1531.2025,0.5,1567125883942
tap2,151,621,894,688.3626,912.5247,0.77,1567125885229
tap2,56,69,825,93.91304,821.5721,0.68,1567125886280
tap2,205,690,1446,745.3099,1455.2421,0.78,1567125887455
tap2,204,69,1446,87.918594,1483.2274,0.64,1567125888404
tap2,55,690,825,744.31085,853.5554,0.81,1567125889558
tap2,24,138,825,188.82516,837.5637,0.84,1567125890610
tap2,207,759,1446,800.25903,1449.2451,0.84,1567125891723
tap2,206,138,1446,187.82608,1447.2462,0.7,1567125892703
tap2,23,759,825,810.24976,864.5497,0.84999996,1567125893724
tap2,80,207,825,272.74747,847.55853,0.63,1567125894735
tap2,209,828,1446,893.173,1453.243,0.84999996,1567125895746
tap2,208,207,1446,245.77243,1461.2389,0.69,1567125896736
tap2,79,828,825,855.2081,871.546,0.77,1567125897757
tap2,115,897,825,964.1073,851.55646,0.87,1567125898676
tap2,210,276,1446,357.66882,1454.2426,0.53,1567125899728
tap2,116,276,825,340.68454,825.57,0.69,1567125900841
tap2,211,897,1446,938.13135,1498.2196,0.68,1567125901923
tap2,203,621,1446,693.35803,1470.2343,0.72999996,1567125902750
tap2,156,0,825,44.958374,864.5497,0.71,1567125903904
tap2,202,0,1446,31.970398,1470.2343,0.59,1567125905017
tap2,155,621,825,673.3765,869.5471,0.62,1567125906160
tap2,52,69,894,127.88159,899.5315,0.53999996,1567125907243
tap2,215,690,1515,771.2858,1543.1962,0.63,1567125908315
tap2,51,690,894,743.31177,899.5315,0.65,1567125909316
tap2,214,69,1515,118.889915,1542.1968,0.45999998,1567125910378
tap2,216,138,1515,196.81776,1511.2129,0.51,1567125911481
tap2,19,759,894,813.247,926.5174,0.65,1567125913084
tap2,217,759,1515,816.2442,1528.204,0.58,1567125914248
tap2,20,138,894,187.82608,909.52625,0.71,1567125915392
tap2,141,621,480,704.34784,497.74075,0.47,1567125916474
tap2,140,0,1101,27.974098,1139.4065,0.56,1567125917546
tap2,138,0,480,49.953747,486.74646,0.76,1567125918812
tap2,139,621,1101,676.3737,1109.4221,0.63,1567125919833
tap2,142,0,411,29.972248,435.773,0.66999996,1567125920916
tap2,143,621,1032,672.37744,1047.4545,0.76,1567125921876
tap2,144,0,1032,53.950047,1058.4487,0.65,1567125922825
tap2,145,621,411,629.41724,444.76834,0.71,1567125923969
tap2,148,0,963,49.953747,1009.4742,0.71,1567125925000
tap2,149,621,342,709.3432,347.81885,0.55,1567125926031
tap2,147,621,963,694.35706,971.494,0.84,1567125926961
tap2,146,0,342,55.948196,379.8022,0.82,1567125928074
tap2,153,621,273,675.37463,308.83914,0.91999996,1567125929177
tap2,152,0,894,29.972248,942.5091,0.69,1567125930259
tap2,150,0,273,62.94172,284.85162,0.9,1567125931576
tap2,151,621,894,693.35803,906.52783,0.78,1567125932587
tap2,266,345,273,385.6429,289.84903,1.05,1567125933710
tap2,267,552,1239,603.4413,1265.341,0.84999996,1567125934711
tap2,269,552,273,614.4311,275.85632,0.98999995,1567125935865
tap2,268,345,1239,394.6346,1259.3441,0.78,1567125936774
tap2,271,414,1239,443.58926,1247.3503,0.83,1567125937581
tap2,153,621,273,664.3848,300.8433,1.06,1567125938765
tap2,270,414,273,451.58188,293.84695,1.03,1567125939909
tap2,87,621,1239,662.38666,1248.3497,0.82,1567125940930
tap2,91,690,1239,726.32745,1233.3575,0.84,1567125941890
tap2,272,483,273,538.5014,279.85425,0.95,1567125942952
tap2,273,483,1239,540.4995,1244.3519,0.66999996,1567125943912
tap2,53,690,273,720.333,316.83496,0.95,1567125945086
tap2,277,552,342,592.4514,343.82092,0.95,1567125946138
tap2,276,345,1308,417.6133,1304.3207,0.72999996,1567125947139
tap2,274,345,342,404.62534,350.81726,0.9,1567125948170
tap2,275,552,1308,590.4533,1352.2957,0.81,1567125949140
tap2,183,621,1308,663.38574,1283.3315,0.71999997,1567125949998
tap2,278,414,342,514.5236,321.83237,0.78999996,1567125951095
tap2,149,621,342,694.35706,344.8204,0.74,1567125952122
tap2,279,414,1308,453.58002,1307.3191,0.51,1567125953062
tap2,281,483,1308,524.51434,1304.3207,0.75,1567125953919
tap2,49,690,342,739.3154,344.8204,0.90999997,1567125955033
tap2,280,483,342,553.4875,375.80426,0.85999995,1567125955952
tap2,185,690,1308,747.30804,1302.3217,0.55,1567125956932
tap2,156,0,825,27.974098,840.5622,0.66999996,1567125958014
tap2,157,621,204,700.3515,196.89745,0.72999996,1567125958995
tap2,155,621,825,654.3941,852.55597,0.78,1567125959965
tap2,154,0,204,42.96022,252.86829,0.84999996,1567125961119
tap2,158,0,135,66.93802,169.9115,0.94,1567125962191
tap2,159,621,756,660.38855,799.58356,0.76,1567125963254
tap2,160,0,756,48.954674,762.6028,0.64,1567125964213
tap2,161,621,135,668.3811,156.91827,0.94,1567125965317
tap2,162,0,66,59.944496,66.96512,0.85999995,1567125966869
tap2,163,621,687,710.3423,682.6444,0.53,1567125967900
tap2,164,0,687,33.968548,706.63196,0.75,1567125968891
tap2,165,621,66,670.3793,89.95315,1.01,1567125970015
tap2,169,897,66,947.12305,105.94482,1.06,1567125971169
tap2,168,276,687,300.72156,708.6309,0.93,1567125972220
tap2,166,276,66,326.6975,77.9594,1.03,1567125973364
tap2,167,897,687,951.1193,730.61945,0.88,1567125974426
tap2,170,138,618,166.84552,631.67096,0.78,1567125975376
tap2,171,759,1239,798.26086,1236.3561,0.68,1567125976418
tap2,173,759,618,891.17487,600.68713,0.19,1567125977347
tap2,172,138,1239,795.2637,611.6814,0.48999998,1567125977662
tap2,177,828,618,897.1693,644.66425,0.87,1567125978450
tap2,176,207,1239,256.76227,1260.3435,0.63,1567125979420
tap2,174,207,618,263.7558,623.6752,0.71999997,1567125980441
tap2,175,828,1239,878.1869,1235.3566,0.59,1567125981534
tap2,133,690,66,759.29694,130.93181,0.90999997,1567125983045
tap2,249,483,1032,539.5005,1007.4752,0.75,1567125984097
tap2,43,690,1032,741.3136,1029.4637,0.65999997,1567125985067
tap2,248,483,66,564.47736,112.94118,0.72999996,1567125986476
tap2,251,552,1101,610.4348,1143.4044,0.76,1567125987457
tap2,250,345,135,388.64014,137.92816,0.91999996,1567125988641
tap2,252,345,1101,397.63184,1135.4086,0.9,1567125989612
tap2,253,552,135,598.44586,155.9188,0.90999997,1567125990735
tap2,254,414,135,456.57724,165.91359,0.85999995,1567125991797
tap2,139,621,1101,656.3922,1102.4258,0.55,1567125992798
tap2,161,621,135,655.3932,143.92503,0.90999997,1567125993819
tap2,255,414,1101,459.57446,1139.4065,0.63,1567125994759
tap2,178,276,618,306.716,617.6783,0.90999997,1567125995810
tap2,179,897,1239,930.1388,1223.3628,0.63,1567125996883
tap2,181,897,618,976.0962,641.6658,0.85999995,1567125997924
tap2,180,276,1239,341.68362,1241.3534,0.68,1567125998885
tap2,132,69,687,119.88899,680.6455,0.71,1567125999957
tap2,185,690,1308,768.28864,1290.3279,0.55,1567126000958
tap2,184,69,1308,134.87512,1345.2993,0.69,1567126002010
tap2,131,690,687,750.3053,725.6221,0.5,1567126003041
tap2,127,759,687,791.26733,712.62885,0.78,1567126003899
tap2,187,759,1308,829.2322,1306.3196,0.69,1567126004839
tap2,186,138,1308,175.83719,1303.3212,0.74,1567126005829
tap2,126,138,66,161.85014,86.95471,1.11,1567126008168
tap2,123,828,687,876.1887,702.63403,0.96,1567126009210
tap2,188,207,1308,270.7493,1320.3123,0.78,1567126010221
tap2,124,207,687,252.76596,705.63245,0.76,1567126011303
tap2,189,828,1308,879.1859,1391.2754,0.91999996,1567126012529
tap2,317,552,687,621.4246,695.6377,0.95,1567126013468
tap2,316,345,1653,382.6457,1661.1348,0.78,1567126014551
tap2,314,345,687,423.6078,691.6398,0.7,1567126015634
tap2,315,552,1653,583.4598,1671.1296,0.84,1567126016757
tap2,266,345,273,411.61887,271.8584,0.87,1567126018023
tap2,335,483,963,529.5097,983.48773,0.88,1567126019106
tap2,272,483,273,548.4921,268.85995,0.81,1567126020107
tap2,334,345,963,361.66513,969.49506,0.81,1567126021128
tap2,318,414,687,450.5828,702.63403,0.83,1567126022149
tap2,233,621,1653,692.35895,1648.1416,0.75,1567126023283
tap2,163,621,687,685.3654,635.6689,0.62,1567126024171
tap2,319,414,1653,500.53653,1631.1504,0.59999996,1567126025275
tap2,269,552,273,560.481,261.86362,0.89,1567126026276
tap2,336,414,963,496.54025,923.519,0.76,1567126027154
tap2,337,552,963,612.4329,926.5174,0.84,1567126027981
tap2,270,414,273,477.55783,267.86047,0.96,1567126029074
tap2,168,276,687,317.70584,702.63403,0.78999996,1567126030054
tap2,191,897,1308,957.1138,1304.3207,0.61,1567126031167
tap2,167,897,687,966.10547,708.6309,0.77,1567126032158
tap2,190,276,1308,365.66144,1326.3092,0.81,1567126033240
tap2,192,0,1377,41.961147,1423.2587,0.64,1567126034323
tap2,160,0,756,45.957447,743.6127,0.59,1567126035406
tap2,193,621,1377,659.38947,1435.2524,0.65,1567126036570
tap2,159,621,756,681.3691,734.6174,0.72999996,1567126037479
tap2,194,69,1377,132.87697,1427.2566,0.79999995,1567126038531
tap2,59,690,756,782.2757,733.61786,0.58,1567126039563
tap2,60,69,756,132.87697,760.6038,0.5,1567126040625
tap2,195,690,1377,751.3043,1390.2759,0.64,1567126041596
tap2,28,138,756,176.83626,797.5846,0.79999995,1567126042637
tap2,197,759,1377,827.2341,1399.2711,0.65999997,1567126043598
tap2,27,759,756,837.2248,779.59393,0.76,1567126044731
tap2,196,138,1377,197.81683,1377.2826,0.53999996,1567126045640
tap2,84,207,756,267.75208,756.6059,0.78999996,1567126046703
tap2,199,828,1377,913.1545,1401.2701,0.59999996,1567126047683
tap2,83,828,756,889.1767,781.5929,0.61,1567126048847
tap2,198,207,1377,252.76596,1418.2612,0.66999996,1567126049869
tap2,200,276,1377,322.7012,1357.2931,0.71,1567126050778
tap2,119,897,756,965.1064,765.60126,0.78999996,1567126051911
tap2,120,276,756,326.6975,748.6101,0.53,1567126052943
tap2,201,897,1377,947.12305,1416.2623,0.75,1567126054046
tap2,242,345,66,432.59946,80.95783,0.63,1567126055710
tap2,347,966,687,1030.0463,700.6351,0.63,1567126056762
tap2,338,966,66,1022.05365,98.94846,0.95,1567126058499
tap2,314,345,687,402.6272,672.64966,0.9,1567126059490
tap2,322,345,756,393.63553,754.60693,0.91999996,1567126060348
tap2,339,966,135,1017.0583,185.90317,0.88,1567126061420
tap2,348,966,756,1035.0416,754.60693,0.62,1567126062441
tap2,250,345,135,436.59573,160.91618,0.78,1567126063596
tap2,258,345,204,402.6272,218.88599,0.88,1567126064637
tap2,349,966,825,1003.0712,839.5627,0.61,1567126065791
tap2,340,966,204,1000.07404,253.86777,1.01,1567126066874
tap2,326,345,825,409.62073,873.545,0.87,1567126067998
tap2,330,345,894,391.6374,927.5169,1.0,1567126068896
tap2,341,966,273,1005.0694,344.8204,1.0,1567126069969
tap2,266,345,273,386.642,273.85736,1.13,1567126070980
tap2,350,966,894,1009.0657,917.5221,0.95,1567126072216
tap2,76,207,894,262.7567,901.53046,0.89,1567126073145
tap2,219,828,1515,873.19147,1515.2108,0.95,1567126074207
tap2,218,207,1515,231.78539,1524.206,0.88,1567126075178
tap2,75,828,894,905.16187,909.52625,1.04,1567126076230
tap2,220,276,1515,320.70306,1522.2072,0.96,1567126077200
tap2,111,897,894,943.1267,892.5351,1.06,1567126078211
tap2,112,276,894,304.71786,936.5122,1.14,1567126079202
tap2,221,897,1515,914.15356,1542.1968,0.96,1567126080570
tap2,225,690,1584,755.30066,1546.1947,0.83,1567126081408
tap2,48,69,963,110.897316,943.50854,0.96,1567126082450
tap2,47,690,963,744.31085,963.49817,0.84999996,1567126083359
tap2,224,69,1584,129.87975,1604.1644,0.7,1567126084390
tap2,165,621,66,684.36633,93.951065,0.98999995,1567126085994
tap2,247,414,1032,452.58093,1060.4476,0.84,1567126086995
tap2,143,621,1032,669.3802,1037.4596,0.91999996,1567126087894
tap2,246,414,66,485.5504,73.96148,1.03,1567126089211
tap2,15,759,963,809.2507,965.49713,0.82,1567126090223
tap2,226,138,1584,173.83904,1613.1598,0.75,1567126091244
tap2,227,759,1584,839.22296,1572.1812,0.64,1567126092419
tap2,16,138,963,173.83904,993.48254,0.93,1567126093502
tap2,72,207,963,259.7595,952.5039,0.78999996,1567126094451
tap2,229,828,1584,926.14246,1582.1759,0.38,1567126095462
tap2,71,828,963,855.2081,966.4966,0.95,1567126096668
tap2,228,207,1584,238.77892,1601.166,0.77,1567126097638
tap2,242,345,66,389.63922,118.93805,1.15,1567126100723
tap2,243,552,1032,592.4514,1050.4529,0.84999996,1567126101765
tap2,244,345,1032,417.6133,1064.4456,0.85999995,1567126102715
tap2,245,552,66,589.4542,86.95471,1.01,1567126104032
tap2,148,0,963,71.933395,998.4799,0.74,1567126105186
tap2,223,621,1584,698.3534,1602.1655,0.7,1567126106259
tap2,147,621,963,671.37836,982.4883,0.72999996,1567126107270
tap2,222,0,1584,73.93155,1592.1707,0.82,1567126108261
tap2,252,345,1101,427.60406,1132.4102,0.96999997,1567126109262
tap2,344,966,480,1036.0406,495.7418,0.56,1567126110569
tap2,290,345,480,379.64847,501.73868,0.85999995,1567126111673
tap2,353,966,1101,1002.07214,1096.429,0.62,1567126112816
tap2,345,966,549,1048.0297,575.70013,0.65,1567126113807
tap2,260,345,1170,416.61426,1184.383,0.9,1567126114921
tap2,354,966,1170,1050.0277,1180.3851,0.45999998,1567126116034
tap2,298,345,549,419.61148,567.7043,0.82,1567126117106
tap2,346,966,618,1026.0499,629.67206,0.72999996,1567126118180
tap2,268,345,1239,411.61887,1258.3446,0.63,1567126119261
tap2,355,966,1239,1046.0315,1248.3497,0.47,1567126120374
tap2,306,345,618,391.6374,626.6736,0.87,1567126121538
tap2,314,345,687,411.61887,702.63403,0.72999996,1567126122570
tap2,356,966,1308,1006.0685,1325.3097,0.58,1567126123796
tap2,347,966,687,1030.0463,689.6408,0.66999996,1567126124909
tap2,276,345,1308,403.62628,1302.3217,0.68,1567126125991
tap2,257,483,1101,528.5106,1132.4102,0.78999996,1567126126962
tap2,61,690,135,730.3238,150.92139,0.85999995,1567126128085
tap2,39,690,1101,767.28955,1078.4382,0.37,1567126129147
tap2,256,483,135,524.51434,162.91515,1.11,1567126130373
tap2,258,345,204,388.64014,241.87402,0.96999997,1567126131446
tap2,259,552,1170,602.4422,1173.3888,0.64,1567126132549
tap2,260,345,1170,396.63275,1199.3752,0.71999997,1567126133529
tap2,261,552,204,583.4598,216.88704,0.95,1567126134673
tap2,157,621,204,666.383,201.89484,0.81,1567126135613
tap2,263,414,1170,474.5606,1196.3768,0.87,1567126136644
tap2,262,414,204,435.59668,238.87558,0.96999997,1567126137717
tap2,135,621,1170,690.3608,1190.38,0.55,1567126138687
tap2,244,345,1032,426.605,1007.4752,0.57,1567126139658
tap2,361,966,1653,1053.025,1691.1191,0.41,1567126140873
tap2,352,966,1032,1026.0499,1068.4435,0.58,1567126141864
tap2,316,345,1653,409.62073,1685.1223,0.69,1567126142977
tap2,282,345,411,373.65402,436.7725,0.87,1567126144142
tap2,283,552,1377,631.41534,1400.2706,0.71,1567126145174
tap2,284,345,1377,415.61517,1349.2972,0.63,1567126146144
tap2,285,552,411,586.457,412.785,0.79999995,1567126147247
tap2,145,621,411,684.36633,421.7803,0.7,1567126148197
tap2,287,414,1377,471.56335,1382.28,0.74,1567126149270
tap2,193,621,1377,664.3848,1380.2811,0.63,1567126150261
tap2,286,414,411,471.56335,416.78293,0.90999997,1567126151374
tap2,288,483,411,543.49677,422.7798,0.90999997,1567126152314
tap2,195,690,1377,756.29974,1425.2577,0.69,1567126153366
tap2,289,483,1377,547.49304,1375.2837,0.71999997,1567126154336
tap2,45,690,411,766.29047,409.78656,0.7,1567126155419
tap2,31,690,1170,772.2849,1215.367,0.69,1567126156481
tap2,264,483,204,542.4977,231.87923,0.81,1567126157523
tap2,57,690,204,751.3043,215.88756,0.72999996,1567126158534
tap2,265,483,1170,538.5014,1174.3883,0.83,1567126159556
tap2,300,345,1515,416.61426,1540.1978,0.7,1567126160587
tap2,350,966,894,1011.06384,885.53876,0.93,1567126161659
tap2,330,345,894,399.62997,875.54395,0.88,1567126162620
tap2,359,966,1515,1038.0388,1468.2352,0.64,1567126163590
tap2,351,966,963,1035.0416,982.4883,0.71,1567126164489
tap2,308,345,1584,391.6374,1626.153,0.76,1567126165664
tap2,360,966,1584,1039.038,1552.1915,0.59,1567126166797
tap2,334,345,963,393.63553,1000.4789,0.91999996,1567126167870
tap2,137,621,549,698.3534,583.696,0.88,1567126168881
tap2,303,414,1515,469.56522,1547.1941,0.74,1567126170096
tap2,213,621,1515,661.38763,1490.2238,0.32999998,1567126171046
tap2,302,414,549,507.53006,558.709,0.77,1567126172098
tap2,254,414,135,472.56244,134.92972,0.91999996,1567126173130
tap2,329,552,825,608.43665,850.557,0.78999996,1567126174049
tap2,253,552,135,597.44684,157.91774,1.01,1567126175112
tap2,328,414,825,474.5606,843.5606,0.81,1567126175970
tap2,334,345,963,401.6281,945.5075,0.78999996,1567126176858
tap2,342,966,342,1035.0416,388.7975,0.55,1567126177941
tap2,274,345,342,396.63275,347.81885,0.74,1567126178912
tap2,351,966,963,1008.0666,1000.4789,0.82,1567126179984
tap2,282,345,411,376.65125,413.7845,0.77,1567126180975
tap2,352,966,1032,1034.0426,1091.4315,0.57,1567126181996
tap2,343,966,411,1002.07214,468.75586,0.71999997,1567126182977
tap2,244,345,1032,405.62442,1043.4565,0.69,1567126183876
tap2,322,345,756,406.6235,788.58923,0.76,1567126184806
tap2,357,966,1377,1017.0583,1388.2769,0.45999998,1567126185970
tap2,348,966,756,1039.038,780.59344,0.63,1567126186981
tap2,284,345,1377,410.6198,1395.2733,0.83,1567126187942
tap2,292,345,1446,436.59573,1415.2628,0.57,1567126188892
tap2,349,966,825,1023.05273,834.5653,0.77,1567126189974
tap2,326,345,825,398.6309,853.5554,0.71,1567126191006
tap2,358,966,1446,1047.0305,1461.2389,0.55,1567126192078
tap2,131,690,687,727.32654,711.62933,0.82,1567126193120
tap2,321,483,1653,556.48474,1679.1254,0.68,1567126194111
tap2,320,483,687,532.50696,689.6408,0.77,1567126195143
tap2,235,690,1653,754.3016,1664.1332,0.7,1567126196206
tap2,362,0,1722,76.92877,1752.0874,0.61,1567126197216
tap2,139,621,1101,679.371,1141.4055,0.72999996,1567126198299
tap2,140,0,1101,64.93987,1127.4127,0.75,1567126200066
tap2,371,621,1722,655.3932,1713.1077,0.71999997,1567126201159
tap2,39,690,1101,720.333,1137.4076,0.68,1567126202191
tap2,363,69,1722,123.88529,1734.0968,0.52,1567126203233
tap2,372,690,1722,735.31915,1760.0833,0.72999996,1567126204356
tap2,40,69,1101,104.90287,1131.4106,0.89,1567126205439
tap2,136,0,1170,59.944496,1159.3961,0.58,1567126206358
tap2,386,621,1791,712.34045,1809.0577,0.69,1567126207472
tap2,135,621,1170,664.3848,1200.3748,0.81,1567126208392
tap2,377,0,1791,65.93895,1793.066,0.57,1567126209392
tap2,31,690,1170,754.3016,1213.368,0.78,1567126210322
tap2,378,69,1791,140.86957,1803.0609,0.72999996,1567126211425
tap2,32,69,1170,108.89917,1167.392,0.85999995,1567126212487
tap2,387,690,1791,741.3136,1803.0609,0.65999997,1567126213723
tap2,8,138,1101,169.84274,1121.4159,0.71,1567126214877
tap2,373,759,1722,808.25165,1743.092,0.53999996,1567126216083
tap2,7,759,1101,822.23865,1095.4294,0.53999996,1567126217216
tap2,364,138,1722,212.80296,1723.1025,0.65999997,1567126218432
tap2,374,828,1722,882.18317,1738.0947,0.48999998,1567126219504
tap2,64,207,1101,253.76503,1121.4159,0.88,1567126220567
tap2,365,207,1722,274.7456,1731.0984,0.53999996,1567126221691
tap2,63,828,1101,898.1684,1102.4258,0.5,1567126223110
tap2,379,138,1791,196.81776,1802.0614,0.64,1567126224234
tap2,3,759,1170,850.21277,1174.3883,0.57,1567126225276
tap2,4,138,1170,194.81961,1179.3857,0.45999998,1567126226287
tap2,388,759,1791,822.23865,1801.0619,0.48,1567126227349
tap2,380,207,1791,250.7678,1823.0504,0.51,1567126228329
tap2,35,828,1170,913.1545,1166.3925,0.65,1567126229586
tap2,389,828,1791,902.1647,1825.0494,0.61,1567126230628
tap2,36,207,1170,251.76688,1187.3816,0.87,1567126231608
tap2,100,276,1101,332.69196,1111.4211,0.59999996,1567126232507
tap2,375,897,1722,966.10547,1768.0791,0.71,1567126233631
tap2,99,897,1101,933.136,1113.42,0.66999996,1567126234601
tap2,366,276,1722,325.69843,1762.0822,0.75,1567126235612
tap2,368,414,1722,442.5902,1717.1056,0.64,1567126236460
tap2,159,621,756,690.3608,773.59705,0.72999996,1567126237532
tap2,371,621,1722,683.36725,1746.0906,0.71,1567126238646
tap2,324,414,756,439.59296,787.5898,0.78999996,1567126239667
tap2,96,276,1170,334.6901,1158.3966,0.75,1567126240505
tap2,390,897,1791,972.0999,1805.0598,0.63,1567126241598
tap2,95,897,1170,962.1092,1184.383,0.77,1567126242538
tap2,381,276,1791,307.7151,1811.0566,0.77,1567126243498
tap2,385,552,1791,602.4422,1787.0692,0.72999996,1567126244386
tap2,326,345,825,369.6577,852.55597,0.68,1567126245459
tap2,382,345,1791,389.63922,1830.0468,0.78999996,1567126246450
tap2,329,552,825,606.4385,848.55804,0.84,1567126247379
tap2,323,483,756,539.5005,758.60486,0.76,1567126248401
tap2,372,690,1722,747.30804,1753.0869,0.7,1567126249412
tap2,59,690,756,754.3016,770.59863,0.45999998,1567126250413
tap2,369,483,1722,550.4903,1769.0786,0.52,1567126251444
tap2,353,966,1101,1022.05365,1145.4034,0.68,1567126252629
tap2,367,345,1722,363.66327,1789.0681,0.76,1567126253579
tap2,252,345,1101,437.59482,1106.4237,0.48,1567126254488
tap2,376,966,1722,1034.0426,1712.1083,0.59,1567126255632
tap2,383,414,1791,447.58557,1833.0453,0.71,1567126256705
tap2,155,621,825,652.39594,846.5591,0.84,1567126257685
tap2,328,414,825,479.55597,841.56165,0.65999997,1567126258574
tap2,386,621,1791,664.3848,1801.0619,0.64,1567126259626
tap2,55,690,825,705.3469,838.56323,0.78999996,1567126260627
tap2,384,483,1791,534.50507,1784.0708,0.72999996,1567126261679
tap2,327,483,825,525.5134,850.557,0.74,1567126262680
tap2,387,690,1791,764.2923,1809.0577,0.56,1567126263610
drag1,2,369.6577,634.1697,0.56,3840.098846,69.51351700151213
drag1,3,645.4024,905.5283,0.42999998,3038.732461,69.13780349286966
drag1,4,657.3913,674.6661,0.45999998,3455.423,63.87179519425512
drag1,5,367.65958,926.5174,0.45,2322.7343849999997,66.11510730011355
drag1,9,380.64755,850.5053,0.51,2767.328385,70.94728151876504
drag1,17,629.41724,1043.3007,0.47,2934.0502309999997,75.26982288780711
drag1,16,394.63556,1086.4331,0.35999998,3157.248616,66.26834779220064
drag1,7,645.3989,812.5768,0.45,3358.157308,61.81831420934029
drag1,4,665.40485,657.6575,0.44,2438.7139239999997,69.88647747675117
drag1,10,398.6309,363.81052,0.53999996,5242.488155,66.8292737632107
drag1,2,395.63367,637.66785,0.41,3136.520693,58.15460796962424
drag1,11,671.24774,368.8079,0.48,2951.899231,63.82838998183485
drag1,4,648.39966,632.06134,0.48999998,2840.334923,66.7908356799926
drag1,18,390.6383,1191.3795,0.55,2237.138693,62.309299037908715
drag1,2,381.64664,634.66943,0.32,1645.976077,65.78579246462968
drag1,19,665.3839,1191.3795,0.48,2023.430385,64.2898815242856
drag1,13,689.3617,264.97382,0.35999998,2390.534077,58.033378180285816
drag1,6,397.63184,477.75116,0.48999998,2509.459077,65.1695281307897
drag1,12,374.98026,237.8761,0.56,2114.5043849999997,64.81973449001163
drag1,8,654.3941,476.75168,0.59999996,3761.256155,61.12205618006558
drag1,19,656.549,1234.357,0.53999996,4659.130078,71.36835564992045
drag1,22,384.25287,1470.2343,0.35999998,3453.7573079999997,70.28568423133346
drag1,18,374.6531,1227.4585,0.45,2511.681847,70.71789560422016
drag1,23,627.4997,1484.2269,0.42,3699.229462,69.2429846872183
drag1,14,404.52756,90.95263,0.5,3577.1736929999997,67.29134393095649
drag1,11,626.42,315.33575,0.44,4067.177154,65.82626002904867
drag1,10,377.65033,352.82275,0.53999996,2973.1464619999997,60.148872460694186
drag1,15,620.42554,56.970325,0.66999996,2988.6215389999998,104.8065136520333
drag1,17,656.3922,1058.4487,0.59,3671.6410779999997,65.49853996456964
drag1,20,399.62997,1365.5677,0.55,3309.3065389999997,62.94880272660211
drag1,21,661.38763,1385.2784,0.63,2749.9652309999997,69.1242218895608
drag1,16,376.66516,1094.4299,0.57,2615.6642309999997,68.85362767951739
drag1,24,255.76318,71.96252,0.91999996,3917.235385,67.63627458606146
drag1,26,490.5458,349.81778,0.66999996,1635.4464619999999,64.45912950130862
drag1,27,245.77243,360.81207,0.78,3463.788769,76.9661119027373
drag1,25,513.52454,80.95783,0.66999996,3576.053231,114.8565308657644
drag1,66,799.9942,1472.2332,0.52,4956.07277,64.73299401977127
drag1,41,523.01575,1257.3451,0.29,3535.3640769999997,66.89269468373135
drag1,42,536.50323,1449.2452,0.32999998,664.8505379999999,110.0931397113924
drag1,65,810.24976,1238.3517,0.45999998,3369.947308,70.00018729116725
drag1,36,249.67091,795.58563,0.39999998,3412.233769,67.78557582815506
drag1,38,487.54858,1065.054,0.51,2830.6639999999998,71.52613847782253
drag1,39,276.63193,1107.535,0.26,1991.6296929999999,60.87044783042637
drag1,37,521.5171,795.4738,0.48999998,1746.310154,71.93293060408257
drag1,16,338.6864,1099.4274,0.48999998,2350.340538,63.39195945714172
drag1,56,105.71636,1371.2858,0.44,2165.892154,61.50738072911189
drag1,20,395.63367,1377.3696,0.41,4158.496308,64.88121211405259
drag1,53,74.93062,1109.0315,0.26,2993.952077,73.48489176082273
drag1,59,804.2553,232.80078,0.35999998,3351.374231,64.59778217756218
drag1,30,496.3559,493.74283,0.53999996,2228.218077,66.12141014107821
drag1,29,521.5171,254.86725,0.53999996,3096.397154,67.88142903461683
drag1,60,785.2729,469.7553,0.53,3085.458231,66.17289458598962
drag1,33,532.50696,637.6493,0.45999998,3910.407539,68.34619673570126
drag1,62,782.2757,924.51843,0.48,3883.046539,64.25939651235534
drag1,61,801.7577,705.13275,0.37,2337.5041539999997,65.33245344875179
drag1,34,510.52728,946.507,0.48999998,3415.280692,62.2033406872305
drag1,6,384.68298,569.70325,0.42,6039.321231,68.73789394508766
drag1,48,93.91304,266.861,0.53,3183.069154,66.53178797552715
drag1,12,367.65958,201.89484,0.53999996,2763.8035379999997,64.98923284615168
drag1,49,81.92415,501.73868,0.51,2155.581001,58.23870474476856
drag1,51,59.944496,901.53046,0.5,2956.563308,67.52980493857967
drag1,2,386.6475,665.65326,0.5,3096.255462,65.81938591044536
drag1,5,379.64847,908.51306,0.48,1819.098616,62.13937938527355
drag1,50,78.92692,694.1384,0.31,2720.3456929999998,73.04428574979283
drag1,37,510.40277,766.6007,0.38,2320.462308,69.08512278551305
drag1,64,781.2766,1045.4554,0.55,4679.279077,65.25777926892854
drag1,38,507.53006,1058.4487,0.26999998,2586.9998459999997,56.43910306040049
drag1,63,806.2535,790.56793,0.42,3669.6563079999996,60.920569508664066
drag1,29,520.6158,229.88026,0.44,3951.698155,69.6620502143878
drag1,31,249.76874,518.7298,0.52,3473.5848459999997,70.11942844188884
drag1,28,232.74707,240.87454,0.52,2994.251385,70.88073413294983
drag1,30,497.5393,499.73972,0.53,3996.130616,64.13176246107119
drag1,42,482.5532,1510.2134,0.55,3882.749,70.55140783210062
drag1,40,213.80203,1256.5022,0.25,2310.273153,63.67545493423574
drag1,41,490.5458,1238.2245,0.41,4179.7731539999995,64.17917834850213
drag1,43,250.73056,1504.2166,0.29,2125.4953849999997,61.12994141007366
drag1,45,220.79556,1412.2644,0.35,2167.463307,69.9150604094399
drag1,82,516.5217,1646.1426,0.59999996,11986.186462,64.47067496402472
drag1,80,217.79834,1703.1129,0.81,6497.961461,66.1030334767352
drag1,44,491.54486,1375.2837,0.62,5638.010308,67.82643476886129
drag1,57,797.2618,114.94013,0.69,3935.9661539999997,83.34664158796973
drag1,26,523.51526,336.82455,0.68,4853.060539,64.14011965104194
drag1,58,767.28955,367.8084,0.59,5938.385923,61.08161642119036
drag1,25,531.52844,80.95783,0.62,3475.9706929999998,82.80475972914057
drag1,64,770.2869,1046.455,0.58,6804.546538,66.65832380676031
drag1,44,536.50323,1345.2993,0.55,6974.887538999999,71.16567480644454
drag1,38,506.531,1128.4122,0.53999996,5062.626924,76.23345225866639
drag1,67,783.2748,1389.3053,0.51,3586.024384,63.1059433720284
drag1,9,335.68918,815.5752,0.47,3535.3469999999998,65.68429404109303
drag1,53,96.91027,1070.2887,0.41,2514.122923,67.51238894066522
drag1,16,385.6429,1075.4398,0.48,1738.3991529999998,71.12150165223304
drag1,52,84.92137,839.5627,0.39999998,2947.503615,67.74975590835552
drag1,74,932.1369,825.57,0.64,4392.666923,67.13609547460851
drag1,17,676.3737,1083.4878,0.41,3628.0392309999997,62.211931110401004
drag1,75,925.2035,1060.4476,0.41,4802.272,67.21362855854956
drag1,7,649.3987,797.5846,0.47,2390.8492309999997,64.07340044968163
drag1,70,904.16284,243.86662,0.63,2860.810924,66.68266141259544
drag1,8,689.44,470.7548,0.63,3402.052154,64.42955688944613
drag1,13,667.3821,287.85007,0.55,2464.971616,61.94669191323657
drag1,71,895.9097,477.75116,0.59999996,4362.927616,67.11466330013404
drag1,78,937.14404,1368.2874,0.57,4516.691769999999,67.42347089057257
drag1,83,695.807,1637.5984,0.52,2852.533923,66.76849241103584
drag1,21,658.3904,1413.8307,0.44,2679.373231,70.2753175031546
drag1,85,948.12213,1653.1389,0.45999998,3509.408231,64.37477631266744
drag1,19,673.42755,1254.3467,0.47,3566.2720769999996,61.743149646140424
drag1,77,934.1351,1505.7156,0.45,3228.8177699999997,59.67957732785579
drag1,76,940.9118,1228.3602,0.45,3738.905385,65.8236957802286
drag1,23,675.37463,1497.2202,0.41,6592.8862309999995,67.19420452335979
drag1,15,670.3793,328.82874,0.59,951.34377,170.73316939973125
drag1,69,855.35095,333.8261,0.51,1154.980693,167.61854070411923
drag1,11,689.3617,325.8303,0.61,6486.391924,70.9849079899552
drag1,68,888.43805,48.97449,0.71,5794.594462,91.002488201588
drag1,21,650.39777,1392.4054,0.5,8613.416846,57.79848249022901
drag1,75,898.66785,1101.4263,0.56,3781.531693,65.81203885666315
drag1,17,684.3887,1097.4283,0.62,2810.333846,65.97826824851587
drag1,78,941.1286,1334.2528,0.65999997,2952.693923,65.33975833617107
drag1,54,36.965775,1248.8495,0.42,6099.353308,83.36875102610345
drag1,22,373.65402,1495.2212,0.55,2661.472847,75.20241622315378
drag1,18,373.65402,1280.4281,0.47,2054.700154,64.75719017464998
drag1,55,87.918594,1512.2124,0.57,2416.823538,64.87267504540763
drag1,67,797.2618,1388.2769,0.65,4918.550077,69.8886721534826
drag1,82,509.52823,1625.1536,0.68,3734.501538,70.19135065887627
drag1,84,784.2738,1700.1145,0.61,3019.234,63.98169930328164
drag1,44,555.48566,1417.2618,0.57,2884.098693,65.85358127120405
drag1,38,510.52728,1114.4196,0.82,3745.055923,76.9723235030013
drag1,45,276.74374,1381.2805,0.66999996,2427.609462,62.43847472839559
drag1,44,505.53192,1365.2888,0.84999996,2861.531,59.9805198361469
drag1,39,227.7891,1083.3572,1.06,4030.241,61.897546886550046
drag1,56,100.90657,1373.2847,0.51,2749.19,58.12868672402653
drag1,81,391.6714,1633.1494,0.53,2075.5857699999997,66.36252023105311
drag1,20,383.70093,1417.2618,0.39999998,2298.704538,62.81777843826669
drag1,79,80.92507,1653.0978,0.35,3331.406846,62.90429788390257
drag1,33,517.46155,711.62933,0.65,2951.5412309999997,68.45272334392972
drag1,35,249.76874,910.52576,0.69,2600.012308,65.15691475429063
drag1,34,536.50323,966.4966,0.82,4115.957539,68.12904894935761
drag1,32,250.38467,692.6392,0.82,2422.172385,64.81742028866553
drag1,9,338.6864,786.5903,0.71999997,1583.802,71.06512912873251
drag1,8,407.62256,809.5783,0.83,459.65538499999997,395.3220072136467
drag1,6,381.64664,533.722,0.74,3166.647615,63.79212128118087
drag1,7,661.38763,775.596,0.89,2703.461077,74.41495767140061
drag1,14,413.61703,47.975014,0.76,2616.669308,142.79481555888822
drag1,47,91.13814,352.5938,0.78999996,2459.210154,66.35501434754687
drag1,46,48.587055,105.57705,0.7,1524.919539,92.00453433878226
drag1,10,382.6457,380.57495,0.77,1595.315846,42.9846022124787
drag1,4,650.39777,641.6658,0.59,2091.3713079999998,69.20270170622047
drag1,73,909.0728,941.42413,0.71,3209.5180769999997,78.47869056951215
drag1,72,954.2749,700.6351,0.59999996,2225.362462,75.261099504524
drag1,3,696.3552,945.6466,0.61,2604.0286149999997,61.352866891212045
scale1,27,-2.4845238,2800.453385
scale1,46,-2.4845238,878.4621539999999
scale1,26,-2.4845238,419.232462
scale1,27,-1.2285805,3900.2458469999997
scale1,46,-8.652626,2973.8141539999997
scale1,26,-8.790213,1767.4176929999999
scale1,4,-4.4576855,2708.561846
scale1,43,-107.20256,1104.173923
scale1,25,-8.548462,3383.591231
scale1,42,-13.28314,2544.523385
scale1,23,1.2665863,2035.273385
scale1,5,-13.352423,2245.514
scale1,24,-14.812506,2726.958154
scale1,19,-7.2568645,2667.42377
scale1,2,-13.919317,2103.2586149999997
scale1,44,-3.4566078,3023.377308
scale1,65,2.0829391,1705.408923
scale1,45,-9.798603,3526.537923
scale1,28,10.597515,2206.990385
scale1,13,0.898407,2257.083
scale1,56,-9.343512,2411.057
scale1,40,3.2222557,4740.629077
scale1,41,-5.8373966,2464.5749229999997
scale1,6,-4.792322,2178.649
scale1,51,-13.032429,2964.631
scale1,36,-4.978386,2505.569154
scale1,21,-7.7972374,2738.031308
scale1,8,-6.4680634,3381.323462
scale1,57,-5.027876,2824.489769
scale1,39,-6.4606304,3308.4843849999997
scale1,9,-8.437826,2206.543616
scale1,58,-8.003746,2708.345308
scale1,47,-5.36907,3138.459
scale1,1,-7.04718,2463.957539
scale1,35,-0.89193535,7018.834385
scale1,3,-1.0718193,4106.7218459999995
scale1,17,-3.7430077,4138.371924
scale1,53,-0.5554104,7745.94277
scale1,34,-2.3850803,3422.686308
scale1,18,-2.933195,1921.789307
scale1,50,-9.14653,2976.299615
scale1,62,-10.59676,1471.794308
scale1,66,-16.861937,2759.867769
scale1,20,-5.692669,2025.034616
scale1,37,-7.523472,2391.258231
scale1,32,3.8572311,5173.0930769999995
scale1,31,11.98859,3197.397462
scale1,49,-5.505163,3035.458769
scale1,7,-3.2713509,1583.624077
scale1,15,-9.392847,3209.1106929999996
scale1,10,-4.713238,4733.2760769999995
scale1,60,-4.928673,3413.646308
scale1,63,5.7786713,2100.333231
scale1,59,-3.2383232,2759.697769
scale1,55,-7.3968887,2258.201
scale1,14,-2.9209557,2717.818769
scale1,12,6.693489,1532.734539
scale1,54,-7.857559,2018.174
scale1,52,-4.9044,1460.556231
scale1,48,-7.1490097,2916.17
scale1,30,-0.6031151,1970.073308
scale1,16,-0.58423233,6703.838924
scale1,11,1.7226219,1153.525385
scale1,61,-4.85194,2225.5473079999997
scale1,38,-9.129278,3351.830308
scale1,29,7.4535713,1829.439615
scale1,64,-11.596893,1175.131308
scale1,22,-5.809553,3206.146077
scale1,33,9.036804,1267.362308
scale2,25,0.0,406.546615
scale2,25,0.44833946,4217.820769999999
scale2,9,-0.55288696,4630.433693
scale2,28,-4.9441338,3054.514769
scale2,10,-10.860352,3607.0841539999997
scale2,29,4.7364864,3900.9320009999997
scale2,12,-1.3956242,5459.460155
scale2,30,-6.200781,4394.300077
scale2,13,0.4778595,3822.025385
scale2,32,3.5882893,2421.0165389999997
scale2,15,-10.750139,4812.207923
scale2,34,4.7188625,3585.928923
scale2,17,-10.207827,2892.413462
scale2,1,-5.0351486,2790.774923
scale2,20,-3.5383759,3597.3530769999998
scale2,3,15.530497,2451.727384
scale2,24,-2.3059616,3362.334924
scale2,16,9.933838,3456.0893069999997
scale2,2,-12.690971,2880.713692
scale2,23,-499.52707,2707.887308
scale2,7,2.0281334,3575.8683079999996
scale2,11,8.20487,2483.912308
scale2,14,-9.191557,3361.7533839999996
scale2,26,14.419561,2440.935231
scale2,35,3.5672665,2015.7155389999998
scale2,21,-0.025428772,2116.750846
scale2,22,-19.050179,2647.144539
scale2,27,3.8693905,2724.5594619999997
scale2,36,7.776232,1552.925384
scale2,31,-13.116777,5140.704231
scale2,19,0.1230526,2840.8687689999997
scale2,4,11.15807,2545.599769
scale2,8,4.5557156,2138.431615
scale2,5,14.758696,2217.742616
scale2,33,-9.366348,2278.636077
scale2,18,5.5442905,4599.601231
scale2,6,3.6475182,4056.902154
rotate1,9,-1.2057991,1898.232769
rotate1,4,0.12839413,2024.7015379999998
rotate1,13,1.3573875,1807.508231
rotate1,6,-2.9688902,2157.6428459999997
rotate1,15,-1.6339931,1378.265847
rotate1,2,-1.92628,1799.5735379999999
rotate1,10,-0.23808002,2259.4849999999997
rotate1,5,0.5484953,1918.9644609999998
rotate1,14,0.5929661,1623.7973069999998
rotate1,8,1.2113895,1644.169539
rotate1,11,0.052081108,1246.9334609999999
rotate1,7,1.3994808,1100.950077
rotate1,1,-0.19761181,988.913385
rotate1,12,-1.2269697,1121.33177
rotate1,3,-0.21407318,1193.409615
rotate2,2,1.1965485,3624.787
rotate2,13,0.4295578,2596.785769
rotate2,8,0.2878189,2973.8426919999997
rotate2,3,-1.7724686,2759.640693
rotate2,7,-2.3289871,2686.7831539999997
rotate2,12,2.3377075,2738.556307
rotate2,1,-0.52750397,2564.2953079999997
rotate2,11,-0.15003967,1842.287846
rotate2,6,-1.994133,1807.884384
rotate2,10,2.0537796,1787.9983069999998
rotate2,5,-2.3890305,2646.8887689999997
rotate2,15,2.0858154,3626.6248459999997
rotate2,9,0.4685669,2033.876462
rotate2,4,-0.42507935,2217.2833849999997
rotate2,14,-0.34618378,4359.598154
