tap1,2,288,642,382.6457,747.6106,0.98999995,1567217880694
tap1,3,576,930,640.40704,1051.4524,1.0699999,1567217881625
tap1,4,576,642,674.3756,713.6283,0.59,1567217882380
tap1,5,288,930,377.65033,1063.446,1.02,1567217883196
tap1,9,288,786,409.62073,865.5492,0.65999997,1567217883982
tap1,17,576,1074,676.3737,1167.392,0.79999995,1567217884819
tap1,16,288,1074,350.6753,1192.3789,0.78999996,1567217885604
tap1,7,576,786,700.3515,847.55853,0.61,1567217886390
tap1,4,576,642,678.3719,717.6262,0.83,1567217887176
tap1,10,288,354,385.6429,434.77356,1.02,1567217887921
tap1,2,288,642,406.6235,732.6184,0.87,1567217888716
tap1,11,576,354,677.3728,424.77875,1.01,1567217889594
tap1,4,576,642,641.4061,741.6137,0.87,1567217890319
tap1,18,288,1218,393.63553,1277.3347,0.91999996,1567217891063
tap1,2,288,642,389.63922,684.6434,0.35999998,1567217891900
tap1,19,576,1218,652.39594,1313.3159,0.94,1567217892778
tap1,13,576,210,658.3904,306.84018,1.11,1567217893614
tap1,6,288,498,395.63367,604.68506,0.88,1567217894339
tap1,12,288,210,393.63553,233.87819,1.01,1567217895267
tap1,8,576,498,680.37006,572.7017,1.0799999,1567217896584
tap1,19,576,1218,667.3821,1269.3389,0.96,1567217897543
tap1,22,288,1506,406.6235,1593.1702,0.84999996,1567217898400
tap1,18,288,1218,386.642,1309.318,0.89,1567217899380
tap1,23,576,1506,704.34784,1549.1931,1.0,1567217900400
tap1,14,288,66,414.6161,106.9443,0.89,1567217901482
tap1,11,576,354,751.3043,413.7845,0.91999996,1567217902369
tap1,10,288,354,369.6577,400.79126,0.77,1567217903298
tap1,15,576,66,680.37006,131.93129,0.74,1567217904236
tap1,17,576,1074,671.37836,1135.4086,0.79999995,1567217905083
tap1,20,288,1362,382.6457,1450.2446,0.88,1567217905839
tap1,21,576,1362,672.37744,1438.2509,1.0,1567217907165
tap1,16,288,1074,378.6494,1132.4102,0.85999995,1567217908093
tap1,9,288,786,413.61703,810.5778,0.84999996,1567217908828
tap1,8,576,498,694.35706,580.6975,0.84,1567217909594
tap1,6,288,498,359.667,571.7022,0.89,1567217910339
tap1,7,576,786,691.35986,826.56946,0.83,1567217910992
tap1,24,144,66,234.78261,121.936485,0.87,1567217911879
tap1,26,432,354,553.4875,433.77408,0.68,1567217912696
tap1,27,144,354,261.75763,406.78812,0.79999995,1567217913471
tap1,25,432,66,522.5162,68.96408,0.9,1567217914287
tap1,66,720,1506,812.2479,1551.192,0.45,1567217915155
tap1,41,432,1218,533.50604,1265.341,0.66999996,1567217915869
tap1,42,432,1506,526.5125,1556.1895,0.66999996,1567217916523
tap1,65,720,1218,840.22205,1309.318,0.56,1567217918043
tap1,36,144,786,264.75485,845.5596,0.83,1567217918798
tap1,38,432,1074,549.4912,1156.3977,0.71,1567217919594
tap1,39,144,1074,241.77614,1135.4086,0.72999996,1567217920380
tap1,37,432,786,531.5079,851.55646,0.84999996,1567217921176
tap1,16,288,1074,410.6198,1138.4071,0.56,1567217921961
tap1,56,0,1362,70.93432,1443.2483,0.71,1567217922778
tap1,20,288,1362,381.64664,1432.254,0.72999996,1567217923502
tap1,53,0,1074,128.88066,1148.4019,0.56,1567217924369
tap1,59,720,210,816.2442,288.84955,0.7,1567217925155
tap1,30,432,498,516.5217,567.7043,0.72999996,1567217925849
tap1,29,432,210,566.47546,265.8615,0.71999997,1567217926553
tap1,60,720,498,818.2424,559.7085,0.83,1567217927268
tap1,33,432,642,513.52454,693.63873,0.72999996,1567217927982
tap1,62,720,930,824.2368,1021.46796,0.59,1567217928706
tap1,61,720,642,805.2544,695.6377,0.82,1567217929411
tap1,34,432,930,531.5079,1002.47784,0.68,1567217930105
tap1,6,288,498,359.667,567.7043,0.84,1567217930870
tap1,48,0,210,103.90379,280.85373,0.59999996,1567217931666
tap1,12,288,210,415.61517,257.8657,0.79999995,1567217932503
tap1,49,0,498,68.93617,593.6908,0.61,1567217933350
tap1,51,0,930,103.90379,981.4888,0.82,1567217934095
tap1,2,288,642,412.61795,665.65326,0.71999997,1567217934901
tap1,5,288,930,363.66327,999.47943,0.59999996,1567217935717
tap1,50,0,642,128.88066,658.6569,0.51,1567217936503
tap1,37,432,786,540.4995,887.5377,0.64,1567217937269
tap1,64,720,1074,862.20166,1157.3972,0.32999998,1567217938054
tap1,38,432,1074,521.5171,1114.4196,0.75,1567217938769
tap1,63,720,786,826.235,828.5684,0.5,1567217939840
tap1,29,432,210,531.5079,303.84174,0.63,1567217940728
tap1,31,144,498,279.74097,562.7069,0.51,1567217941555
tap1,28,144,210,209.80574,261.86362,0.71999997,1567217942453
tap1,30,432,498,521.5171,559.7085,0.71999997,1567217943208
tap1,42,432,1506,522.5162,1554.1904,0.72999996,1567217944035
tap1,40,144,1218,250.7678,1277.3347,0.59999996,1567217944821
tap1,41,432,1218,535.50415,1299.3232,0.66999996,1567217945555
tap1,43,144,1506,266.75302,1540.1978,0.64,1567217946290
tap1,45,144,1362,254.76411,1430.255,0.53,1567217947066
tap1,82,432,1650,538.5014,1699.115,0.56,1567217947831
tap1,80,144,1650,236.78076,1709.1097,0.63,1567217948525
tap1,44,432,1362,541.4986,1439.2504,0.84999996,1567217949873
tap1,57,720,66,794.2646,136.92868,0.89,1567217950801
tap1,26,432,354,567.47455,425.77823,0.68,1567217951608
tap1,58,720,354,849.2137,394.79437,0.82,1567217952343
tap1,25,432,66,465.5689,111.941696,0.66999996,1567217953088
tap1,64,720,1074,796.2627,1177.3867,0.64,1567217953843
tap1,44,432,1362,506.531,1443.2483,0.58,1567217954496
tap1,38,432,1074,530.5088,1145.4034,0.65999997,1567217955211
tap1,67,720,1362,807.25256,1421.2598,0.77,1567217955925
tap1,9,288,786,386.642,850.557,0.62,1567217956680
tap1,53,0,1074,102.90472,1125.4138,0.72999996,1567217957476
tap1,16,288,1074,384.64386,1137.4076,0.68,1567217958180
tap1,52,0,786,100.90657,827.569,0.65,1567217958997
tap1,74,864,786,947.12305,874.5445,0.65999997,1567217960089
tap1,17,576,1074,677.3728,1194.3779,0.66999996,1567217960783
tap1,75,864,1074,1002.07214,1136.4081,0.71,1567217961589
tap1,7,576,786,666.383,825.57,0.77,1567217962303
tap1,38,288,66,394.6346,149.9219,0.57,1567217963161
tap1,45,0,354,147.8631,425.77823,0.26999998,1567217964038
tap1,44,0,66,86.91952,103.94586,0.77,1567217964998
tap1,39,288,354,380.64755,424.77875,0.81,1567217965753
tap1,14,288,1506,379.64847,1557.189,0.74,1567217966611
tap1,47,0,1794,93.91304,1851.0359,0.42999998,1567217967386
tap1,46,0,1506,124.88437,1568.1832,0.65,1567217968794
tap1,10,288,1794,396.63275,1874.0239,0.59999996,1567217969559
tap1,22,864,210,945.1249,285.8511,0.82,1567217970509
tap1,86,576,498,636.4107,606.684,0.68,1567217971264
tap1,55,576,210,681.3691,281.85318,0.78999996,1567217972050
tap1,88,864,498,943.1267,576.69965,0.84999996,1567217972958
tap1,70,864,1362,983.0897,1453.243,0.63,1567217973805
tap1,8,576,1650,666.383,1698.1155,0.53,1567217974520
tap1,13,576,1362,661.38763,1437.2513,0.48999998,1567217975408
tap1,71,864,1650,955.11566,1727.1005,0.84,1567217976388
tap1,78,576,1218,680.37006,1245.3513,0.84,1567217977102
tap1,83,864,1506,972.0999,1598.1676,0.64,1567217977949
tap1,21,864,1218,953.1175,1246.3508,0.72999996,1567217978592
tap1,85,576,1506,688.3626,1573.1805,0.75,1567217979317
tap1,19,576,66,670.3793,156.91827,0.84999996,1567217980256
tap1,77,864,354,971.1008,439.77094,0.82,1567217981072
tap1,76,576,354,683.36725,389.79697,0.75,1567217981807
tap1,23,864,66,941.1286,144.92451,0.9,1567217982654
tap1,15,576,1362,710.3423,1457.241,0.74,1567217983460
tap1,69,864,1074,968.10364,1168.3915,0.84,1567217984522
tap1,11,576,1074,699.3525,1129.4117,0.75,1567217985226
tap1,68,864,1362,942.1277,1449.2451,0.87,1567217986022
tap1,21,0,1218,116.89177,1296.3248,0.59,1567217986880
tap1,75,288,1506,430.6013,1543.1962,0.79999995,1567217987676
tap1,17,288,1218,404.62534,1268.3394,0.71,1567217988502
tap1,78,0,1506,99.90749,1563.1858,0.75,1567217989319
tap1,54,576,642,684.36633,697.63666,0.9,1567217990166
tap1,22,864,930,935.13416,999.47943,0.71999997,1567217990891
tap1,18,864,642,976.0962,698.6361,0.89,1567217991676
tap1,55,576,930,674.3756,1021.46796,0.72999996,1567217992360
tap1,4,576,1794,647.4006,1829.0474,0.74,1567217993156
tap1,73,864,1506,946.12396,1558.1884,0.75,1567217994177
tap1,72,576,1506,675.37463,1526.2051,0.75,1567217994830
tap1,3,864,1794,922.1462,1870.026,0.57,1567217996076
tap1,90,720,1362,855.2081,1440.2499,0.71,1567217996759
tap1,77,432,1650,530.5088,1711.1088,0.74,1567217997453
tap1,23,720,1650,852.21094,1748.0895,0.68,1567217998249
tap1,92,432,1362,545.49493,1448.2457,0.82,1567217998974
tap1,67,432,1074,541.4986,1143.4044,0.71999997,1567217999586
tap1,82,144,1362,228.78816,1402.2697,0.69,1567218000321
tap1,84,432,1362,521.5171,1440.2499,0.59,1567218000995
tap1,44,144,1074,296.72525,1138.4071,0.59,1567218001720
tap1,38,432,1506,519.519,1594.1697,0.77,1567218002444
tap1,45,144,1794,222.79372,1823.0504,0.74,1567218003159
tap1,44,432,1794,519.519,1828.0479,0.74,1567218003822
tap1,39,144,1506,262.7567,1558.1884,0.75,1567218004619
tap1,42,432,1506,522.5162,1584.1749,0.7,1567218005241
tap1,87,720,1794,826.235,1871.0255,0.59,1567218005966
tap1,89,432,1794,536.50323,1837.0432,0.71999997,1567218006680
tap1,43,720,1506,814.2461,1599.1671,0.7,1567218007507
tap1,42,0,1362,78.92692,1448.2457,0.65999997,1567218008344
tap1,91,288,1650,380.64755,1724.1019,0.55,1567218009212
tap1,89,288,1362,380.64755,1431.2545,0.84,1567218009946
tap1,66,0,1650,122.886215,1721.1035,0.66999996,1567218010712
tap1,56,432,642,519.519,746.61115,0.83,1567218011519
tap1,81,144,930,216.79926,1023.4669,0.78,1567218012212
tap1,20,432,930,544.49585,981.4888,0.79999995,1567218012866
tap1,79,144,642,257.76132,720.62463,0.7,1567218013642
tap2,6,138,480,142.86772,535.72095,0.7,1567218033873
tap2,7,759,1101,800.25903,1135.4086,0.7,1567218035004
tap2,8,138,1101,206.80852,1144.4039,0.7,1567218036027
tap2,9,759,480,803.2562,504.7371,0.68,1567218036905
tap2,164,0,687,30.971323,739.61475,0.47,1567218037976
tap2,183,621,1308,714.33856,1367.2878,0.97999996,1567218039467
tap2,182,0,1308,84.92137,1352.2957,0.84,1567218040487
tap2,163,621,687,625.4209,764.60175,0.89,1567218041488
tap2,242,345,66,381.64664,109.94273,0.95,1567218042406
tap2,243,552,1032,635.4117,1081.4368,0.71999997,1567218043325
tap2,244,345,1032,359.667,1109.4221,0.77,1567218044193
tap2,245,552,66,644.4033,121.936485,0.57,1567218045152
tap2,42,69,411,110.897316,470.7548,1.1999999,1567218046163
tap2,43,690,1032,733.321,1144.4039,0.75,1567218047061
tap2,45,690,411,778.27936,446.7673,0.91999996,1567218047929
tap2,44,69,1032,151.85939,1046.455,0.83,1567218048766
tap2,322,345,756,430.6013,802.582,1.03,1567218049706
tap2,321,483,1653,525.5134,1707.1108,0.9,1567218050645
tap2,316,345,1653,435.59668,1714.1072,0.81,1567218051461
tap2,323,483,756,572.4699,786.5903,0.84999996,1567218052421
tap2,2,138,549,224.79185,610.68195,0.85999995,1567218053299
tap2,3,759,1170,830.23126,1220.3644,0.59999996,1567218054208
tap2,4,138,1170,211.8039,1218.3654,0.77,1567218055085
tap2,5,759,549,840.22205,540.7184,0.78999996,1567218056096
tap2,11,759,1032,803.2562,1018.46954,0.7,1567218056903
tap2,10,138,411,240.77705,440.77042,0.9,1567218057781
tap2,12,138,1032,219.79648,1013.4721,0.79999995,1567218058648
tap2,13,759,411,907.16003,377.80322,0.90999997,1567218059526
tap2,15,759,963,832.22943,957.5013,0.75,1567218060353
tap2,14,138,342,208.80666,399.79178,1.27,1567218061313
tap2,17,759,342,842.22015,377.80322,0.82,1567218062303
tap2,16,138,963,213.80203,1002.47784,0.87,1567218063181
tap2,122,207,66,318.7049,153.91983,1.2099999,1567218064222
tap2,123,828,687,870.1943,741.6137,0.85999995,1567218065192
tap2,124,207,687,291.7299,723.6231,1.11,1567218066142
tap2,125,828,66,886.17944,143.92503,1.25,1567218067264
tap2,135,621,1170,726.32745,1153.3993,0.45,1567218068061
tap2,134,0,549,82.92322,596.6892,0.35999998,1567218069163
tap2,136,0,1170,74.93062,1238.355,0.64,1567218071123
tap2,137,621,549,694.35706,600.68713,0.84,1567218072083
tap2,130,69,66,161.85014,138.92764,0.78,1567218073287
tap2,131,690,687,766.29047,728.6205,0.76,1567218074247
tap2,133,690,66,779.27844,109.94273,1.05,1567218075196
tap2,132,69,687,120.88807,762.6028,0.96999997,1567218076186
tap2,127,759,687,836.2257,732.6184,0.81,1567218077146
tap2,126,138,66,221.79463,141.92607,0.77,1567218078167
tap2,128,138,687,213.80203,732.6184,0.82,1567218079147
tap2,129,759,66,845.2174,116.939095,0.95,1567218080535
tap2,18,138,273,212.80296,351.81674,0.64,1567218081444
tap2,19,759,894,856.2072,951.5044,0.64,1567218082312
tap2,20,138,894,184.82886,965.49713,0.68,1567218083282
tap2,21,759,273,841.22107,327.82925,0.72999996,1567218084170
tap2,35,828,1170,920.148,1162.3945,0.48,1567218085017
tap2,34,207,549,294.7271,605.6845,0.82,1567218085957
tap2,36,207,1170,249.76874,1149.4014,0.79999995,1567218086856
tap2,37,828,549,911.1564,587.6939,0.79999995,1567218087754
tap2,26,138,135,207.80759,148.92244,0.83,1567218088673
tap2,27,759,756,843.21924,773.59705,0.61,1567218089632
tap2,28,138,756,204.81036,808.57886,0.84,1567218090500
tap2,29,759,135,808.25165,192.89952,0.9,1567218092083
tap2,43,690,1032,768.28864,1083.4357,0.57,1567218092859
tap2,42,69,411,133.87604,420.78082,0.76,1567218093839
tap2,45,690,411,765.2914,407.7876,0.78999996,1567218094881
tap2,44,69,1032,154.85661,1088.4331,0.82,1567218095830
tap2,24,138,825,218.79741,880.5414,0.9,1567218096698
tap2,25,759,204,839.22296,248.87038,0.48,1567218097536
tap2,22,138,204,220.79556,230.87975,0.87,1567218098597
tap2,23,759,825,853.21,908.5268,0.63,1567218099608
tap2,38,69,480,171.84088,547.7147,0.75,1567218100517
tap2,39,690,1101,782.2757,1156.3977,0.65,1567218101436
tap2,40,69,1101,137.87234,1145.4034,0.78,1567218102242
tap2,41,690,480,779.27844,497.74075,0.77,1567218103121
tap2,33,690,549,760.296,638.66736,0.58,1567218103917
tap2,32,69,1170,150.86032,1203.3732,0.66999996,1567218104734
tap2,30,69,549,194.81961,552.7121,0.84,1567218105744
tap2,31,690,1170,711.3414,1211.369,0.71999997,1567218106684
tap2,46,69,342,149.86124,385.79904,0.87,1567218107582
tap2,47,690,963,758.29785,992.48303,0.64,1567218108542
tap2,48,69,963,168.84366,951.5044,0.76,1567218109481
tap2,49,690,342,774.2831,356.81415,0.71,1567218110298
tap2,108,276,963,351.67438,944.50806,0.69,1567218111084
tap2,231,897,1584,908.1591,1534.2009,0.32,1567218111850
tap2,230,276,1584,322.7012,1606.1635,0.55,1567218112953
tap2,107,897,963,945.1249,1160.3956,0.45,1567218113698
tap2,143,621,1032,767.28955,1141.4055,0.52,1567218114515
tap2,232,0,1653,75.929695,1669.1306,0.65999997,1567218115607
tap2,233,621,1653,684.36633,1700.1145,0.51,1567218116547
tap2,144,0,1032,78.92692,1068.4435,0.59999996,1567218117700
tap2,44,69,1032,138.87141,1052.4518,0.68,1567218118589
tap2,235,690,1653,774.2831,1669.1306,0.52,1567218119538
tap2,43,690,1032,731.3229,1077.4388,0.72999996,1567218120570
tap2,234,69,1653,139.87048,1698.1155,0.76,1567218122824
tap2,12,138,1032,209.80574,1039.4586,0.75,1567218123684
tap2,237,759,1653,812.2479,1662.1343,0.59,1567218125552
tap2,11,759,1032,814.2461,1102.4258,0.78999996,1567218126430
tap2,236,138,1653,171.84088,1703.1129,0.69,1567218127400
tap2,238,207,1653,290.7308,1696.1166,0.63,1567218128524
tap2,67,828,1032,854.20905,1085.4347,0.66999996,1567218129555
tap2,68,207,1032,267.75208,1107.4232,0.64,1567218130454
tap2,239,828,1653,892.1739,1697.1161,0.64,1567218131475
tap2,104,276,1032,335.68918,1106.4237,0.74,1567218132332
tap2,241,897,1653,978.09436,1694.1176,0.65999997,1567218133650
tap2,240,276,1653,330.69382,1729.0994,0.65999997,1567218134548
tap2,103,897,1032,967.10455,1043.4565,0.69,1567218135876
tap2,50,69,273,127.88159,314.83603,0.91999996,1567218137132
tap2,51,690,894,746.30896,860.55176,0.74,1567218138030
tap2,52,69,894,157.85384,979.4898,0.82,1567218138908
tap2,53,690,273,793.2655,270.85892,0.52,1567218139848
tap2,55,690,825,768.28864,867.54816,0.79999995,1567218140705
tap2,54,69,204,171.84088,257.8657,0.85999995,1567218141890
tap2,56,69,825,122.886215,845.5596,0.83,1567218142799
tap2,57,690,204,735.31915,235.87714,0.68,1567218143759
tap2,59,690,756,774.2831,786.5903,0.61,1567218144524
tap2,58,69,135,126.882515,166.91306,0.83,1567218145923
tap2,61,690,135,711.3414,144.92451,0.65999997,1567218146771
tap2,60,69,756,153.85754,779.59393,0.71999997,1567218147792
tap2,62,207,480,291.7299,518.7298,0.76,1567218148752
tap2,63,828,1101,893.173,1112.4205,0.74,1567218149691
tap2,64,207,1101,240.77705,1195.3773,0.84,1567218150518
tap2,65,828,480,905.16187,524.7267,0.82,1567218151366
tap2,290,345,480,421.60962,534.7215,0.64,1567218152162
tap2,291,552,1446,607.43756,1444.2478,0.84,1567218153122
tap2,293,552,480,652.39594,537.7199,0.53,1567218154051
tap2,292,345,1446,422.6087,1410.2655,0.79999995,1567218155031
tap2,141,621,480,712.34045,491.74387,0.83,1567218155848
tap2,295,414,1446,480.55505,1485.2264,0.9,1567218156726
tap2,294,414,480,465.5689,531.723,0.79999995,1567218157625
tap2,203,621,1446,695.35614,1445.2472,0.75,1567218158452
tap2,297,483,1446,573.469,1472.2332,0.77,1567218159300
tap2,41,690,480,778.27936,499.73972,0.88,1567218160157
tap2,296,483,480,542.4977,530.7236,0.66999996,1567218161005
tap2,205,690,1446,751.3043,1436.252,0.9,1567218161812
tap2,319,414,1653,489.54672,1657.1368,0.87,1567218162649
tap2,325,552,756,622.4237,802.582,0.69,1567218163527
tap2,324,414,756,468.56613,810.5778,0.59999996,1567218164344
tap2,315,552,1653,616.42926,1645.1431,0.88,1567218165202
tap2,298,345,549,443.58926,591.69183,0.77,1567218165988
tap2,299,552,1515,577.46533,1524.206,0.89,1567218166877
tap2,301,552,549,664.3848,542.71735,0.56,1567218167653
tap2,300,345,1515,419.61148,1506.2155,0.77,1567218168500
tap2,326,345,825,450.5828,889.5367,0.79999995,1567218169327
tap2,256,483,135,606.4385,168.91202,0.69,1567218170195
tap2,250,345,135,460.57355,181.90526,0.7,1567218171042
tap2,327,483,825,533.50604,842.56116,0.63,1567218171911
tap2,67,828,1032,927.14154,1060.4476,0.59,1567218172635
tap2,66,207,411,238.77892,471.75427,0.71999997,1567218173565
tap2,68,207,1032,271.74838,1100.4269,0.65,1567218174361
tap2,69,828,411,853.21,467.75638,0.71,1567218175178
tap2,72,207,963,281.73914,1069.443,0.48999998,1567218176066
tap2,73,828,342,860.2035,378.8027,0.75,1567218176843
tap2,70,207,342,278.7419,398.7923,0.66999996,1567218177721
tap2,71,828,963,899.1674,1034.4612,0.59999996,1567218178701
tap2,76,207,894,292.72894,961.4992,0.65,1567218179467
tap2,77,828,273,869.1952,345.8199,0.77,1567218180274
tap2,74,207,273,248.76965,323.83133,0.89,1567218181131
tap2,75,828,894,856.2072,917.5221,0.45999998,1567218181897
tap2,80,207,825,248.76965,882.54034,0.66999996,1567218182694
tap2,81,828,204,911.1564,209.89067,0.77,1567218183582
tap2,78,207,204,247.77058,236.87662,0.76,1567218184512
tap2,79,828,825,918.14984,833.56586,0.62,1567218185339
tap2,84,207,756,258.7604,848.55804,0.53999996,1567218186166
tap2,85,828,135,867.197,177.90733,0.84999996,1567218186983
tap2,82,207,135,240.77705,180.90578,0.78,1567218187922
tap2,83,828,756,940.1295,780.59344,0.58,1567218188882
tap2,89,621,618,686.3645,637.66785,0.77,1567218189750
tap2,88,0,1239,74.93062,1262.3425,0.69,1567218190751
tap2,87,621,1239,719.334,1293.3264,0.7,1567218191497
tap2,86,0,618,119.88899,653.65955,0.7,1567218192446
tap2,305,483,1515,535.50415,1587.1733,0.87,1567218193703
tap2,33,690,549,769.2877,553.7116,0.74,1567218194479
tap2,304,483,549,550.4903,590.6923,0.68,1567218195245
tap2,215,690,1515,790.26825,1546.1947,0.85999995,1567218196123
tap2,309,552,618,586.457,645.6637,0.77,1567218196909
tap2,308,345,1584,419.61148,1609.1619,0.72999996,1567218197757
tap2,307,552,1584,599.44495,1659.1359,0.77,1567218198747
tap2,306,345,618,395.63367,677.64703,0.64,1567218199605
tap2,258,345,204,425.60593,201.89484,0.78999996,1567218200484
tap2,331,483,894,541.4986,921.52,0.84999996,1567218201321
tap2,330,345,894,388.64014,906.52783,0.83,1567218202240
tap2,264,483,204,543.49677,223.88339,0.98999995,1567218203118
tap2,223,621,1584,712.34045,1605.164,0.84,1567218204068
tap2,310,414,618,449.5837,626.6736,0.79999995,1567218204844
tap2,89,621,618,692.35895,636.6684,0.7,1567218205641
tap2,311,414,1584,499.53748,1648.1416,0.81,1567218206540
tap2,261,552,204,640.40704,242.8735,0.78999996,1567218207356
tap2,322,345,756,397.63184,768.5997,0.78999996,1567218208194
tap2,262,414,204,470.5643,232.87871,0.9,1567218209144
tap2,333,552,894,605.4394,960.4997,0.79999995,1567218209879
tap2,312,483,618,564.47736,651.6606,0.79999995,1567218210675
tap2,225,690,1584,724.32935,1595.1692,0.84,1567218211482
tap2,93,690,618,750.3053,633.6699,0.75,1567218212299
tap2,313,483,1584,575.46716,1592.1707,0.87,1567218213137
tap2,91,690,1239,792.2664,1341.3014,0.84999996,1567218213994
tap2,90,69,618,207.80759,668.65173,0.74,1567218214832
tap2,93,690,618,752.3034,643.66473,0.72999996,1567218215608
tap2,92,69,1239,144.86586,1215.367,0.66999996,1567218216517
tap2,108,276,963,319.70398,1034.4612,0.84,1567218217456
tap2,109,897,342,964.1073,383.8001,0.69,1567218218192
tap2,106,276,342,357.66882,361.81155,0.79999995,1567218219060
tap2,107,897,963,960.111,942.5091,0.78999996,1567218219887
tap2,100,276,1101,319.70398,1130.4113,0.78999996,1567218220674
tap2,101,897,480,943.1267,522.7277,0.78,1567218221501
tap2,99,897,1101,958.11285,1139.4065,0.62,1567218222298
tap2,98,276,480,359.667,542.71735,0.83,1567218223156
tap2,105,897,411,957.1138,455.7626,0.75,1567218223932
tap2,104,276,1032,335.68918,1081.4368,0.78,1567218224810
tap2,102,276,411,348.67715,482.74857,0.77,1567218225699
tap2,103,897,1032,970.10175,1061.4471,0.84,1567218226516
tap2,97,897,549,951.1193,543.7168,0.63,1567218227210
tap2,96,276,1170,363.66327,1203.3732,0.76,1567218228018
tap2,94,276,549,315.70767,566.70483,0.95,1567218228814
tap2,95,897,1170,955.11566,1192.3789,0.66999996,1567218229590
tap2,111,897,894,992.0814,909.52625,0.61,1567218230448
tap2,110,276,273,322.7012,350.81726,0.77,1567218231255
tap2,112,276,894,360.66605,923.519,0.89,1567218232031
tap2,113,897,273,938.13135,250.86934,0.9,1567218232859
tap2,116,276,825,347.67807,852.55597,0.77,1567218233676
tap2,117,897,204,925.1434,243.87297,0.94,1567218234503
tap2,114,276,204,348.67715,221.88443,0.96999997,1567218235320
tap2,115,897,825,971.1008,812.5768,0.77,1567218236015
tap2,119,897,756,998.07587,727.62103,0.83,1567218236924
tap2,118,276,135,335.68918,186.90265,0.97999996,1567218237792
tap2,121,897,135,972.0999,199.89589,0.75,1567218238568
tap2,120,276,756,330.69382,836.5643,0.83,1567218239334
tap2,152,0,894,101.90564,951.5044,0.89,1567218240253
tap2,213,621,1515,667.3821,1591.1713,0.69,1567218241050
tap2,212,0,1515,111.89639,1543.1962,0.79999995,1567218241877
tap2,151,621,894,656.3922,916.52264,0.83,1567218242705
tap2,56,69,825,134.87512,825.57,0.85999995,1567218243542
tap2,205,690,1446,795.2637,1447.2462,0.61,1567218244400
tap2,204,69,1446,100.90657,1465.2368,0.88,1567218245942
tap2,55,690,825,759.29694,838.56323,0.61,1567218246831
tap2,24,138,825,249.76874,818.57367,0.82,1567218247627
tap2,207,759,1446,813.247,1449.2451,0.64,1567218248812
tap2,206,138,1446,188.82516,1476.2311,0.82,1567218249752
tap2,23,759,825,815.2451,876.54346,0.66999996,1567218250487
tap2,80,207,825,256.76227,876.54346,0.61,1567218251345
tap2,209,828,1446,868.1961,1467.2357,0.78999996,1567218252172
tap2,208,207,1446,248.76965,1503.217,0.84,1567218253020
tap2,79,828,825,913.1545,895.53357,0.7,1567218253816
tap2,115,897,825,958.11285,847.55853,0.59999996,1567218254674
tap2,210,276,1446,341.68362,1477.2306,0.79999995,1567218255533
tap2,116,276,825,334.6901,896.533,0.82,1567218256349
tap2,211,897,1446,939.13043,1468.2352,0.77,1567218257238
tap2,203,621,1446,667.3821,1433.2534,0.77,1567218258034
tap2,156,0,825,127.88159,858.5528,0.81,1567218258912
tap2,202,0,1446,82.92322,1461.2389,0.77,1567218260597
tap2,155,621,825,668.3811,873.545,0.74,1567218261343
tap2,52,69,894,156.85477,957.5013,0.79999995,1567218262160
tap2,215,690,1515,707.34503,1577.1785,0.90999997,1567218263621
tap2,51,690,894,773.284,905.5283,0.74,1567218264376
tap2,214,69,1515,143.86679,1581.1764,0.89,1567218265337
tap2,216,138,1515,215.80019,1542.1968,0.88,1567218266256
tap2,19,759,894,845.2174,917.5221,0.69,1567218267022
tap2,217,759,1515,818.2424,1608.1624,0.83,1567218268360
tap2,20,138,894,191.82239,941.5096,0.82,1567218269177
tap2,141,621,480,718.3349,494.7423,0.72999996,1567218269963
tap2,140,0,1101,104.90287,1120.4164,0.72999996,1567218270882
tap2,138,0,480,107.90009,511.73346,0.84999996,1567218271883
tap2,139,621,1101,694.35706,1127.4127,0.71,1567218272741
tap2,142,0,411,95.911194,432.7746,0.83,1567218273670
tap2,143,621,1032,704.34784,1092.431,0.76,1567218274467
tap2,144,0,1032,85.92044,1061.4471,0.71999997,1567218275294
tap2,145,621,411,647.4006,403.78967,0.78,1567218276142
tap2,148,0,963,81.92415,1040.4581,0.74,1567218276989
tap2,149,621,342,690.3608,367.8084,0.74,1567218277786
tap2,147,621,963,668.3811,974.49243,0.75,1567218278521
tap2,146,0,342,107.90009,424.77875,0.81,1567218279440
tap2,153,621,273,664.3848,296.8454,0.77,1567218280267
tap2,152,0,894,54.94912,942.5091,0.65999997,1567218281115
tap2,150,0,273,67.937096,296.8454,0.79999995,1567218282136
tap2,151,621,894,723.33026,912.5247,0.78,1567218282892
tap2,266,345,273,423.6078,285.8511,0.96999997,1567218283740
tap2,267,552,1239,644.4033,1268.3394,0.69,1567218284496
tap2,269,552,273,563.4783,262.8631,0.87,1567218285323
tap2,268,345,1239,385.6429,1296.3248,0.81,1567218286069
tap2,271,414,1239,488.54764,1295.3253,0.66999996,1567218286814
tap2,153,621,273,706.346,266.861,0.84,1567218287580
tap2,270,414,273,440.59204,308.83914,0.84,1567218288265
tap2,87,621,1239,662.38666,1280.3331,0.74,1567218289112
tap2,91,690,1239,742.3127,1250.3488,0.71,1567218289878
tap2,272,483,273,520.51807,297.84488,0.72999996,1567218290634
tap2,273,483,1239,522.5162,1254.3467,0.7,1567218291349
tap2,53,690,273,708.3441,264.86203,0.90999997,1567218292125
tap2,277,552,342,589.4542,366.80893,0.81,1567218292871
tap2,276,345,1308,445.58743,1331.3065,0.78,1567218293626
tap2,274,345,342,371.65588,433.77408,0.91999996,1567218294454
tap2,275,552,1308,638.4089,1350.2966,0.84,1567218295230
tap2,183,621,1308,697.3543,1290.3279,0.71,1567218295904
tap2,278,414,342,516.5217,361.81155,0.84999996,1567218296650
tap2,149,621,342,695.35614,350.81726,0.78999996,1567218297385
tap2,279,414,1308,466.568,1381.2805,0.98999995,1567218298151
tap2,281,483,1308,586.457,1340.3019,0.69,1567218298845
tap2,49,690,342,800.25903,326.82977,0.83,1567218299673
tap2,280,483,342,537.5023,422.7798,0.77,1567218300418
tap2,185,690,1308,739.3154,1377.2826,0.78,1567218301205
tap2,156,0,825,121.887146,824.5705,0.94,1567218302032
tap2,157,621,204,690.3608,244.87245,0.78,1567218302798
tap2,155,621,825,698.3534,823.57104,0.74,1567218303462
tap2,154,0,204,88.91767,254.86725,1.01,1567218304412
tap2,158,0,135,38.96392,196.89745,0.62,1567218305444
tap2,159,621,756,684.36633,789.58875,0.94,1567218306291
tap2,160,0,756,72.93247,851.55646,0.78,1567218307118
tap2,161,621,135,706.346,169.9115,0.81,1567218307976
tap2,162,0,66,71.933395,160.91618,0.83,1567218308957
tap2,163,621,687,694.35706,706.63196,0.72999996,1567218309866
tap2,164,0,687,91.914894,731.61896,0.93,1567218310703
tap2,165,621,66,667.3821,92.951584,0.83,1567218312052
tap2,169,897,66,972.0999,156.91827,0.74,1567218313043
tap2,168,276,687,378.6494,735.6168,0.65999997,1567218313952
tap2,166,276,66,369.6577,117.93857,0.82,1567218314953
tap2,167,897,687,957.1138,708.6309,0.59999996,1567218316015
tap2,170,138,618,210.80481,651.6606,0.78999996,1567218316853
tap2,171,759,1239,815.2451,1294.3258,0.59999996,1567218317710
tap2,173,759,618,842.22015,665.65326,0.82,1567218318497
tap2,172,138,1239,202.81221,1260.3435,0.87,1567218319357
tap2,177,828,618,901.1656,629.67206,0.59999996,1567218320121
tap2,176,207,1239,280.74005,1250.3488,0.81,1567218320938
tap2,174,207,618,255.76318,647.66266,0.77,1567218321694
tap2,175,828,1239,927.14154,1251.3483,0.71999997,1567218322552
tap2,133,690,66,734.32007,75.960434,0.83,1567218323379
tap2,249,483,1032,536.50323,1088.4331,0.74,1567218324105
tap2,43,690,1032,786.272,1086.4341,0.75,1567218324932
tap2,248,483,66,522.5162,147.92296,0.79999995,1567218325882
tap2,251,552,1101,608.43665,1142.405,0.63,1567218326628
tap2,250,345,135,389.63922,165.91359,1.01,1567218327557
tap2,252,345,1101,413.61703,1099.4274,0.77,1567218328354
tap2,253,552,135,579.46344,182.90474,0.96999997,1567218329263
tap2,254,414,135,485.5504,148.92244,0.96999997,1567218330101
tap2,139,621,1101,689.3617,1110.4216,0.90999997,1567218330907
tap2,161,621,135,699.3525,190.90057,0.79999995,1567218331643
tap2,255,414,1101,494.54208,1121.4159,0.71,1567218332409
tap2,178,276,618,306.716,677.64703,0.90999997,1567218333216
tap2,179,897,1239,953.1175,1275.3357,0.84,1567218334146
tap2,181,897,618,938.13135,648.6621,0.76,1567218334881
tap2,180,276,1239,325.69843,1290.3279,0.82,1567218335790
tap2,132,69,687,155.85568,725.6221,0.90999997,1567218336566
tap2,185,690,1308,784.2738,1285.3306,0.81,1567218337414
tap2,184,69,1308,188.82516,1234.357,0.9,1567218338283
tap2,131,690,687,695.35614,718.6257,0.84999996,1567218339120
tap2,127,759,687,824.2368,725.6221,0.77,1567218339835
tap2,187,759,1308,805.2544,1368.2874,0.90999997,1567218340642
tap2,186,138,1308,199.81499,1372.2853,0.90999997,1567218341398
tap2,126,138,66,243.77429,78.95887,0.97999996,1567218342460
tap2,123,828,687,870.1943,737.6158,0.88,1567218343226
tap2,188,207,1308,281.73914,1362.2904,0.81,1567218343992
tap2,124,207,687,265.75394,719.6252,0.95,1567218344728
tap2,189,828,1308,866.198,1322.3113,0.65999997,1567218345371
tap2,317,552,687,621.4246,627.6731,0.82,1567218346035
tap2,316,345,1653,383.64478,1623.1545,0.87,1567218346924
tap2,314,345,687,356.66974,745.61163,0.93,1567218347690
tap2,315,552,1653,601.4431,1718.1051,0.63,1567218348650
tap2,266,345,273,485.5504,329.82822,0.85999995,1567218349437
tap2,335,483,963,575.46716,974.49243,0.87,1567218350244
tap2,272,483,273,565.47644,281.85318,0.88,1567218351092
tap2,334,345,963,421.60962,967.4961,0.85999995,1567218351879
tap2,318,414,687,495.54117,709.6304,0.84999996,1567218352665
tap2,233,621,1653,657.3913,1655.138,0.84,1567218353585
tap2,163,621,687,705.3469,559.7085,0.64,1567218354290
tap2,319,414,1653,505.53192,1648.1416,0.64,1567218355352
tap2,269,552,273,696.3552,334.8256,0.75,1567218356230
tap2,336,414,963,453.58002,965.49713,0.59999996,1567218356986
tap2,337,552,963,614.4311,1017.47003,0.87,1567218357732
tap2,270,414,273,523.51526,326.82977,0.91999996,1567218358590
tap2,168,276,687,315.70767,763.6023,0.88,1567218359387
tap2,191,897,1308,942.1277,1347.2982,0.57,1567218360122
tap2,167,897,687,963.1082,717.6262,0.90999997,1567218360909
tap2,190,276,1308,352.67346,1267.3398,0.82,1567218361798
tap2,192,0,1377,138.87141,1365.2888,0.7,1567218362686
tap2,160,0,756,115.89269,769.5991,0.91999996,1567218363636
tap2,193,621,1377,705.3469,1377.2826,0.5,1567218364637
tap2,159,621,756,694.35706,747.6106,0.65999997,1567218365404
tap2,194,69,1377,151.85939,1374.2842,0.74,1567218366354
tap2,59,690,756,784.2738,822.57153,0.65999997,1567218367058
tap2,60,69,756,146.86401,794.5861,0.85999995,1567218367855
tap2,195,690,1377,744.31085,1481.2285,0.62,1567218368754
tap2,28,138,756,194.81961,740.61426,0.90999997,1567218369541
tap2,197,759,1377,758.29785,1389.2764,0.83,1567218370399
tap2,27,759,756,837.2248,743.6127,0.69,1567218371165
tap2,196,138,1377,244.77336,1413.2639,0.84999996,1567218372033
tap2,84,207,756,265.75394,861.5513,0.9,1567218372891
tap2,199,828,1377,817.2433,1391.2754,0.64,1567218373811
tap2,83,828,756,870.1943,764.60175,0.82,1567218374781
tap2,198,207,1377,299.72247,1348.2977,0.78999996,1567218375619
tap2,200,276,1377,337.68732,1392.2748,0.89,1567218376507
tap2,119,897,756,984.0888,787.5898,0.78,1567218377426
tap2,120,276,756,341.68362,805.5804,0.84,1567218378213
tap2,201,897,1377,910.1573,1388.2769,0.65,1567218379051
tap2,242,345,66,434.5976,116.939095,0.7,1567218380041
tap2,347,966,687,1010.06476,732.6184,0.58,1567218381257
tap2,338,966,66,1044.0333,136.92868,0.57,1567218382431
tap2,314,345,687,408.62164,707.6314,0.74,1567218383259
tap2,322,345,756,410.6198,762.6028,0.79999995,1567218384046
tap2,339,966,135,1036.0406,178.90681,0.65999997,1567218385874
tap2,348,966,756,1017.0583,751.6085,0.72999996,1567218386732
tap2,250,345,135,407.62256,187.90213,0.84999996,1567218387733
tap2,258,345,204,377.65033,224.88287,0.98999995,1567218388713
tap2,349,966,825,950.12024,864.5497,0.88,1567218390133
tap2,340,966,204,1028.0481,232.87871,0.77,1567218391777
tap2,326,345,825,412.61795,842.56116,0.71999997,1567218392574
tap2,330,345,894,423.6078,888.5372,0.84,1567218393330
tap2,341,966,273,1022.05365,320.8329,0.77,1567218394188
tap2,266,345,273,361.66513,266.861,0.88,1567218395107
tap2,350,966,894,1041.0361,897.53253,0.55,1567218397007
tap2,76,207,894,305.71692,951.5044,0.84999996,1567218397875
tap2,219,828,1515,909.1582,1578.178,0.78999996,1567218398887
tap2,218,207,1515,312.71045,1584.1749,0.79999995,1567218399714
tap2,75,828,894,882.18317,966.4966,0.78,1567218400459
tap2,220,276,1515,353.67252,1537.1993,0.58,1567218401338
tap2,111,897,894,958.11285,939.5106,0.59,1567218402124
tap2,112,276,894,291.7299,929.51587,0.77,1567218402962
tap2,221,897,1515,913.1545,1552.1915,0.89,1567218404790
tap2,225,690,1584,777.2803,1584.1749,0.78,1567218405648
tap2,48,69,963,193.82054,999.47943,0.72999996,1567218406527
tap2,47,690,963,757.2988,971.494,0.65,1567218407395
tap2,224,69,1584,166.84552,1633.1494,0.65999997,1567218408866
tap2,165,621,66,651.39685,74.96095,0.81,1567218410275
tap2,247,414,1032,484.55133,1065.4451,0.65,1567218411184
tap2,143,621,1032,693.35803,1107.4232,0.66999996,1567218412001
tap2,246,414,66,498.5384,130.93181,0.76,1567218413002
tap2,15,759,963,841.22107,989.4846,0.51,1567218413932
tap2,226,138,1584,225.79094,1599.1671,0.72999996,1567218414820
tap2,227,759,1584,816.2442,1605.164,0.74,1567218415678
tap2,16,138,963,227.7891,1027.4648,0.82,1567218416536
tap2,72,207,963,287.73358,976.4914,0.7,1567218417415
tap2,229,828,1584,883.18225,1600.1665,0.87,1567218418426
tap2,71,828,963,941.1286,944.50806,0.63,1567218419284
tap2,228,207,1584,238.77892,1617.1577,0.66999996,1567218421112
tap2,242,345,66,439.59296,128.93285,1.0,1567218422634
tap2,243,552,1032,593.4505,1104.4248,0.83,1567218423564
tap2,244,345,1032,406.6235,1072.4414,0.90999997,1567218424401
tap2,245,552,66,647.4006,93.951065,0.97999996,1567218425576
tap2,148,0,963,99.90749,974.49243,0.77,1567218426505
tap2,223,621,1584,730.3238,1616.1582,0.76,1567218427282
tap2,147,621,963,662.38666,998.4799,0.83,1567218428038
tap2,222,0,1584,105.90195,1611.1608,0.76,1567218429795
tap2,252,345,1101,442.5902,1155.3982,0.81,1567218430622
tap2,344,966,480,1015.0601,553.7116,0.66999996,1567218432174
tap2,290,345,480,414.6161,506.73605,0.96999997,1567218432941
tap2,353,966,1101,1009.0657,1112.4205,0.69,1567218434023
tap2,345,966,549,1034.0426,609.68243,0.65999997,1567218434850
tap2,260,345,1170,416.61426,1221.3639,0.71,1567218435627
tap2,354,966,1170,1005.0694,1197.3763,0.65999997,1567218436403
tap2,298,345,549,438.5939,598.6882,0.9,1567218437251
tap2,346,966,618,1030.0463,644.66425,0.55,1567218438037
tap2,268,345,1239,405.62442,1260.3435,0.68,1567218438824
tap2,355,966,1239,1020.0555,1265.341,0.59,1567218439651
tap2,306,345,618,441.59113,656.65796,0.85999995,1567218440489
tap2,314,345,687,412.61795,704.633,0.87,1567218441347
tap2,356,966,1308,1026.0499,1293.3264,0.57,1567218442113
tap2,347,966,687,1031.0453,745.61163,0.61,1567218442889
tap2,276,345,1308,411.61887,1361.291,0.71999997,1567218443748
tap2,257,483,1101,553.4875,1143.4044,0.78,1567218444554
tap2,61,690,135,710.3423,166.91306,0.84999996,1567218445453
tap2,39,690,1101,696.3552,1186.3821,0.39,1567218446270
tap2,256,483,135,524.51434,195.89796,1.09,1567218447149
tap2,258,345,204,394.6346,281.85318,0.96,1567218448079
tap2,259,552,1170,627.41907,1165.393,0.42999998,1567218448763
tap2,260,345,1170,399.62997,1254.3467,0.72999996,1567218449519
tap2,261,552,204,598.44586,273.85736,1.03,1567218450356
tap2,157,621,204,724.32935,275.85632,0.90999997,1567218451194
tap2,263,414,1170,498.5384,1200.3748,0.77,1567218452001
tap2,262,414,204,486.5495,248.87038,0.98999995,1567218452900
tap2,135,621,1170,683.36725,1221.3639,0.72999996,1567218453666
tap2,244,345,1032,401.6281,1079.4377,0.76,1567218454422
tap2,361,966,1653,1038.0388,1738.0947,0.55,1567218455668
tap2,352,966,1032,1047.0305,1043.4565,0.59,1567218456516
tap2,316,345,1653,433.5985,1704.1124,0.71999997,1567218457425
tap2,282,345,411,414.6161,422.7798,0.9,1567218458232
tap2,283,552,1377,613.432,1420.2603,0.78,1567218459059
tap2,284,345,1377,413.61703,1408.2665,0.84,1567218459836
tap2,285,552,411,627.41907,439.77094,0.98999995,1567218460643
tap2,145,621,411,725.3284,427.7772,0.76,1567218461409
tap2,287,414,1377,464.56985,1429.2556,0.84,1567218462287
tap2,193,621,1377,701.3506,1396.2727,0.77,1567218463002
tap2,286,414,411,529.5097,458.76105,0.93,1567218463819
tap2,288,483,411,585.4579,436.7725,0.78,1567218464626
tap2,195,690,1377,766.29047,1422.2592,0.78999996,1567218465495
tap2,289,483,1377,561.4801,1387.2775,0.69,1567218466301
tap2,45,690,411,848.2146,389.79697,0.90999997,1567218467078
tap2,31,690,1170,742.3127,1102.4258,0.65999997,1567218467905
tap2,264,483,204,556.48474,333.8261,1.0699999,1567218468774
tap2,57,690,204,751.3043,264.86203,0.97999996,1567218469581
tap2,265,483,1170,537.5023,1169.3909,0.9,1567218470387
tap2,300,345,1515,375.65216,1581.1764,0.78,1567218471082
tap2,350,966,894,1017.0583,947.5065,0.75,1567218471879
tap2,330,345,894,384.64386,922.5195,0.82,1567218472614
tap2,359,966,1515,998.07587,1541.1973,0.75,1567218473901
tap2,351,966,963,1018.0574,1013.4721,0.65999997,1567218474565
tap2,308,345,1584,397.63184,1637.1473,0.64,1567218475423
tap2,360,966,1584,1012.0629,1630.1509,0.59,1567218476342
tap2,334,345,963,365.66144,991.4836,0.71999997,1567218477088
tap2,137,621,549,714.33856,601.6866,0.87,1567218477844
tap2,303,414,1515,493.54303,1568.1832,0.78999996,1567218478733
tap2,213,621,1515,690.3608,1549.1931,0.77,1567218479519
tap2,302,414,549,476.55875,579.69806,0.88,1567218480316
tap2,254,414,135,507.53006,191.90005,0.96999997,1567218481225
tap2,329,552,825,599.44495,884.5393,0.78,1567218482052
tap2,253,552,135,665.3839,174.90889,0.94,1567218482931
tap2,328,414,825,487.54858,832.56635,0.71,1567218483676
tap2,334,345,963,401.6281,1046.455,0.74,1567218484493
tap2,342,966,342,1007.0675,362.81104,0.65,1567218485382
tap2,274,345,342,440.59204,403.78967,0.81,1567218486189
tap2,351,966,963,1025.0509,1033.4617,0.55,1567218487139
tap2,282,345,411,377.65033,453.76364,1.02,1567218487967
tap2,352,966,1032,1029.0472,1051.4524,0.62,1567218488865
tap2,343,966,411,1009.0657,458.76105,0.78,1567218489672
tap2,244,345,1032,424.60684,1049.4534,0.83,1567218490510
tap2,322,345,756,436.59573,789.58875,0.87,1567218491307
tap2,357,966,1377,1022.05365,1367.2878,0.56,1567218492103
tap2,348,966,756,1024.0518,830.5674,0.62,1567218492798
tap2,284,345,1377,399.62997,1366.2883,0.77,1567218493666
tap2,292,345,1446,452.58093,1440.2499,0.78999996,1567218494463
tap2,349,966,825,1001.07306,860.55176,0.74,1567218495801
tap2,326,345,825,424.60684,897.53253,0.76,1567218496526
tap2,358,966,1446,1019.05646,1418.2612,0.69,1567218497568
tap2,131,690,687,777.2803,692.6392,0.85999995,1567218498324
tap2,321,483,1653,557.4838,1626.153,0.71,1567218499203
tap2,320,483,687,553.4875,735.6168,0.87,1567218499959
tap2,235,690,1653,730.3238,1673.1285,0.69,1567218500807
tap2,362,0,1722,121.887146,1733.0973,0.68,1567218501757
tap2,139,621,1101,721.3321,1146.4028,0.68,1567218502441
tap2,140,0,1101,72.93247,1135.4086,0.74,1567218503319
tap2,371,621,1722,662.38666,1743.092,0.66999996,1567218504239
tap2,39,690,1101,773.284,1070.4425,0.78,1567218504944
tap2,363,69,1722,151.85939,1742.0927,0.59999996,1567218505985
tap2,372,690,1722,704.34784,1753.0869,0.58,1567218506833
tap2,40,69,1101,148.86217,1145.4034,0.71,1567218507650
tap2,136,0,1170,100.90657,1195.3773,0.82,1567218508488
tap2,386,621,1791,675.37463,1823.0504,0.7,1567218509642
tap2,135,621,1170,718.3349,1202.3738,0.81,1567218510429
tap2,377,0,1791,77.92784,1805.0598,0.68,1567218511470
tap2,31,690,1170,731.3229,1182.3842,0.82,1567218512206
tap2,378,69,1791,113.89455,1816.0541,0.83,1567218513779
tap2,32,69,1170,135.87419,1257.3451,0.79999995,1567218514658
tap2,387,690,1791,732.3219,1795.0651,0.63,1567218515597
tap2,8,138,1101,233.78354,1125.4138,0.95,1567218516445
tap2,373,759,1722,791.26733,1763.0817,0.7,1567218517426
tap2,7,759,1101,868.1961,1102.4258,0.78,1567218518376
tap2,364,138,1722,215.80019,1741.0931,0.75,1567218519214
tap2,374,828,1722,872.19244,1723.1025,0.66999996,1567218520133
tap2,64,207,1101,263.7558,1132.4102,0.89,1567218520930
tap2,365,207,1722,254.76411,1754.0864,0.66999996,1567218521900
tap2,63,828,1101,928.1406,1131.4106,0.65999997,1567218522656
tap2,379,138,1791,203.81128,1791.0671,0.51,1567218523698
tap2,3,759,1170,790.26825,1227.3607,0.77,1567218524424
tap2,4,138,1170,214.80112,1194.3779,0.88,1567218525231
tap2,388,759,1791,760.296,1837.0432,0.64,1567218526109
tap2,380,207,1791,235.78168,1807.0588,0.76,1567218526896
tap2,35,828,1170,955.11566,1209.3701,0.42999998,1567218527611
tap2,389,828,1791,876.1887,1859.0317,0.58,1567218528520
tap2,36,207,1170,239.77798,1170.3904,0.88,1567218529246
tap2,100,276,1101,353.67252,1102.4258,0.89,1567218529971
tap2,375,897,1722,929.1397,1768.0791,0.93,1567218530829
tap2,99,897,1101,960.111,1136.4081,0.78,1567218531523
tap2,366,276,1722,330.69382,1772.077,0.82,1567218532371
tap2,368,414,1722,489.54672,1790.0676,0.85999995,1567218533209
tap2,159,621,756,663.38574,795.58563,0.94,1567218534067
tap2,371,621,1722,703.34875,1750.0885,0.7,1567218534863
tap2,324,414,756,552.48846,798.58405,0.95,1567218535660
tap2,96,276,1170,376.65125,1198.3759,0.90999997,1567218536467
tap2,390,897,1791,974.0981,1846.0385,0.69,1567218537468
tap2,95,897,1170,1031.0453,1166.3925,0.72999996,1567218538203
tap2,381,276,1791,342.6827,1823.0504,0.83,1567218539000
tap2,385,552,1791,624.4218,1795.0651,0.78999996,1567218539817
tap2,326,345,825,429.60223,901.53046,0.83,1567218540665
tap2,382,345,1791,405.62442,1815.0546,0.9,1567218541687
tap2,329,552,825,611.43384,864.5497,0.9,1567218542504
tap2,323,483,756,563.4783,790.5882,0.90999997,1567218543352
tap2,372,690,1722,743.31177,1733.0973,0.96999997,1567218544230
tap2,59,690,756,727.32654,699.63556,0.90999997,1567218545048
tap2,369,483,1722,544.49585,1772.077,0.84,1567218545855
tap2,353,966,1101,1009.0657,1174.3883,0.78,1567218546620
tap2,367,345,1722,387.64108,1764.0812,0.84999996,1567218547469
tap2,252,345,1101,413.61703,1154.3987,0.93,1567218548245
tap2,376,966,1722,990.08325,1745.0911,0.79999995,1567218549133
tap2,383,414,1791,481.5541,1812.0562,0.88,1567218549900
tap2,155,621,825,724.32935,829.56793,0.78999996,1567218550666
tap2,328,414,825,490.5458,878.5424,0.9,1567218551442
tap2,386,621,1791,654.3941,1783.0713,0.85999995,1567218552280
tap2,55,690,825,762.2942,885.53876,0.94,1567218553066
tap2,384,483,1791,542.4977,1781.0723,0.88,1567218553853
tap2,327,483,825,553.4875,875.54395,1.02,1567218554629
tap2,387,690,1791,751.3043,1811.0566,0.82,1567218555446
drag1,2,368.65866,702.63403,0.74,890.772385,53.015594457819354
drag1,3,632.22174,928.3236,0.59,1570.476308,72.54173681652945
drag1,4,645.4024,684.6434,0.64,1042.180308,64.0979190723446
drag1,5,367.65958,926.5174,0.75,1336.7146149999999,68.16805938966526
drag1,9,363.66327,817.5078,0.63,1217.038231,51.975538004417714
drag1,17,665.3839,1087.4336,0.66999996,1122.309307,56.35075393059246
drag1,16,369.15817,1086.4341,0.51,2147.8569239999997,76.25620552108926
drag1,7,668.3672,790.5882,0.61,1571.807769,64.82205456649316
drag1,4,670.3793,672.64966,0.68,1074.136462,50.534408445340134
drag1,10,370.6568,381.80115,0.71999997,1714.550462,57.8160842950719
drag1,2,373.65402,700.6351,0.81,1113.213462,49.1304173068451
drag1,11,694.35706,354.31543,0.69,1335.846,77.7086082066311
drag1,4,658.3904,682.6444,0.76,860.363308,18.578353711389557
drag1,18,361.66513,1279.8333,0.69,1080.437846,45.27417562705254
drag1,2,375.65216,668.5791,0.59,999.017615,82.10518200982403
drag1,19,632.4144,1228.3602,0.74,1203.991923,55.48199516391068
drag1,13,679.371,226.88182,0.89,1683.809538,75.1385867752805
drag1,6,390.6383,547.7147,0.95,1255.908308,47.20712334943885
drag1,12,373.65402,247.8709,0.66999996,1460.025308,76.12335112513514
drag1,8,683.4148,532.72253,0.7,1092.527231,26.412180589050838
drag1,19,686.3645,1176.3873,0.68,1478.519615,70.89090363286627
drag1,22,351.67438,1542.1968,0.59,1197.1183079999998,52.10306335558511
drag1,18,386.642,1239.3545,0.58,1233.489846,64.36273238505477
drag1,23,637.4098,1494.2217,0.61,1218.477154,67.19158255005793
drag1,14,396.63275,68.55968,0.42999998,1428.912077,75.61668250456087
drag1,11,675.37463,350.81726,0.59,1267.4247699999999,69.95080269337069
drag1,10,413.61703,340.82248,0.47,1592.098538,86.3538178182542
drag1,15,696.8748,76.22032,0.59,1086.6948459999999,60.55125972448391
drag1,17,658.3904,1115.9188,0.75,1064.155231,35.01455492707495
drag1,20,351.67438,1346.2988,0.53,1408.4877689999998,81.29415663195026
drag1,21,675.37463,1388.2769,0.55,1493.378616,77.97116324411127
drag1,16,352.67346,1070.0509,0.45,1041.623769,90.83622873323073
drag1,24,243.77429,43.477356,0.59999996,1438.127,111.15827954072353
drag1,26,538.5114,346.48288,0.65999997,1055.053538,64.19692433780163
drag1,27,230.78632,303.84174,0.51,1327.3134619999998,101.60088803333005
drag1,25,539.5005,42.977615,0.71,1275.974,108.22618691086252
drag1,66,812.2479,1495.2212,0.78999996,1611.498693,92.7021088763077
drag1,41,490.5458,1152.3975,0.38,951.3734609999999,109.77959882823477
drag1,42,514.5236,1503.217,0.65,805.985154,20.595228769461404
drag1,65,828.2331,1213.368,0.55,908.1976159999999,84.61748011120393
drag1,36,219.46965,772.2706,0.53999996,1461.095924,81.13877291135253
drag1,38,498.5384,1079.4377,0.57,789.618615,48.365704853376194
drag1,39,228.28864,1062.4467,0.52,805.004385,93.30926359043761
drag1,37,515.52264,808.57886,0.64,754.9636929999999,73.46681142987761
drag1,16,338.6864,1058.4487,0.64,959.218385,79.16395006141354
drag1,56,52.950974,1381.2805,0.62,900.4381539999999,40.696778662582574
drag1,20,413.61703,1331.2462,0.48,1152.256308,91.15842539016207
drag1,53,103.90379,1067.444,0.56,938.921923,83.82189780296343
drag1,59,844.2183,221.88443,0.58,1214.581308,111.0804008019584
drag1,30,558.4982,469.7553,0.53999996,1611.705923,81.1414661844619
drag1,29,488.54764,210.39041,0.52,808.821077,105.42187171318852
drag1,60,852.21094,480.7496,0.66999996,1398.742692,84.25150138489381
drag1,33,512.26135,594.0585,0.52,1563.3222309999999,85.38442732402359
drag1,62,785.2729,950.50494,0.61,1389.788077,67.25951031011296
drag1,61,795.0769,653.65955,0.63,1203.399923,80.95163111874317
drag1,34,496.54025,965.49713,0.65999997,939.0870769999999,46.32592235551906
drag1,6,358.6679,504.7371,0.59999996,1132.943692,68.00597583618273
drag1,48,79.925995,185.90317,0.63,1233.924077,79.98310888686706
drag1,12,402.12762,220.88495,0.64,1010.1359229999999,65.98452282128713
drag1,49,64.550316,526.72565,0.53,999.096692,53.24375843213968
drag1,51,74.832726,947.5065,0.59999996,886.665308,33.76328134908853
drag1,2,382.6457,639.71564,0.59,816.931461,98.87403120164652
drag1,5,367.65958,927.5169,0.64,733.542384,47.14105746692505
drag1,50,52.85257,649.5632,0.53,835.6773079999999,78.01636132738692
drag1,37,485.5504,814.57574,0.61,1347.856846,70.6694260508856
drag1,64,792.2664,1077.4388,0.56,1122.6041539999999,73.32459892908837
drag1,38,529.5097,1074.4404,0.39999998,959.219154,88.26552540211233
drag1,63,830.73083,747.6106,0.65,968.186924,75.98290321577213
drag1,29,515.20825,198.89641,0.45999998,1121.913769,62.650407178608916
drag1,31,214.80112,488.4815,0.63,1164.627924,59.5699581705171
drag1,28,221.79463,244.87245,0.58,1071.744538,92.99161791154552
drag1,30,546.494,510.73398,0.7,1070.815154,64.87539484288423
drag1,42,516.5217,1523.2067,0.64,1245.449924,52.11564255476546
drag1,40,217.79834,1188.381,0.55,999.631231,102.20187107360377
drag1,41,540.0,1206.8713,0.64,858.064847,63.842438828038205
drag1,43,219.79648,1510.2134,0.62,734.871307,66.21777019219856
drag1,45,225.79897,1397.2722,0.66999996,672.4339229999999,44.0046057691755
drag1,82,525.5134,1691.1191,0.64,857.086384,21.936727315674226
drag1,80,246.77151,1646.1426,0.53,918.713615,71.47084470707435
drag1,44,539.5005,1370.0253,0.59,866.431692,66.08276694785674
drag1,57,834.2276,77.9594,0.55,1387.3419999999999,85.78213442204844
drag1,26,483.05273,376.80374,0.68,1074.125769,64.60708829060259
drag1,58,834.28314,364.81,0.68,1060.215154,61.73981231038831
drag1,25,525.3713,83.95627,0.55,937.685846,76.8074875576471
drag1,64,815.2451,1097.4283,0.66999996,1194.245846,43.568482616207675
drag1,44,516.0222,1377.7822,0.53,805.2026159999999,58.37006147585927
drag1,38,481.05457,1064.4456,0.58,876.463538,86.20098790618243
drag1,67,817.2433,1335.3044,0.53,949.09377,58.51918937818019
drag1,9,390.80548,773.2626,0.41,959.750538,94.28610172227162
drag1,53,70.434784,1088.4331,0.58,968.3233839999999,53.15103666832975
drag1,16,372.26315,1083.4357,0.53999996,1183.017693,78.81856729908117
drag1,52,78.888725,730.61945,0.47,896.967231,97.5723264337576
drag1,74,194.81961,757.6054,0.65,1470.207923,790.5533957209536
drag1,17,704.34784,1111.4211,0.56,1143.138462,41.251616486210295
drag1,75,984.57996,1057.9574,0.53999996,939.3305379999999,84.47461832405034
drag1,7,660.38855,748.4621,0.59,930.513077,86.30813749393032
drag1,70,986.52356,185.90317,0.59999996,877.669307,126.8096369707758
drag1,8,657.3913,535.72095,0.64,908.5957689999999,52.520058286227716
drag1,13,675.37463,212.88911,0.59,1348.3023839999998,83.5090262832334
drag1,71,975.744,519.4345,0.52,1011.7373849999999,47.652201239903754
drag1,78,951.1193,1367.2878,0.59999996,917.390231,45.332123056571064
drag1,83,642.0141,1669.1306,0.61,1009.413692,42.59187673481733
drag1,21,659.58746,1369.2867,0.65999997,715.036923,79.24843718333327
drag1,85,926.14246,1662.1343,0.53,816.4969229999999,57.130462854811704
drag1,19,688.3626,1200.8745,0.41,1029.843077,74.40122942498854
drag1,77,963.1082,1525.2056,0.64,704.293308,22.830050050537253
drag1,76,973.099,1246.3508,0.39,683.723846,61.866509014779105
drag1,23,658.3904,1539.1982,0.62,835.5423079999999,42.408885394096494
drag1,15,697.3543,87.954185,0.62,1122.392538,79.64972242738858
drag1,69,1000.07404,343.82092,0.63,847.301385,68.15131015730242
drag1,11,650.39777,336.82455,0.62,765.594616,68.0685768750678
drag1,68,1016.45306,80.95783,0.59,694.3729999999999,127.99282707578692
drag1,21,669.3802,1385.2784,0.69,1102.561385,62.199915956374724
drag1,75,960.6106,1085.4347,0.63,724.8798459999999,45.938218863046174
drag1,17,668.3811,1081.4368,0.7,631.3017689999999,71.39103350717626
drag1,78,947.12305,1382.28,0.68,653.022462,58.789445320004575
drag1,54,116.89177,1225.3618,0.58,1092.030231,98.2493029977615
drag1,22,415.38382,1538.1989,0.64,896.940923,56.952504359141955
drag1,18,368.65866,1249.3492,0.64,673.3774609999999,71.41222462450365
drag1,55,34.468082,1544.1957,0.59999996,847.18223,20.358200779841937
drag1,67,857.2063,1354.2946,0.52,949.421846,86.52026807021856
drag1,82,535.50415,1654.1384,0.56,846.945616,43.16842283315225
drag1,84,815.2451,1633.1494,0.7,979.5359229999999,82.95499476136557
drag1,44,551.3306,1394.2738,0.59,774.228077,59.06336470017008
drag1,38,549.4912,1079.4377,0.69,632.578385,82.80845282995787
drag1,45,232.78445,1387.2775,0.68,551.200616,36.62390647670956
drag1,44,567.47455,1415.2628,0.59,520.391769,88.88420641474517
drag1,39,231.78539,1069.1198,0.63,774.766308,82.12031922223423
drag1,56,78.82886,1409.266,0.62,570.138769,51.468709527534585
drag1,81,402.31625,1654.4495,0.53999996,684.809231,39.538638132072535
drag1,20,374.6531,1361.291,0.63,500.017615,89.41179019412118
drag1,79,72.93247,1671.1296,0.7,612.529692,29.564180821071194
drag1,33,539.70526,632.6705,0.71,1041.386538,47.832599628182166
drag1,35,233.78354,959.50024,0.55,549.6815389999999,34.13591585587118
drag1,34,568.47363,956.5018,0.68,642.913769,79.88050580313141
drag1,32,234.78261,662.65485,0.71999997,734.874153,75.8852344639045
drag1,9,384.64386,865.5492,0.61,612.473616,33.65795744690778
drag1,8,665.3839,498.74023,0.65999997,653.036692,82.4167496846978
drag1,6,319.20444,545.21606,0.61,508.16830799999997,39.63337700139552
drag1,7,655.3932,806.5799,0.62,672.963539,45.693567890654315
drag1,14,389.1009,37.44169,0.65,959.301077,96.17514819034
drag1,47,110.506615,362.81104,0.78,529.518077,77.93490255022871
drag1,46,115.89269,100.94742,0.68,694.043154,43.918639787054424
drag1,10,403.62628,378.8027,0.74,703.1047699999999,3.148195045592029
drag1,4,678.78625,671.06525,0.75,642.676077,22.62034319931996
drag1,73,970.41455,965.49713,0.64,725.5554619999999,37.75908916250045
drag1,72,996.0777,620.6767,0.71,714.366769,93.00403519453702
drag1,3,666.383,966.59436,0.72999996,570.270077,34.79341308556927
drag1,3,672.37744,1070.4425,0.71999997,459.12976899999995,70.05360697582154
scale1,27,31.425465,1032.775923
scale1,46,52.453434,988.3468459999999
scale1,26,82.68599,885.404
scale1,4,14.304749,1223.347154
scale1,43,44.087723,788.382616
scale1,25,22.193928,835.2688459999999
scale1,42,-23.160038,1448.2995389999999
scale1,23,28.864414,767.5269999999999
scale1,5,10.928822,977.425385
scale1,24,97.43122,875.7793849999999
scale1,19,7.5664215,875.936153
scale1,2,18.802517,1080.461462
scale1,44,17.388096,1049.678461
scale1,65,-13.32221,916.8603079999999
scale1,45,15.07798,916.435154
scale1,28,9.256599,1028.7352309999999
scale1,13,-1.507616,927.2313849999999
scale1,56,4.6563835,998.872846
scale1,40,-15.470312,1192.804461
scale1,41,32.271515,936.973308
scale1,6,47.64355,866.331769
scale1,51,-7.720093,1325.827
scale1,36,-10.5790615,1070.477846
scale1,21,46.137875,885.985231
scale1,8,-13.907164,967.489077
scale1,57,-13.907164,59.445691999999994
scale1,39,-116.939865,541.311615
scale1,9,-7.0256367,927.1883839999999
scale1,58,23.773968,977.624924
scale1,47,-1.726141,1152.1726159999998
scale1,1,-5.3450375,927.101769
scale1,35,15.111591,855.238615
scale1,3,-4.3119965,1366.485308
scale1,17,13.459007,890.107615
scale1,53,-10.396379,1141.679077
scale1,34,-8.553045,978.507615
scale1,18,-19.101276,988.758307
scale1,50,-6.1294956,949.620692
scale1,62,-7.9938755,1132.865077
scale1,66,-6.5089874,1348.419846
scale1,20,21.2387,787.439385
scale1,37,25.46902,1049.548923
scale1,32,-22.03188,1112.228231
scale1,31,39.122555,937.3537689999999
scale1,49,10.200394,733.261231
scale1,7,-2.421507,742.995231
scale1,15,-3.2186508,1060.138846
scale1,10,-1.8517628,1018.726692
scale1,60,1.4625206,840.8486929999999
scale1,63,-15.180754,906.743846
scale1,59,17.704159,814.503924
scale1,55,-11.5750065,858.1203079999999
scale1,14,-21.540533,1009.1638459999999
scale1,12,-16.350403,958.247539
scale1,54,-4.3195324,856.0573079999999
scale1,52,-29.965708,937.450846
scale1,48,16.889076,968.326462
scale1,30,61.610435,815.286846
scale1,16,-34.735027,866.230615
scale1,11,-2.3409119,927.4821539999999
scale1,61,-40.652863,927.477308
scale1,38,-0.23783684,877.920846
scale1,29,2.2659988,938.8729999999999
scale1,64,14.940239,794.6773069999999
scale1,22,-18.158667,987.4616149999999
scale1,33,17.287262,1019.799461
scale2,25,-9.249716,1825.2591539999999
scale2,9,3.9353542,1441.554616
scale2,28,6.6870117,1328.120539
scale2,10,-7.842825,1182.8203839999999
scale2,29,7.8640366,1284.528769
scale2,12,7.4022903,1743.732231
scale2,30,37.93148,2020.7923079999998
scale2,13,34.433517,1593.817846
scale2,32,2.5593681,2389.6633079999997
scale2,15,-14.734085,1583.134462
scale2,34,34.172806,1632.052
scale2,17,11.434387,1432.523616
scale2,1,-9.923264,1982.502538
scale2,20,43.81434,1614.960462
scale2,3,5.1658173,2126.340616
scale2,24,5.1658173,31.071692
scale2,16,5.4775085,2826.7694619999997
scale2,2,-5.3048573,5750.256077
scale2,23,44.16732,1278.1743079999999
scale2,7,74.413086,1101.021307
scale2,11,46.399765,1428.366231
scale2,14,304.1927,1248.188692
scale2,26,80.4263,1510.244539
scale2,35,2.4823895,1315.9158459999999
scale2,21,25.252533,1747.5223079999998
scale2,22,97.76935,1227.164538
scale2,27,-35.37847,2666.1824619999998
scale2,36,142.34164,1121.016077
scale2,31,-20.61858,1846.417385
scale2,19,-10.353979,2789.14077
scale2,4,88.278625,1818.689616
scale2,8,77.115204,1328.420001
scale2,5,44.42199,1948.660385
scale2,33,62.70288,1378.406923
scale2,18,-2.1518154,1727.0836929999998
scale2,6,33.092842,1697.470077
rotate1,9,0.21324253,2309.003154
rotate1,4,-0.5884628,2146.081769
rotate1,13,-0.11303711,1830.138462
rotate1,6,4.037945,1381.729615
rotate1,15,7.092169,1472.167231
rotate1,2,7.092169,82.583923
rotate1,10,-15.0,642.2516919999999
rotate1,5,3.010395,1509.454462
rotate1,14,5.591507,1881.169616
rotate1,8,-0.36929703,1912.720231
rotate1,11,6.2224617,2019.433307
rotate1,7,-19.382107,6876.334385
rotate1,1,-2.2475815,1596.134077
rotate1,12,0.89781284,1433.1296149999998
rotate1,3,-10.870545,2747.985769
rotate2,2,2.0536957,2081.698769
rotate2,13,2.0536957,103.488
rotate2,8,-74.867226,1560.782385
rotate2,2,2.651657,2289.103462
rotate2,13,0.55731964,2860.880154
rotate2,8,1.8888245,2441.368077
rotate2,3,1.1847916,2789.833077
rotate2,7,2.592636,3371.844385
rotate2,12,10.112946,2481.6893849999997
rotate2,1,1.7200165,2155.132384
rotate2,11,3.2105255,1439.406
rotate2,6,3.9779205,1676.193308
rotate2,10,8.724388,1736.748846
rotate2,5,0.6546707,1674.941539
rotate2,15,0.8202667,1991.450615
rotate2,9,-0.16329956,1880.7688469999998
rotate2,4,0.57810974,1747.2918459999999
rotate2,14,-3.6329803,2636.363385
