drag1,2,363.66327,624.6746,0.94,3417.746385,62.25990416021366
drag1,3,663.4641,885.53876,0.75,2805.3433849999997,70.21499012824387
drag1,4,685.3654,671.65015,0.65,2203.872692,69.84495113897961
drag1,5,348.67715,935.49316,0.71999997,3091.046,68.37635965394702
drag1,9,395.63367,854.10254,0.68,2997.845385,58.42596911206928
drag1,17,620.4908,1095.0378,0.63,3011.9003079999998,82.51466694691742
drag1,16,367.65958,1072.4414,0.68,3036.8258459999997,71.34237565994331
drag1,7,648.39966,818.47864,0.66999996,1958.761384,63.82333390841673
drag1,4,673.3765,692.65186,0.61,1836.705385,65.97714016519188
drag1,10,411.61887,411.78552,0.71999997,2346.7496929999998,62.82092735666163
drag1,2,338.6864,632.6705,0.69,2963.294077,75.10931397042356
drag1,11,651.39685,382.80063,0.76,3411.840616,71.81827710033933
drag1,4,664.3848,625.01135,0.88,2760.802846,66.81140844483932
drag1,18,368.50394,1205.3722,0.69,2530.362385,69.26449137788374
drag1,2,376.15167,695.6377,0.71,1642.544923,74.94508732587715
drag1,19,640.40704,1213.368,0.81,2952.6613079999997,63.44861773012673
drag1,13,692.5172,266.861,0.66999996,2918.1188469999997,61.44768820397681
drag1,6,407.62256,504.7371,0.84999996,2524.585462,70.30851912795866
drag1,12,403.42676,265.8615,0.77,1917.921462,67.98695040309569
drag1,8,714.3446,490.7444,0.91999996,2520.855384,73.52109515531951
drag1,19,627.41907,1180.3851,0.71999997,2365.527462,76.6597406135517
drag1,22,366.6605,1503.217,0.59999996,1940.1449229999998,70.27811211019316
drag1,18,425.60593,1250.3488,0.71,1918.401693,70.27176743487512
drag1,23,647.4006,1509.2139,0.68,3900.117769,78.11494718208651
drag1,14,385.879,117.70237,0.76,2873.943078,86.48400981543816
drag1,11,641.4061,320.8329,0.94,2129.696692,69.44036271248441
drag1,10,398.6309,339.4316,0.89,3905.319,72.48177114678327
drag1,15,676.3737,80.95783,0.79999995,5319.850616,72.13439337069907
drag1,17,654.3941,1105.4242,0.72999996,3219.030154,72.48730568474214
drag1,20,392.63644,1362.2904,0.79999995,3841.9168459999996,62.20700906032274
drag1,21,657.4523,1358.2925,0.65999997,3184.078001,69.0367226224365
drag1,16,396.63275,1122.4154,0.66999996,1683.0505389999998,69.85178337119847
drag1,24,281.73914,130.93181,0.95,2857.306154,64.83651250717334
drag1,26,571.4709,338.81055,0.96,2418.952077,60.761833553824985
drag1,27,251.76688,355.81467,0.7,3428.6547699999996,60.08158536218466
drag1,25,554.4866,80.95783,0.79999995,1908.909692,66.93355527769745
drag1,66,841.22107,1530.4569,0.65,2782.513539,75.67439684642459
drag1,41,544.49585,1278.4126,0.71,3221.9686149999998,68.180108449145
drag1,42,535.50415,1493.0259,0.65999997,1592.006615,76.33409014512652
drag1,65,876.1887,1162.3945,0.7,3729.1289229999998,87.73733072577821
drag1,36,273.74652,826.56946,0.63,2354.260154,85.81442677157355
drag1,38,523.51526,1042.457,0.81,3321.1313069999997,83.22622107820979
drag1,39,265.75394,1088.4331,0.77,3823.991078,84.99513745262482
drag1,37,509.52823,823.57104,0.7,2698.340924,73.84176356646593
drag1,16,429.60223,1075.9396,0.77,3114.285231,69.88715565377886
drag1,56,136.87326,1341.3014,0.66999996,2488.268231,73.26642944794307
drag1,20,358.6679,1381.2805,0.62,2851.781231,69.29556376779418
drag1,53,112.89547,1123.0165,0.62,2411.053462,72.66384284384452
drag1,59,880.185,192.89952,0.59999996,1440.5073849999999,147.32820839661653
drag1,30,529.5097,496.9698,0.72999996,2090.8197689999997,59.988261127046265
drag1,29,517.9529,203.1644,0.95,3308.7236159999998,81.79802120685082
drag1,60,535.50415,285.8511,0.37,21.446846,423.60476862282843
drag1,33,523.51526,638.66736,0.9,4034.135077,83.48290300912801
drag1,62,765.2914,957.5013,0.78,2502.641,67.16239213047794
drag1,61,779.30493,673.6226,0.78,2303.8503069999997,61.91677853496422
drag1,34,522.5162,917.5221,0.84,2783.4828469999998,66.3613791179127
drag1,6,399.62997,515.7314,0.84999996,2312.538231,72.76165687319742
drag1,48,77.92784,246.87141,0.84999996,2725.061077,77.82335458481694
drag1,12,348.67715,242.8735,0.69,2694.132846,65.22449786491818
drag1,49,88.91767,455.7626,0.83,3811.026231,84.37391391916135
drag1,51,90.91582,892.5351,0.74,2250.452769,81.98017401834856
drag1,2,357.66882,685.6429,0.81,1660.8235379999999,72.00616669018231
drag1,5,322.67496,921.4938,0.87,2572.089924,70.4938247904946
drag1,50,97.90935,686.64233,0.72999996,1889.5547689999999,75.32334403660033
drag1,37,521.0668,805.9041,0.74,2149.789077,73.74714797123453
drag1,64,820.24054,1040.4581,0.78,2984.157538,73.11971698441307
drag1,38,531.5079,1105.4242,0.72999996,2390.036847,63.030618123797254
drag1,63,779.22015,804.58093,0.84,1663.520384,72.81128348052597
drag1,29,531.5079,246.87141,0.82,2783.187923,64.67051266098446
drag1,31,240.77705,519.6602,0.78999996,2501.0369229999997,63.18626119291806
drag1,28,257.76132,234.87766,0.9,2583.6730009999997,66.84404985763035
drag1,30,513.52454,492.67197,0.84999996,2645.461692,70.0121602238866
drag1,42,502.5347,1455.2421,0.74,2426.172231,74.59490902222227
drag1,40,282.73822,1218.3654,0.79999995,2144.001308,74.52501353089397
drag1,41,497.5393,1221.3639,0.81,2159.1767689999997,71.19869768027294
drag1,43,234.78261,1496.2207,0.78999996,2832.6595389999998,72.11549946895748
drag1,45,212.80296,1407.8726,0.77,2482.599308,78.28835744344649
drag1,82,493.54303,1662.1343,0.84999996,3011.147077,67.16004803580643
drag1,80,246.77151,1698.1155,0.65,2329.083462,69.64780179984294
drag1,44,542.4977,1423.1716,0.78999996,3989.133231,67.98214991101916
drag1,57,817.2433,36.98074,0.78999996,3062.103231,76.07660956998214
drag1,26,548.4921,372.75705,0.78,2653.987769,61.34782743269177
drag1,58,787.27106,353.8157,0.96,1796.990077,52.98556267963295
drag1,25,520.51807,100.94742,0.74,2613.081385,62.954872164983904
drag1,64,818.2424,1083.4357,0.93,4322.714616,66.69641963089654
drag1,44,511.52637,1376.2832,0.59999996,2756.175539,71.11388178097464
drag1,38,567.47455,1065.4451,0.71,2083.438,71.66383102117719
drag1,67,784.2738,1392.6688,0.75,3418.851077,51.80396041886989
drag1,9,416.61426,851.55646,0.57,2031.6509239999998,52.08467389441864
drag1,53,100.90657,1110.4216,0.58,2577.5108459999997,63.855647326245055
drag1,16,338.6864,1068.9432,0.55,1878.558846,62.466998796983795
drag1,52,89.91675,834.82697,0.63,3245.965308,63.61220947188605
drag1,74,935.24725,817.57416,0.84,2776.079154,65.00624385822387
drag1,17,653.395,1075.4398,0.69,2610.6761539999998,66.1713467715932
drag1,75,935.13416,1093.4304,0.62,2194.6693849999997,59.99427826407334
drag1,7,686.3645,824.5705,0.71,2056.0439229999997,63.95593841135479
drag1,70,963.1082,248.87038,0.76,2678.159462,60.30300020557954
drag1,8,680.37006,524.1216,0.76,2123.217,63.139271821332606
drag1,13,669.3802,255.86673,0.65,2058.293616,65.33146784564424
drag1,71,949.13654,537.7199,0.76,1960.358,61.34090151130925
drag1,78,986.087,1354.7943,0.87,3358.3602309999997,68.27230847038257
drag1,83,673.3765,1688.2327,0.7,2766.784616,76.0912999583138
drag1,21,691.35986,1346.2988,0.84999996,2795.122078,74.14684941783479
drag1,85,933.136,1654.1384,0.78999996,3189.186001,66.19997583074993
drag1,19,685.3654,1293.3264,0.76,1979.676462,57.771432488729396
drag1,77,937.13226,1525.2056,0.76,1908.310923,53.017736713054894
drag1,76,916.15173,1636.1478,0.65999997,285.967,301.1345214351885
drag1,23,681.3691,1551.192,0.72999996,1714.396385,61.95969654577399
drag1,15,703.34875,98.94846,0.78999996,2818.831539,69.21132734968192
drag1,69,896.01385,324.8308,0.87,2572.517616,66.33720656609727
drag1,11,659.9985,388.7975,0.71999997,2205.166077,73.3850330833922
drag1,68,912.1554,118.93805,0.62,3001.374154,89.39701909276226
drag1,21,686.3645,1375.2659,0.77,2858.952308,62.839116709715874
drag1,75,938.13135,1147.4023,0.68,2459.714308,58.88101369222156
drag1,17,660.38855,1100.4269,0.63,2822.515692,66.01834014864603
drag1,78,940.1506,1377.2826,0.82,2368.244077,61.15942885673542
drag1,54,98.408875,1268.3394,0.72999996,2110.671154,60.70337115870585
drag1,22,337.68732,1488.841,0.72999996,2018.214307,69.62280484896864
drag1,18,409.62073,1262.3425,0.56,2547.67,79.83554987357071
drag1,55,82.92322,1517.7095,0.68,3093.0239229999997,80.98501251904219
drag1,67,803.2562,1381.2805,0.64,3563.256231,61.90421829329975
drag1,82,500.53653,1670.1301,0.61,2853.022231,60.49189706588327
drag1,84,752.3034,1700.8529,0.76,3838.105615,63.535577658197674
drag1,44,536.50323,1416.3146,0.58,1538.792,78.89785208365916
drag1,38,553.4875,1124.4143,0.66999996,2631.87577,63.94830853420461
drag1,45,219.79648,1376.2786,0.71999997,3062.419692,66.4601943600231
drag1,44,490.5509,1383.2795,0.62,3171.929385,77.07848782420625
drag1,39,248.76965,1126.4133,0.52,2031.4533849999998,70.82268564211157
drag1,56,103.90379,1361.291,0.72999996,2678.994924,77.41707129425392
drag1,81,361.66513,1632.1499,0.65,3217.478693,63.18245462567735
drag1,20,392.63644,1421.2598,0.65,2250.081231,65.84495658848476
drag1,79,80.92507,1666.975,0.68,2613.755462,66.72085269129259
drag1,33,521.4614,676.6476,0.71,3491.549924,69.83771260194011
drag1,35,238.77892,921.52,0.78,1919.213616,67.11762626310109
drag1,34,529.5097,926.2207,0.65,3365.90777,71.35834863287218
drag1,32,244.77336,679.259,0.61,2018.2679999999998,65.45722024541853
drag1,9,366.6605,753.6299,0.74,1980.215616,85.09578043008646
drag1,8,689.3617,464.75793,0.74,2441.771846,75.87018393357599
drag1,6,386.642,528.7117,0.69,3202.392769,73.99983676601245
drag1,7,624.4218,784.409,0.69,1797.2043079999999,72.42461532556806
drag1,14,386.642,116.939095,0.76,2715.701462,68.5968500785776
drag1,47,105.90195,347.81885,0.77,2590.291077,54.4826185398019
drag1,46,81.92415,98.94846,0.74,1470.115231,69.9868149598286
drag1,10,363.66327,370.80685,0.84999996,1898.868385,66.36366551423995
drag1,4,647.4006,637.66785,0.82,2684.7316149999997,65.32850909838683
drag1,73,927.14154,931.51483,0.7,2735.149231,67.19462439038138
drag1,72,986.087,682.6444,0.71,3049.735693,79.32176158516549
drag1,3,679.371,954.9,0.75,2978.454461,62.988430822978486
scale2,25,-27.35947,3307.663385
scale2,9,3.5081005,2399.723385
scale2,28,-82.549,3532.999923
scale2,10,-1.9712963,2909.214154
scale2,29,-167.10907,2735.453462
scale2,12,-8.246979,4062.9119229999997
scale2,30,-145.66035,3453.709538
scale2,13,-2.4222794,3023.557385
scale2,32,-5.516407,1633.2189999999998
scale2,15,-20.944685,2901.917693
scale2,34,-9.756466,3439.831615
scale2,17,3.5813026,1572.0233839999999
scale2,1,-0.07439804,4120.225923
scale2,20,-13.765463,2971.220385
scale2,3,18.375498,3569.306385
scale2,24,-5.520813,3492.735924
scale2,16,-18.555199,3419.430384
scale2,2,-5.223284,2616.4427699999997
scale2,23,-17.643476,3890.044077
scale2,7,-16.322628,2305.002461
scale2,11,-9.76125,2522.724769
scale2,14,-11.430359,2817.8121539999997
scale2,26,-25.679472,2594.522462
scale2,35,-209.31688,2400.646846
scale2,21,-141.98491,4321.557846
scale2,22,22.276737,3810.0893079999996
scale2,27,-23.065659,4307.823923
scale2,36,-20.022263,2991.0261539999997
scale2,31,-15.282944,2521.800539
scale2,19,-171.14499,5231.726001
scale2,4,-22.212976,4055.710924
scale2,8,-468.52042,1287.21623
scale2,5,-147.46384,2728.026231
scale2,33,4.0816956,3574.736
scale2,18,-15.233093,2603.360693
scale2,6,-278.26086,2645.788154
scale2,6,-495.81616,696.137
scale1,27,122.029785,1216.133539
scale1,46,6.4983788,1030.727461
scale1,26,-138.02386,1784.495539
scale1,4,-8.2591095,2236.543231
scale1,43,82.179726,1157.484538
scale1,25,-143.91563,2086.264154
scale1,42,-6.1201572,2419.859308
scale1,23,0.7616272,1939.1490769999998
scale1,5,-6.8893204,2033.8951539999998
scale1,24,-14.140846,1387.1188459999998
scale1,19,18.39156,1185.675385
scale1,2,-11.856909,1889.943616
scale1,44,39.0943,978.3471539999999
scale1,65,-2.6007385,1924.0065379999999
scale1,45,-6.3080063,2147.750462
scale1,28,-9.173103,1327.2749999999999
scale1,13,9.637516,1494.984
scale1,56,6.678589,2045.5499229999998
scale1,40,-10.548901,1245.28723
scale1,41,-14.744837,1927.7817699999998
scale1,6,7.728813,3096.8766149999997
scale1,51,-13.233547,1421.498846
scale1,36,5.821312,1076.306846
scale1,21,-13.41707,2391.0653079999997
scale1,8,-3.918274,2349.045769
scale1,57,85.98598,921.450154
scale1,39,49.092133,1079.8073849999998
scale1,9,-1.5678349,3187.73
scale1,58,-3.9133644,1082.6563079999999
scale1,47,-9.893394,1654.124384
scale1,1,56.031612,1318.4888469999999
scale1,35,-4.468294,1511.0716149999998
scale1,3,-0.27803993,1238.817847
scale1,17,-10.419296,3180.629
scale1,53,42.765553,1092.984154
scale1,34,-1.38838,1539.888538
scale1,18,-0.8346176,1086.166538
scale1,50,-11.823486,4430.442
scale1,62,-10.594099,3098.095231
scale1,66,-26.12784,2789.731308
scale1,20,-4.138275,1615.6215379999999
scale1,37,19.352692,1738.209923
scale1,32,4.0455437,3181.002231
scale1,31,-8.3191395,2266.357
scale1,49,-10.14323,2665.578923
scale1,7,-139.61247,2941.486923
scale1,15,-14.195932,2623.050692
scale1,10,-10.556265,1828.811
scale1,60,-5.12689,1882.4983849999999
scale1,63,-16.236214,2063.594923
scale1,59,-13.629089,2900.3769239999997
scale1,55,7.932266,1655.423462
scale1,14,-3.5251522,1993.04777
scale1,12,-17.384989,3227.927385
scale1,54,-12.830709,1431.447308
scale1,52,-3.9533443,1576.525077
scale1,48,-7.3340435,1679.315539
scale1,30,-23.664894,3555.323924
scale1,16,-11.457127,3697.2273849999997
scale1,11,-6.4489746,2482.525
scale1,61,8.59845,1360.030616
scale1,38,-7.335966,2116.751154
scale1,29,-19.925097,2277.193846
scale1,64,-3.978819,2626.451616
scale1,22,-11.265896,3301.1844619999997
scale1,33,-11.750427,2432.963001
rotate2,2,-1.2445145,3269.043077
rotate2,13,2.16082,2972.974615
rotate2,8,-2.1624603,2350.267539
rotate2,3,-2.1624603,60.350308
rotate2,7,-72.99566,713.137385
rotate2,2,-95.69123,6496.7310769999995
rotate2,13,3.0348892,2808.375846
rotate2,8,0.9024048,3279.258769
rotate2,3,0.7553711,3155.668077
rotate2,7,1.0416718,2501.796769
rotate2,12,1.0062332,3871.2561539999997
rotate2,1,1.2440338,2810.5089239999998
rotate2,11,-1.8758316,3268.833385
rotate2,6,0.66963196,2808.83277
rotate2,10,-0.33982086,3428.874538
rotate2,5,-0.8643036,2480.720231
rotate2,15,-12.133705,3699.072308
rotate2,9,-5.6004333,3435.0089239999998
rotate2,4,-3.231018,1825.7033079999999
rotate2,14,-1.069603,2779.1480779999997
rotate1,9,1.4979305,2235.361
rotate1,4,-0.25442886,1340.864077
rotate1,13,-0.28902912,1992.361385
rotate1,6,-0.5822878,1728.150385
rotate1,15,-0.7344065,2065.359462
rotate1,2,-0.42657948,2348.663231
rotate1,10,-0.46323967,1592.77
rotate1,5,-0.25492764,1827.901077
rotate1,14,0.8655062,2248.2361539999997
rotate1,8,1.4353409,2553.166615
rotate1,11,0.20767593,1755.7187689999998
rotate1,7,0.90500927,1337.265692
rotate1,1,-0.83594704,2358.206308
rotate1,12,2.7091084,1441.6805379999998
rotate1,3,-0.30475807,1798.93777
tap2,6,138,480,193.82054,530.7236,0.69,1567406801031
tap2,7,759,1101,843.21924,1146.4028,0.76,1567406802729
tap2,8,138,1101,205.80943,1148.4019,0.84999996,1567406804026
tap2,9,759,480,830.23126,512.7329,0.69,1567406805977
tap2,164,0,687,73.93155,728.6205,0.64,1567406807569
tap2,183,621,1308,717.3358,1341.3014,0.69,1567406809009
tap2,182,0,1308,79.925995,1361.291,0.65,1567406810418
tap2,163,621,687,685.3654,709.6304,0.78999996,1567406811868
tap2,242,345,66,412.61795,80.95783,0.64,1567406813624
tap2,243,552,1032,616.42926,1068.4435,0.65999997,1567406815176
tap2,244,345,1032,434.5976,1067.444,0.78,1567406816433
tap2,245,552,66,627.41907,68.96408,0.7,1567406818066
tap2,42,69,411,131.8779,440.77042,0.66999996,1567406819741
tap2,43,690,1032,785.2729,1060.4476,0.65999997,1567406821079
tap2,45,690,411,774.2831,429.77615,0.77,1567406822437
tap2,44,69,1032,124.88437,1050.4529,0.72999996,1567406824102
tap2,322,345,756,417.6133,763.6023,0.84,1567406825542
tap2,321,483,1653,562.4792,1680.1249,0.81,1567406826889
tap2,316,345,1653,409.62073,1691.1191,0.71999997,1567406828145
tap2,323,483,756,555.48566,785.5908,0.83,1567406829554
tap2,2,138,549,213.80203,590.6923,0.71999997,1567406831117
tap2,3,759,1170,848.2146,1223.3628,0.71999997,1567406832536
tap2,4,138,1170,214.80112,1190.38,0.82,1567406833761
tap2,5,759,549,822.23865,600.68713,0.79999995,1567406834987
tap2,11,759,1032,851.21185,1082.4362,0.89,1567406836324
tap2,10,138,411,225.79094,436.7725,0.78,1567406837816
tap2,12,138,1032,183.82979,1058.4487,0.87,1567406839133
tap2,13,759,411,829.2322,442.76938,0.91999996,1567406840440
tap2,15,759,963,861.2026,1005.4763,0.82,1567406841747
tap2,14,138,342,207.80759,388.7975,0.74,1567406843146
tap2,17,759,342,821.2396,358.8131,0.71999997,1567406844882
tap2,16,138,963,207.80759,979.4898,0.76,1567406846322
tap2,122,207,66,270.7493,98.94846,0.59999996,1567406848282
tap2,123,828,687,906.16095,721.62415,0.87,1567406849722
tap2,124,207,687,292.72894,727.62103,0.71,1567406851019
tap2,125,828,66,906.16095,106.9443,0.76,1567406852755
tap2,135,621,1170,705.3469,1218.3654,0.81,1567406854256
tap2,134,0,549,83.922295,587.6939,0.65,1567406855737
tap2,136,0,1170,70.93432,1206.3717,0.65999997,1567406857289
tap2,137,621,549,706.346,587.6939,0.53,1567406858515
tap2,130,69,66,154.85661,106.9443,0.79999995,1567406860292
tap2,131,690,687,754.3016,706.63196,0.74,1567406861824
tap2,133,690,66,749.3062,89.95315,0.85999995,1567406863161
tap2,132,69,687,140.86957,726.6215,0.75,1567406864550
tap2,127,759,687,851.21185,717.6262,0.74,1567406865765
tap2,126,138,66,224.79185,99.947945,0.76,1567406867164
tap2,128,138,687,234.78261,717.6262,0.84,1567406868563
tap2,129,759,66,821.2396,102.94638,0.7,1567406870412
tap2,18,138,273,207.80759,286.8506,0.63,1567406871893
tap2,19,759,894,847.2156,950.50494,0.71999997,1567406873088
tap2,20,138,894,197.81683,906.52783,0.72999996,1567406874323
tap2,21,759,273,824.2368,306.84018,0.84999996,1567406875774
tap2,35,828,1170,940.1295,1213.368,0.71999997,1567406877040
tap2,34,207,549,294.7271,575.70013,0.84,1567406878449
tap2,36,207,1170,224.79185,1205.3722,0.74,1567406879890
tap2,37,828,549,894.17206,587.6939,0.78,1567406881258
tap2,26,138,135,199.81499,149.9219,0.94,1567406882994
tap2,27,759,756,851.21185,793.5867,0.84999996,1567406884261
tap2,28,138,756,191.82239,785.5908,0.75,1567406885476
tap2,29,759,135,816.2442,176.90785,0.91999996,1567406886528
tap2,43,690,1032,789.2692,1059.4481,0.74,1567406887518
tap2,42,69,411,126.882515,437.77197,0.88,1567406888570
tap2,45,690,411,750.3053,462.75897,0.85999995,1567406889592
tap2,44,69,1032,143.86679,1051.4524,0.75,1567406890735
tap2,24,138,825,219.79648,847.55853,0.79999995,1567406892012
tap2,25,759,204,830.23126,236.87662,0.72999996,1567406893064
tap2,22,138,204,233.78354,232.87871,0.55,1567406894494
tap2,23,759,825,836.2257,869.5471,0.66999996,1567406895811
tap2,38,69,480,124.88437,494.7423,0.71999997,1567406897404
tap2,39,690,1101,772.2849,1143.4044,0.75,1567406899120
tap2,40,69,1101,132.87697,1145.4034,0.79999995,1567406900295
tap2,41,690,480,758.29785,516.73083,0.71999997,1567406901479
tap2,33,690,549,746.30896,567.7043,0.81,1567406902664
tap2,32,69,1170,123.88529,1194.3779,0.71,1567406904022
tap2,30,69,549,128.88066,567.7043,0.76,1567406905268
tap2,31,690,1170,774.2831,1213.368,0.72999996,1567406906698
tap2,46,69,342,164.84737,369.80737,0.37,1567406907730
tap2,47,690,963,765.2914,996.48096,0.66999996,1567406908975
tap2,48,69,963,102.90472,993.48254,0.76,1567406910221
tap2,49,690,342,771.2858,354.8152,0.85999995,1567406911682
tap2,108,276,963,339.6855,1004.4768,0.78,1567406912785
tap2,231,897,1584,968.10364,1645.1431,0.71,1567406914449
tap2,230,276,1584,330.69382,1605.164,0.69,1567406915491
tap2,107,897,963,972.0999,1015.47107,0.58,1567406916849
tap2,143,621,1032,675.37463,1084.4352,0.65,1567406918024
tap2,232,0,1653,81.92415,1716.1062,0.59999996,1567406919270
tap2,233,621,1653,701.3506,1689.1202,0.78,1567406920628
tap2,144,0,1032,89.91675,1079.4377,0.65999997,1567406921864
tap2,44,69,1032,122.886215,1062.4467,0.78999996,1567406923058
tap2,235,690,1653,762.2942,1693.1182,0.78,1567406924335
tap2,43,690,1032,776.28125,1096.429,0.83,1567406925387
tap2,234,69,1653,138.87141,1687.1212,0.74,1567406926653
tap2,12,138,1032,193.82054,1069.443,0.19,1567406927909
tap2,237,759,1653,813.247,1693.1182,0.90999997,1567406929135
tap2,11,759,1032,806.2535,1038.4591,0.84999996,1567406930135
tap2,236,138,1653,202.81221,1670.1301,0.85999995,1567406931218
tap2,238,207,1653,266.75302,1676.127,0.82,1567406932382
tap2,67,828,1032,912.1554,1069.443,0.83,1567406933689
tap2,68,207,1032,274.7456,1047.4545,0.68,1567406934945
tap2,239,828,1653,890.1758,1717.1056,0.57,1567406936600
tap2,104,276,1032,354.6716,1062.4467,0.74,1567406937845
tap2,241,897,1653,966.10547,1724.1019,0.63,1567406939111
tap2,240,276,1653,334.6901,1660.1353,0.79999995,1567406940062
tap2,103,897,1032,970.10175,1083.4357,0.74,1567406941399
tap2,50,69,273,112.89547,285.8511,0.85999995,1567406942931
tap2,51,690,894,750.3053,940.51013,0.71999997,1567406944238
tap2,52,69,894,132.87697,920.52057,0.78999996,1567406945566
tap2,53,690,273,770.2868,282.85266,0.83,1567406946965
tap2,55,690,825,778.27936,869.5471,0.66999996,1567406948119
tap2,54,69,204,124.88437,226.88182,0.61,1567406949783
tap2,56,69,825,130.87881,846.5591,0.71,1567406951203
tap2,57,690,204,759.29694,232.87871,0.71,1567406952602
tap2,59,690,756,785.2729,794.5861,0.63,1567406953848
tap2,58,69,135,128.88066,182.90474,0.72999996,1567406955523
tap2,61,690,135,748.3071,174.90889,0.58,1567406957095
tap2,60,69,756,138.87141,790.5882,0.7,1567406958484
tap2,62,207,480,273.74652,500.7392,0.57,1567406959833
tap2,63,828,1101,884.18134,1142.405,0.78999996,1567406961732
tap2,64,207,1101,275.7447,1129.4117,0.69,1567406963029
tap2,65,828,480,911.1564,505.73657,0.82,1567406964377
tap2,290,345,480,420.61053,519.7293,0.42,1567406965653
tap2,291,552,1446,659.38947,1491.2233,0.56,1567406966899
tap2,293,552,480,616.42926,500.7392,0.71,1567406968206
tap2,292,345,1446,399.62997,1487.2253,0.72999996,1567406969299
tap2,141,621,480,676.3737,491.74387,0.78999996,1567406970657
tap2,295,414,1446,468.56613,1495.2212,0.78,1567406971770
tap2,294,414,480,473.56152,501.73868,0.84,1567406972883
tap2,203,621,1446,704.34784,1497.2202,0.65,1567406974078
tap2,297,483,1446,555.48566,1501.218,0.65999997,1567406975130
tap2,41,690,480,756.29974,513.7324,0.79999995,1567406976233
tap2,296,483,480,540.4995,515.7314,0.7,1567406977479
tap2,205,690,1446,771.2858,1506.2155,0.72999996,1567406978724
tap2,319,414,1653,494.54208,1679.1254,0.72999996,1567406979786
tap2,325,552,756,594.4496,778.5945,0.71,1567406981022
tap2,324,414,756,451.58188,808.57886,0.77,1567406982166
tap2,315,552,1653,611.43384,1710.1093,0.71,1567406983207
tap2,298,345,549,409.62073,565.7053,0.51,1567406984320
tap2,299,552,1515,625.4209,1566.1842,0.65,1567406985535
tap2,301,552,549,631.41534,559.7085,0.79999995,1567406986679
tap2,300,345,1515,395.63367,1573.1805,0.71999997,1567406987833
tap2,326,345,825,381.64664,851.55646,0.81,1567406988844
tap2,256,483,135,560.481,184.90369,0.62,1567406990427
tap2,250,345,135,410.6198,197.89693,0.71999997,1567406991765
tap2,327,483,825,559.48193,859.5523,0.65999997,1567406992950
tap2,67,828,1032,926.14246,1056.4497,0.71999997,1567406994257
tap2,66,207,411,250.7678,431.77512,0.55,1567406995615
tap2,68,207,1032,265.75394,1080.4373,0.61,1567406996688
tap2,69,828,411,894.17206,463.75845,0.71999997,1567406997944
tap2,72,207,963,279.74097,1010.4737,0.63,1567406999220
tap2,73,828,342,897.1693,393.7949,0.65999997,1567407000558
tap2,70,207,342,286.7345,379.8022,0.57,1567407001947
tap2,71,828,963,889.1767,1003.47736,0.69,1567407003509
tap2,76,207,894,275.7447,928.51636,0.57,1567407004857
tap2,77,828,273,875.18964,310.8381,0.7,1567407006215
tap2,74,207,273,286.7345,308.83914,0.5,1567407007737
tap2,75,828,894,912.1554,944.50806,0.62,1567407009167
tap2,80,207,825,278.7419,858.5528,0.59,1567407010382
tap2,81,828,204,881.1841,225.88235,0.78999996,1567407011730
tap2,78,207,204,269.75024,225.88235,0.62,1567407013159
tap2,79,828,825,908.1591,867.54816,0.71,1567407014599
tap2,84,207,756,284.73636,794.5861,0.48999998,1567407015855
tap2,85,828,135,890.1758,210.89015,0.47,1567407017244
tap2,82,207,135,269.75024,197.89693,0.89,1567407019001
tap2,83,828,756,906.16095,800.583,0.72999996,1567407020298
tap2,89,621,618,693.35803,657.6575,0.58,1567407021615
tap2,88,0,1239,53.950047,1300.3228,0.62,1567407023024
tap2,87,621,1239,683.36725,1265.341,0.77,1567407024393
tap2,86,0,618,55.948196,665.65326,0.58,1567407025710
tap2,305,483,1515,563.4783,1544.1957,0.5,1567407026987
tap2,33,690,549,753.3025,564.7059,0.72999996,1567407028070
tap2,304,483,549,565.47644,596.6892,0.91999996,1567407029285
tap2,215,690,1515,751.3043,1587.1733,0.77,1567407030643
tap2,309,552,618,612.4329,651.6606,0.78,1567407031899
tap2,308,345,1584,392.63644,1612.1603,0.83,1567407033033
tap2,307,552,1584,618.42737,1609.1619,0.69,1567407034156
tap2,306,345,618,398.6309,650.6611,0.84999996,1567407035290
tap2,258,345,204,407.62256,248.87038,0.91999996,1567407036720
tap2,331,483,894,539.5005,922.5195,0.84999996,1567407037833
tap2,330,345,894,395.63367,938.51117,0.88,1567407038925
tap2,264,483,204,558.4829,212.88911,0.88,1567407040232
tap2,223,621,1584,698.3534,1629.1515,0.77,1567407041448
tap2,310,414,618,464.56985,653.65955,0.9,1567407042571
tap2,89,621,618,692.35895,656.65796,0.85999995,1567407043562
tap2,311,414,1584,471.56335,1646.1426,0.81,1567407044777
tap2,261,552,204,620.42554,214.88808,0.51,1567407045890
tap2,322,345,756,409.62073,759.6044,0.53,1567407047024
tap2,262,414,204,511.52637,239.87506,0.65999997,1567407048372
tap2,333,552,894,649.3987,929.51587,0.78,1567407049485
tap2,312,483,618,526.5125,622.67566,0.85999995,1567407050669
tap2,225,690,1584,774.2831,1639.1462,0.84999996,1567407051711
tap2,93,690,618,743.31177,648.6621,0.83,1567407052855
tap2,313,483,1584,552.48846,1611.1608,0.65999997,1567407053988
tap2,91,690,1239,750.3053,1263.3419,0.64,1567407055153
tap2,90,69,618,135.87419,649.6616,0.87,1567407056490
tap2,93,690,618,755.30066,673.6491,0.83,1567407057594
tap2,92,69,1239,126.882515,1283.3315,0.72999996,1567407058635
tap2,108,276,963,332.69196,1012.47266,0.64,1567407059697
tap2,109,897,342,980.0925,391.79593,0.74,1567407060780
tap2,106,276,342,352.67346,378.8027,0.75,1567407062128
tap2,107,897,963,964.1073,1030.4633,0.51,1567407063302
tap2,100,276,1101,338.6864,1148.4019,0.71999997,1567407064426
tap2,101,897,480,957.1138,526.72565,0.79999995,1567407065661
tap2,99,897,1101,953.1175,1147.4023,0.78,1567407066642
tap2,98,276,480,336.68826,516.73083,0.71999997,1567407067969
tap2,105,897,411,961.1101,438.77145,0.71,1567407069532
tap2,104,276,1032,326.6975,1093.4304,0.56,1567407070594
tap2,102,276,411,340.68454,459.76053,0.74,1567407071697
tap2,103,897,1032,955.11566,1093.4304,0.71999997,1567407073331
tap2,97,897,549,941.1286,577.6991,0.76,1567407074526
tap2,96,276,1170,346.67902,1218.3654,0.82,1567407075731
tap2,94,276,549,369.6577,589.6929,0.74,1567407077131
tap2,95,897,1170,988.0851,1209.3701,0.83,1567407078448
tap2,111,897,894,921.1471,933.5138,0.83,1567407079419
tap2,110,276,273,374.6531,306.84018,0.71999997,1567407080736
tap2,112,276,894,353.67252,930.5153,0.68,1567407081839
tap2,113,897,273,940.1295,336.82455,0.71999997,1567407083157
tap2,116,276,825,343.68176,884.5393,0.59,1567407084311
tap2,117,897,204,969.10266,268.85995,0.72999996,1567407085455
tap2,114,276,204,359.667,244.87245,0.71999997,1567407086773
tap2,115,897,825,939.13043,887.5377,0.84999996,1567407088417
tap2,119,897,756,975.09717,779.59393,0.93,1567407089336
tap2,118,276,135,308.71414,164.91411,1.02,1567407091083
tap2,121,897,135,940.1295,227.8813,0.56,1567407092309
tap2,120,276,756,327.6966,827.569,0.87,1567407093432
tap2,152,0,894,80.92507,933.5138,0.7,1567407094698
tap2,213,621,1515,734.32007,1519.2087,0.83,1567407095710
tap2,212,0,1515,97.90935,1562.1863,0.69,1567407096885
tap2,151,621,894,689.3617,962.49866,0.94,1567407097967
tap2,56,69,825,121.887146,883.5398,0.93,1567407099377
tap2,205,690,1446,767.28955,1486.2258,0.96999997,1567407100807
tap2,204,69,1446,129.87975,1511.2129,0.69,1567407102053
tap2,55,690,825,731.3229,880.5414,0.82,1567407103177
tap2,24,138,825,205.80943,876.54346,0.78,1567407104474
tap2,207,759,1446,826.235,1470.2343,0.72999996,1567407106108
tap2,206,138,1446,220.79556,1475.2316,0.61,1567407107344
tap2,23,759,825,793.2655,888.5372,0.94,1567407108498
tap2,80,207,825,284.73636,873.545,0.68,1567407109713
tap2,209,828,1446,875.18964,1497.2202,0.62,1567407111399
tap2,208,207,1446,249.76874,1505.216,0.74,1567407112716
tap2,79,828,825,903.16376,862.5507,0.76,1567407113901
tap2,115,897,825,938.13135,888.5372,0.58,1567407114861
tap2,210,276,1446,331.69287,1502.2175,0.78999996,1567407115801
tap2,116,276,825,330.69382,832.56635,0.76,1567407117006
tap2,211,897,1446,943.1267,1509.2139,0.87,1567407118650
tap2,203,621,1446,695.35614,1484.2269,0.90999997,1567407119631
tap2,156,0,825,85.92044,866.54865,0.72999996,1567407120979
tap2,202,0,1446,89.91675,1513.2118,0.84999996,1567407122204
tap2,155,621,825,692.35895,857.55334,0.96999997,1567407123338
tap2,52,69,894,111.89639,960.4997,0.78999996,1567407124410
tap2,215,690,1515,752.3034,1576.1791,0.84999996,1567407125626
tap2,51,690,894,741.3136,936.5122,1.05,1567407126525
tap2,214,69,1515,176.83626,1512.2124,0.78,1567407127515
tap2,216,138,1515,194.81961,1558.1884,0.94,1567407128710
tap2,19,759,894,806.2535,967.4961,0.88,1567407130028
tap2,217,759,1515,823.23773,1554.1904,0.56,1567407131100
tap2,20,138,894,210.80481,923.519,0.95,1567407132305
tap2,141,621,480,681.3691,529.72406,1.0,1567407133337
tap2,140,0,1101,79.925995,1154.3987,0.90999997,1567407134521
tap2,138,0,480,119.88899,525.7262,0.31,1567407135696
tap2,139,621,1101,59.944496,530.7236,0.84,1567407135911
tap2,142,0,411,84.92137,438.77145,0.96999997,1567407137105
tap2,143,621,1032,686.3645,1093.4304,0.81,1567407138147
tap2,144,0,1032,94.91212,1067.444,0.89,1567407139475
tap2,145,621,411,670.3793,475.7522,0.85999995,1567407140476
tap2,148,0,963,33.968548,1013.4721,0.56,1567407141620
tap2,149,621,342,672.37744,384.79956,1.13,1567407142621
tap2,147,621,963,688.3626,989.4846,1.0799999,1567407143601
tap2,146,0,342,68.93617,380.80167,1.01,1567407144878
tap2,153,621,273,661.38763,350.81726,1.09,1567407145828
tap2,152,0,894,71.933395,953.50336,0.96,1567407146982
tap2,150,0,273,91.914894,281.85318,1.0699999,1567407148290
tap2,151,621,894,681.3691,957.5013,1.03,1567407149474
tap2,266,345,273,361.66513,266.861,1.23,1567407150618
tap2,267,552,1239,632.4144,1292.3269,0.9,1567407151517
tap2,269,552,273,603.4413,323.83133,1.02,1567407152508
tap2,268,345,1239,429.60223,1294.3258,0.75,1567407153468
tap2,271,414,1239,505.53192,1277.3347,1.03,1567407154428
tap2,153,621,273,617.4283,312.83707,0.96,1567407155705
tap2,270,414,273,468.56613,306.84018,1.04,1567407156951
tap2,87,621,1239,698.3534,1285.3306,1.04,1567407157911
tap2,91,690,1239,778.27936,1288.329,0.96999997,1567407158891
tap2,272,483,273,538.5014,290.8485,1.0799999,1567407160066
tap2,273,483,1239,521.5171,1326.3092,0.93,1567407161026
tap2,53,690,273,710.3423,285.8511,0.98999995,1567407162150
tap2,277,552,342,606.4385,381.80115,1.04,1567407163242
tap2,276,345,1308,448.58466,1350.2966,0.83,1567407164223
tap2,274,345,342,408.62164,396.79333,0.66999996,1567407165316
tap2,275,552,1308,639.40796,1347.2982,0.79999995,1567407166337
tap2,183,621,1308,664.3848,1353.2952,0.87,1567407167389
tap2,278,414,342,466.568,380.80167,0.72999996,1567407168605
tap2,149,621,342,685.3654,373.8053,0.81,1567407169973
tap2,279,414,1308,502.5347,1358.2925,0.71,1567407171230
tap2,281,483,1308,542.4977,1359.292,0.78,1567407172394
tap2,49,690,342,729.3247,388.7975,0.81,1567407173671
tap2,280,483,342,567.47455,386.79852,0.66999996,1567407174825
tap2,185,690,1308,774.2831,1357.2931,0.78999996,1567407176724
tap2,156,0,825,36.965775,864.5497,0.68,1567407178165
tap2,157,621,204,712.34045,245.87193,0.96,1567407179472
tap2,155,621,825,712.34045,883.5398,0.98999995,1567407180442
tap2,154,0,204,51.951897,248.87038,0.78,1567407181892
tap2,158,0,135,92.91397,153.91983,1.02,1567407183149
tap2,159,621,756,694.35706,798.58405,0.96,1567407184262
tap2,160,0,756,43.959297,805.5804,0.7,1567407185304
tap2,161,621,135,699.3525,193.899,0.56,1567407186785
tap2,162,0,66,96.91027,105.94482,0.96999997,1567407188184
tap2,163,621,687,714.33856,720.62463,0.91999996,1567407189318
tap2,164,0,687,56.947273,733.61786,0.82,1567407190308
tap2,165,621,66,683.36725,118.93805,0.96,1567407191830
tap2,169,897,66,966.10547,127.933365,0.84,1567407193321
tap2,168,276,687,350.6753,734.6174,0.83,1567407194598
tap2,166,276,66,333.69104,119.93753,0.82,1567407196171
tap2,167,897,687,967.10455,738.6153,0.79999995,1567407197550
tap2,170,138,618,212.80296,647.66266,0.82,1567407198775
tap2,171,759,1239,833.2285,1289.3285,0.84999996,1567407200277
tap2,173,759,618,819.24146,655.6585,0.83,1567407201390
tap2,172,138,1239,210.80481,1279.3336,0.77,1567407202575
tap2,177,828,618,919.1489,670.6507,0.78,1567407203739
tap2,176,207,1239,258.7604,1268.3394,0.83,1567407204883
tap2,174,207,618,242.7752,663.65436,0.71,1567407206089
tap2,175,828,1239,884.18134,1252.3477,0.26999998,1567407207916
tap2,133,690,66,766.29047,119.93753,0.53999996,1567407209632
tap2,249,483,1032,554.4866,1089.4326,0.55,1567407210848
tap2,43,690,1032,766.29047,1069.443,0.61,1567407211961
tap2,248,483,66,540.4995,85.95523,0.79999995,1567407213524
tap2,251,552,1101,633.4135,1149.4014,0.71,1567407214862
tap2,250,345,135,403.62628,182.90474,0.82,1567407216363
tap2,252,345,1101,399.62997,1133.4097,0.76,1567407217538
tap2,253,552,135,626.42,159.9167,0.89,1567407218753
tap2,254,414,135,489.54672,178.90681,0.65,1567407220030
tap2,139,621,1101,671.37836,1187.3816,0.53999996,1567407221623
tap2,161,621,135,665.3839,162.91515,0.75,1567407222900
tap2,255,414,1101,482.5532,1131.4106,0.5,1567407224043
tap2,178,276,618,335.68918,667.6522,0.71999997,1567407225249
tap2,179,897,1239,952.1184,1277.3347,0.69,1567407226914
tap2,181,897,618,935.13416,662.65485,0.9,1567407228221
tap2,180,276,1239,320.70306,1286.33,0.71,1567407229344
tap2,132,69,687,110.897316,720.62463,0.90999997,1567407230713
tap2,185,690,1308,754.3016,1367.2878,0.78999996,1567407232071
tap2,184,69,1308,157.85384,1348.2977,0.58,1567407233297
tap2,131,690,687,746.30896,765.60126,0.82,1567407234595
tap2,127,759,687,850.21277,688.6413,0.78,1567407235902
tap2,187,759,1308,817.2433,1329.3076,0.87,1567407237301
tap2,186,138,1308,186.82701,1344.2998,0.74,1567407238486
tap2,126,138,66,178.83441,80.95783,0.85999995,1567407240535
tap2,123,828,687,887.1785,741.6137,0.82,1567407242020
tap2,188,207,1308,275.7447,1324.3102,0.93,1567407243204
tap2,124,207,687,252.76596,717.6262,0.84,1567407244440
tap2,189,828,1308,878.1869,1350.2966,0.83,1567407245594
tap2,317,552,687,607.43756,709.6304,0.89,1567407246697
tap2,316,345,1653,399.62997,1706.1113,0.39999998,1567407247851
tap2,314,345,687,414.6161,696.63715,0.84999996,1567407249210
tap2,315,552,1653,608.43665,1721.1035,0.82,1567407250517
tap2,266,345,273,383.64478,292.84747,0.72999996,1567407251957
tap2,335,483,963,550.4903,983.48773,0.83,1567407252999
tap2,272,483,273,550.4903,294.84644,0.82,1567407254265
tap2,334,345,963,421.60962,984.48724,0.59,1567407255368
tap2,318,414,687,489.54672,713.6283,0.87,1567407256359
tap2,233,621,1653,676.3737,1704.1124,0.55,1567407257543
tap2,163,621,687,690.3608,740.61426,0.65,1567407258932
tap2,319,414,1653,494.54208,1672.129,0.74,1567407260117
tap2,269,552,273,624.4218,288.84955,0.94,1567407261537
tap2,336,414,963,457.57632,996.48096,0.85999995,1567407262650
tap2,337,552,963,609.4357,1020.4685,0.84,1567407263580
tap2,270,414,273,469.56522,302.84225,0.77,1567407264887
tap2,168,276,687,330.69382,694.6382,0.61,1567407266102
tap2,191,897,1308,953.1175,1361.291,0.75,1567407267869
tap2,167,897,687,956.1147,722.6236,0.93,1567407268921
tap2,190,276,1308,365.66144,1359.292,0.76,1567407269932
tap2,192,0,1377,57.946346,1399.2711,0.65999997,1567407271178
tap2,160,0,756,56.947273,784.5914,0.87,1567407272475
tap2,193,621,1377,698.3534,1414.2634,0.84999996,1567407273661
tap2,159,621,756,657.3913,804.58093,0.87,1567407274692
tap2,194,69,1377,162.84921,1452.2435,0.78,1567407275744
tap2,59,690,756,725.3284,822.57153,0.91999996,1567407276919
tap2,60,69,756,124.88437,791.5877,0.77,1567407278124
tap2,195,690,1377,765.2914,1395.2733,0.59999996,1567407279523
tap2,28,138,756,218.79741,799.58356,0.78,1567407280881
tap2,197,759,1377,814.2461,1424.2582,0.64,1567407282404
tap2,27,759,756,800.25903,809.5783,0.78,1567407283466
tap2,196,138,1377,166.84552,1396.2727,0.75,1567407284671
tap2,84,207,756,255.76318,800.583,0.83,1567407286040
tap2,199,828,1377,888.1776,1439.2504,0.65999997,1567407287746
tap2,83,828,756,888.1776,798.58405,0.78999996,1567407288787
tap2,198,207,1377,261.75763,1408.2665,0.9,1567407289911
tap2,200,276,1377,312.71045,1435.2524,0.91999996,1567407291024
tap2,119,897,756,936.13324,849.5575,0.83,1567407292219
tap2,120,276,756,337.68732,798.58405,0.88,1567407293363
tap2,201,897,1377,972.0999,1432.254,0.78,1567407294620
tap2,242,345,66,419.61148,104.945335,0.89,1567407296295
tap2,347,966,687,1042.0352,728.6205,0.7,1567407297602
tap2,338,966,66,1053.025,110.942215,0.68,1567407299420
tap2,314,345,687,394.6346,775.596,0.90999997,1567407300615
tap2,322,345,756,415.61517,793.5867,0.89,1567407301555
tap2,339,966,135,1038.0388,224.88287,0.87,1567407304084
tap2,348,966,756,998.07587,832.56635,0.78,1567407305150
tap2,250,345,135,426.605,188.90161,0.97999996,1567407306559
tap2,258,345,204,426.605,254.86725,0.9,1567407307918
tap2,349,966,825,1019.05646,852.55597,0.88,1567407309000
tap2,340,966,204,1000.07404,234.87766,0.93,1567407310287
tap2,326,345,825,377.65033,855.5544,0.89,1567407311349
tap2,330,345,894,412.61795,927.5169,0.77,1567407312391
tap2,341,966,273,1050.0277,301.84277,0.63,1567407313923
tap2,266,345,273,418.6124,317.83444,0.64,1567407315189
tap2,350,966,894,1033.0435,927.5169,0.77,1567407316466
tap2,76,207,894,302.7197,928.51636,0.98999995,1567407317426
tap2,219,828,1515,886.17944,1553.191,0.84999996,1567407318642
tap2,218,207,1515,244.77336,1559.1879,0.79999995,1567407319755
tap2,75,828,894,903.16376,939.5106,0.90999997,1567407320786
tap2,220,276,1515,340.68454,1557.189,0.78999996,1567407321920
tap2,111,897,894,958.11285,931.51483,0.84,1567407323094
tap2,112,276,894,329.69473,934.51324,0.87,1567407324187
tap2,221,897,1515,981.0916,1559.1879,0.28,1567407325463
tap2,225,690,1584,755.30066,1630.1509,0.62,1567407326444
tap2,48,69,963,116.89177,991.4836,0.81,1567407327527
tap2,47,690,963,755.30066,1004.4768,0.78999996,1567407328395
tap2,224,69,1584,135.87419,1635.1483,0.81,1567407329467
tap2,165,621,66,674.3756,105.94482,1.04,1567407331203
tap2,247,414,1032,465.5689,1070.4425,0.78999996,1567407332174
tap2,143,621,1032,705.3469,1082.4362,0.97999996,1567407333144
tap2,246,414,66,485.5504,117.93857,0.94,1567407334706
tap2,15,759,963,819.24146,1031.4628,0.87,1567407335891
tap2,226,138,1584,201.81314,1628.152,0.77,1567407337045
tap2,227,759,1584,828.2331,1636.1478,0.79999995,1567407338445
tap2,16,138,963,207.80759,1010.4737,0.77,1567407339680
tap2,72,207,963,298.72342,990.4841,0.85999995,1567407340722
tap2,229,828,1584,875.18964,1662.1343,0.84999996,1567407342468
tap2,71,828,963,874.19055,1003.47736,0.78,1567407343643
tap2,228,207,1584,255.76318,1634.1488,0.83,1567407344777
tap2,242,345,66,398.6309,104.945335,0.95,1567407346349
tap2,243,552,1032,603.4413,1077.4388,0.89,1567407347585
tap2,244,345,1032,387.64108,1094.4299,0.78999996,1567407348637
tap2,245,552,66,594.4496,103.94586,0.85999995,1567407350686
tap2,148,0,963,83.922295,1000.4789,0.85999995,1567407351885
tap2,223,621,1584,707.34503,1651.14,0.66999996,1567407352957
tap2,147,621,963,664.3848,1002.47784,0.97999996,1567407354091
tap2,222,0,1584,92.91397,1627.1525,0.84,1567407355245
tap2,252,345,1101,423.6078,1129.4117,0.91999996,1567407356400
tap2,344,966,480,1015.0601,506.73605,0.71999997,1567407357676
tap2,290,345,480,381.64664,511.73346,0.85999995,1567407358922
tap2,353,966,1101,1014.06104,1197.3763,0.71999997,1567407360158
tap2,345,966,549,1059.0194,551.71265,0.56,1567407361311
tap2,260,345,1170,433.5985,1174.3883,0.84,1567407362476
tap2,354,966,1170,1017.0583,1212.3685,0.77,1567407363681
tap2,298,345,549,395.63367,572.7017,0.88,1567407364988
tap2,346,966,618,1036.0406,626.6736,0.62,1567407366377
tap2,268,345,1239,413.61703,1273.3368,0.78,1567407367368
tap2,355,966,1239,1002.07214,1296.3248,0.51,1567407368338
tap2,306,345,618,419.61148,652.66003,0.82,1567407369717
tap2,314,345,687,401.6281,708.6309,0.72999996,1567407370901
tap2,356,966,1308,1019.05646,1355.2941,0.78999996,1567407372678
tap2,347,966,687,1006.0685,713.6283,0.81,1567407373730
tap2,276,345,1308,426.605,1342.3009,0.81,1567407374721
tap2,257,483,1101,541.4986,1138.4071,0.81,1567407375609
tap2,61,690,135,758.29785,159.9167,0.89,1567407376814
tap2,39,690,1101,719.334,1175.3878,0.78999996,1567407377815
tap2,256,483,135,556.48474,161.91566,0.97999996,1567407379275
tap2,258,345,204,423.6078,249.86986,0.96,1567407380511
tap2,259,552,1170,637.4098,1181.3846,0.7,1567407381471
tap2,260,345,1170,394.6346,1174.3883,0.98999995,1567407382492
tap2,261,552,204,619.42645,259.86465,0.97999996,1567407383564
tap2,157,621,204,667.3821,230.87975,0.91999996,1567407384780
tap2,263,414,1170,484.55133,1209.3701,0.97999996,1567407386097
tap2,262,414,204,474.5606,237.8761,0.96,1567407387384
tap2,135,621,1170,699.3525,1222.3633,0.95,1567407388436
tap2,244,345,1032,392.63644,1109.4221,0.96,1567407389447
tap2,361,966,1653,1013.062,1742.0927,0.77,1567407391559
tap2,352,966,1032,1012.0629,1075.4398,0.98999995,1567407392593
tap2,316,345,1653,430.6013,1652.1395,0.94,1567407393553
tap2,282,345,411,381.64664,433.77408,1.02,1567407394799
tap2,283,552,1377,638.4089,1410.2655,0.93,1567407395769
tap2,284,345,1377,400.62906,1417.2618,0.97999996,1567407396698
tap2,285,552,411,626.42,450.76523,0.87,1567407397873
tap2,145,621,411,662.38666,427.7772,0.89,1567407398966
tap2,287,414,1377,477.55783,1436.252,0.91999996,1567407399966
tap2,193,621,1377,687.3635,1414.2634,0.84999996,1567407400885
tap2,286,414,411,472.56244,434.77356,0.91999996,1567407402070
tap2,288,483,411,540.4995,466.7569,0.84,1567407403234
tap2,195,690,1377,766.29047,1429.2556,0.76,1567407404337
tap2,289,483,1377,563.4783,1430.255,0.83,1567407405297
tap2,45,690,411,737.3173,468.75586,0.84999996,1567407406461
tap2,31,690,1170,768.28864,1220.3644,0.76,1567407407544
tap2,264,483,204,494.54208,264.86203,0.9,1567407409045
tap2,57,690,204,739.3154,257.8657,0.96999997,1567407410036
tap2,265,483,1170,561.4801,1204.3727,0.96,1567407411036
tap2,300,345,1515,371.65588,1543.1962,0.95,1567407412180
tap2,350,966,894,1017.0583,940.51013,0.81,1567407413303
tap2,330,345,894,399.62997,911.5252,0.88,1567407414396
tap2,359,966,1515,1019.05646,1559.1879,0.78,1567407415795
tap2,351,966,963,1031.0453,1005.4763,0.84,1567407416755
tap2,308,345,1584,429.60223,1628.152,0.78999996,1567407417736
tap2,360,966,1584,1046.0315,1617.1577,0.64,1567407418879
tap2,334,345,963,396.63275,1010.4737,0.98999995,1567407419961
tap2,137,621,549,673.3765,587.6939,0.93,1567407420983
tap2,303,414,1515,496.54025,1565.1848,0.94,1567407422126
tap2,213,621,1515,681.3691,1570.1821,0.87,1567407423147
tap2,302,414,549,469.56522,563.70636,0.88,1567407424210
tap2,254,414,135,464.56985,145.924,0.84,1567407425476
tap2,329,552,825,621.4246,897.53253,0.78999996,1567407426446
tap2,253,552,135,592.4514,176.90785,0.95,1567407427539
tap2,328,414,825,459.57446,877.5429,0.79999995,1567407428478
tap2,334,345,963,430.6013,958.50073,0.88,1567407429510
tap2,342,966,342,986.087,358.8131,0.95,1567407430592
tap2,274,345,342,404.62534,385.79904,0.69,1567407431705
tap2,351,966,963,1041.0361,1006.47577,0.7,1567407432849
tap2,282,345,411,392.63644,458.76105,0.76,1567407433901
tap2,352,966,1032,1042.0352,1086.4341,0.69,1567407434943
tap2,343,966,411,1031.0453,408.78708,0.77,1567407435882
tap2,244,345,1032,409.62073,1060.4476,0.91999996,1567407436853
tap2,322,345,756,378.6494,806.5799,0.90999997,1567407437966
tap2,357,966,1377,992.0814,1421.2598,0.79999995,1567407438895
tap2,348,966,756,1025.0509,805.5804,0.75,1567407439906
tap2,284,345,1377,393.63553,1401.2701,0.95,1567407440795
tap2,292,345,1446,402.6272,1485.2264,0.76,1567407441887
tap2,349,966,825,1050.0277,837.5637,0.69,1567407442898
tap2,326,345,825,411.61887,867.54816,0.84999996,1567407443940
tap2,358,966,1446,980.0925,1489.2244,0.58,1567407445349
tap2,131,690,687,731.3229,716.6267,0.90999997,1567407446401
tap2,321,483,1653,561.4801,1686.1218,0.53999996,1567407447494
tap2,320,483,687,562.4792,726.6215,0.96999997,1567407448719
tap2,235,690,1653,768.28864,1695.1171,0.87,1567407449894
tap2,362,0,1722,93.91304,1769.0786,0.74,1567407451211
tap2,139,621,1101,703.34875,1119.417,0.65999997,1567407452191
tap2,140,0,1101,76.92877,1168.3915,0.71,1567407453437
tap2,371,621,1722,687.3635,1757.0848,0.89,1567407454683
tap2,39,690,1101,765.2914,1134.4092,0.91999996,1567407455602
tap2,363,69,1722,147.8631,1773.0765,0.72999996,1567407456797
tap2,372,690,1722,703.34875,1798.0635,0.78999996,1567407458094
tap2,40,69,1101,119.88899,1138.4071,0.78,1567407459269
tap2,136,0,1170,82.92322,1221.3639,0.71,1567407460586
tap2,386,621,1791,691.35986,1828.0479,0.78999996,1567407461842
tap2,135,621,1170,694.35706,1211.369,0.89,1567407462700
tap2,377,0,1791,85.92044,1841.0411,0.57,1567407464038
tap2,31,690,1170,767.28955,1191.3795,0.74,1567407464906
tap2,378,69,1791,143.86679,1820.052,0.7,1567407465907
tap2,32,69,1170,140.86957,1191.3795,0.64,1567407466979
tap2,387,690,1791,751.3043,1822.051,0.75,1567407468368
tap2,8,138,1101,186.82701,1129.4117,0.85999995,1567407469440
tap2,373,759,1722,826.235,1771.0775,0.7,1567407470645
tap2,7,759,1101,832.22943,1161.395,0.88,1567407471626
tap2,364,138,1722,195.8187,1759.0837,0.75,1567407472698
tap2,374,828,1722,898.1684,1788.0687,0.72999996,1567407474036
tap2,64,207,1101,255.76318,1139.4065,0.71999997,1567407475160
tap2,365,207,1722,251.76688,1736.0957,0.7,1567407476201
tap2,63,828,1101,886.17944,1136.4081,0.68,1567407477437
tap2,379,138,1791,206.80852,1803.0609,0.63,1567407478601
tap2,3,759,1170,813.247,1189.3805,0.65999997,1567407479480
tap2,4,138,1170,209.80574,1191.3795,0.84,1567407480420
tap2,388,759,1791,826.235,1818.0531,0.59999996,1567407481573
tap2,380,207,1791,278.7419,1821.0515,0.47,1567407482686
tap2,35,828,1170,896.1702,1186.3821,0.88,1567407483657
tap2,389,828,1791,888.1776,1849.0369,0.64,1567407484821
tap2,36,207,1170,252.76596,1191.3795,0.79999995,1567407485985
tap2,100,276,1101,321.70212,1125.4138,0.75,1567407487068
tap2,375,897,1722,953.1175,1779.0734,0.79999995,1567407488855
tap2,99,897,1101,982.09064,1142.405,0.76,1567407489785
tap2,366,276,1722,361.66513,1759.0837,0.69,1567407490795
tap2,368,414,1722,466.568,1748.0895,0.71,1567407491735
tap2,159,621,756,713.3395,790.5882,0.76,1567407492879
tap2,371,621,1722,702.3497,1751.0879,0.62,1567407494023
tap2,324,414,756,473.56152,795.58563,0.74,1567407495054
tap2,96,276,1170,376.65125,1195.3773,0.89,1567407496014
tap2,390,897,1791,965.1064,1829.0474,0.7,1567407497199
tap2,95,897,1170,973.099,1211.369,0.78999996,1567407498128
tap2,381,276,1791,325.69843,1810.0573,0.59,1567407499129
tap2,385,552,1791,624.4218,1813.0557,0.7,1567407500201
tap2,326,345,825,392.63644,833.56586,0.9,1567407501172
tap2,382,345,1791,417.6133,1783.0713,0.83,1567407502050
tap2,329,552,825,598.44586,856.55383,1.05,1567407502918
tap2,323,483,756,550.4903,792.58716,1.0,1567407503960
tap2,372,690,1722,753.3025,1750.0885,0.78,1567407504858
tap2,59,690,756,728.3256,794.5861,1.01,1567407505716
tap2,369,483,1722,534.50507,1748.0895,0.84999996,1567407506605
tap2,353,966,1101,1022.05365,1145.4034,0.66999996,1567407508341
tap2,367,345,1722,417.6133,1754.0864,0.34,1567407509444
tap2,252,345,1101,389.63922,1154.3987,0.78,1567407510516
tap2,376,966,1722,1020.0555,1751.0879,0.48,1567407512334
tap2,383,414,1791,472.56244,1819.0525,0.72999996,1567407513304
tap2,155,621,825,682.36816,871.546,0.87,1567407514387
tap2,328,414,825,485.5504,859.5523,0.82,1567407515541
tap2,386,621,1791,702.3497,1801.0619,0.56,1567407516613
tap2,55,690,825,741.3136,884.5393,0.93,1567407517716
tap2,384,483,1791,545.49493,1850.0364,0.64,1567407518748
tap2,327,483,825,571.4709,861.5513,0.95,1567407519923
tap2,387,690,1791,765.2914,1823.0504,0.59999996,1567407521087
tap1,2,288,642,394.6346,721.62415,0.76,1567407569098
tap1,3,576,930,723.33026,998.4799,0.22,1567407570192
tap1,4,576,642,687.3635,983.48773,0.68,1567407570417
tap1,5,288,930,387.64108,992.48303,1.03,1567407571295
tap1,9,288,786,403.62628,845.5596,0.74,1567407572520
tap1,17,576,1074,685.3654,1152.3998,0.77,1567407573725
tap1,16,288,1074,369.6577,1128.4122,0.82,1567407574848
tap1,7,576,786,658.3904,842.56116,0.87,1567407575982
tap1,4,576,642,677.3728,696.63715,0.97999996,1567407577136
tap1,10,288,354,382.6457,413.7845,0.88,1567407578422
tap1,2,288,642,397.63184,684.6434,0.87,1567407579586
tap1,11,576,354,657.3913,412.785,0.76,1567407581138
tap1,4,576,642,697.3543,712.62885,0.84999996,1567407582302
tap1,18,288,1218,388.64014,1266.3405,0.78999996,1567407583609
tap1,2,288,642,369.6577,660.6559,0.41,1567407584967
tap1,19,576,1218,677.3728,1288.329,0.72999996,1567407586448
tap1,13,576,210,677.3728,279.85425,0.96,1567407587745
tap1,6,288,498,381.64664,554.71106,0.89,1567407589113
tap1,12,288,210,386.642,270.85892,0.85999995,1567407590481
tap1,8,576,498,668.3811,577.6991,1.02,1567407591472
tap1,19,576,1218,670.3793,1260.3435,0.93,1567407592432
tap1,22,288,1506,382.6457,1576.1791,0.91999996,1567407593391
tap1,18,288,1218,397.63184,1268.3394,1.11,1567407594239
tap1,23,576,1506,690.3608,1589.1722,0.88,1567407595219
tap1,14,288,66,385.6429,156.91827,0.95,1567407596587
tap1,11,576,354,670.3793,423.77927,1.0699999,1567407597690
tap1,10,288,354,378.6494,422.7798,0.89,1567407598772
tap1,15,576,66,685.3654,85.95523,0.81,1567407599834
tap1,17,576,1074,665.3839,1134.4092,0.87,1567407600947
tap1,20,288,1362,400.62906,1429.2556,0.98999995,1567407601907
tap1,21,576,1362,697.3543,1432.254,0.89,1567407602836
tap1,16,288,1074,397.63184,1119.417,0.95,1567407604021
tap1,9,288,786,372.65494,860.55176,0.87,1567407604991
tap1,8,576,498,690.3608,559.7085,0.89,1567407606093
tap1,6,288,498,415.61517,504.7371,1.02,1567407608234
tap1,7,576,786,676.3737,833.56586,1.16,1567407609279
tap1,24,144,66,262.7567,143.92503,1.03,1567407610770
tap1,26,432,354,544.49585,417.7824,0.96,1567407611852
tap1,27,144,354,219.79648,404.78915,1.11,1567407612955
tap1,25,432,66,558.4829,125.9344,0.68,1567407614067
tap1,66,720,1506,815.2451,1604.1644,0.89,1567407615374
tap1,41,432,1218,504.53284,1327.3087,0.98999995,1567407616222
tap1,42,432,1506,550.4903,1589.1722,0.78999996,1567407617294
tap1,65,720,1218,833.2285,1297.3242,0.84,1567407618539
tap1,36,144,786,218.79741,838.56323,1.01,1567407619683
tap1,38,432,1074,545.49493,1154.3987,1.03,1567407620571
tap1,39,144,1074,257.76132,1153.3993,0.96,1567407621582
tap1,37,432,786,528.5106,842.56116,0.9,1567407622491
tap1,16,288,1074,381.64664,1149.4014,1.01,1567407623389
tap1,56,0,1362,132.87697,1424.2582,0.77,1567407624298
tap1,20,288,1362,381.64664,1429.2556,0.84999996,1567407625666
tap1,53,0,1074,84.92137,1101.4263,0.85999995,1567407626860
tap1,59,720,210,821.2396,256.8662,1.09,1567407628045
tap1,30,432,498,535.50415,573.7012,1.03,1567407629056
tap1,29,432,210,545.49493,260.86414,0.91999996,1567407630230
tap1,60,720,498,828.2331,581.697,0.78999996,1567407631302
tap1,33,432,642,544.49585,708.6309,1.11,1567407632354
tap1,62,720,930,848.2146,997.48047,0.76,1567407633283
tap1,61,720,642,811.24884,740.61426,0.96,1567407634161
tap1,34,432,930,550.4903,983.48773,1.1,1567407634947
tap1,6,288,498,413.61703,552.7121,1.06,1567407636030
tap1,48,0,210,111.89639,245.87193,1.11,1567407637122
tap1,12,288,210,387.64108,264.86203,0.95,1567407638134
tap1,49,0,498,93.91304,562.7069,0.85999995,1567407640672
tap1,51,0,930,107.90009,988.48517,0.57,1567407641687
tap1,2,288,642,347.67807,707.6314,0.82,1567407642718
tap1,5,288,930,389.63922,989.4846,0.90999997,1567407643709
tap1,50,0,642,115.89269,715.62726,0.82,1567407644770
tap1,37,432,786,547.49304,864.5497,0.75,1567407645914
tap1,64,720,1074,843.21924,1129.4117,0.84999996,1567407647057
tap1,38,432,1074,539.5005,1136.4081,0.71,1567407648089
tap1,63,720,786,830.23126,853.5554,0.62,1567407649263
tap1,29,432,210,507.53006,283.85214,0.89,1567407650724
tap1,31,144,498,270.7493,548.7142,0.76,1567407651898
tap1,28,144,210,228.78816,233.87819,0.75,1567407653420
tap1,30,432,498,545.49493,546.7152,0.75,1567407654727
tap1,42,432,1506,547.49304,1561.1869,0.57,1567407655860
tap1,40,144,1218,241.77614,1292.3269,0.79999995,1567407657034
tap1,41,432,1218,537.5023,1297.3242,0.9,1567407658249
tap1,43,144,1506,238.77892,1598.1676,0.59,1567407659536
tap1,45,144,1362,239.77798,1402.2697,0.78999996,1567407660669
tap1,82,432,1650,549.4912,1733.0973,0.75,1567407661680
tap1,80,144,1650,244.77336,1742.0927,0.71,1567407662712
tap1,44,432,1362,490.5458,1434.2529,0.87,1567407663764
tap1,57,720,66,824.2368,112.94118,0.97999996,1567407665520
tap1,26,432,354,544.49585,413.7845,0.93,1567407666837
tap1,58,720,354,827.2341,404.78915,0.93,1567407668154
tap1,25,432,66,529.5097,130.93181,1.04,1567407669450
tap1,64,720,1074,822.23865,1164.3936,0.91999996,1567407670686
tap1,44,432,1362,556.48474,1445.2472,0.78999996,1567407671717
tap1,38,432,1074,570.4718,1169.3909,0.72999996,1567407672646
tap1,67,720,1362,837.2248,1443.2483,0.90999997,1567407673698
tap1,9,288,786,372.65494,872.54553,0.75,1567407674719
tap1,53,0,1074,98.90842,1161.395,0.72999996,1567407675750
tap1,16,288,1074,386.642,1111.4211,1.03,1567407676516
tap1,52,0,786,93.91304,852.55597,0.81,1567407677557
tap1,74,864,786,942.1277,822.57153,1.06,1567407679282
tap1,17,576,1074,693.35803,1171.3899,1.05,1567407680191
tap1,75,864,1074,944.1258,1153.3993,0.83,1567407682172
tap1,7,576,786,632.4144,861.5513,1.13,1567407683377
tap1,38,288,66,375.65216,142.92555,0.96,1567407684489
tap1,45,0,354,97.90935,421.7803,0.69,1567407685592
tap1,44,0,66,93.91304,121.936485,0.79999995,1567407687001
tap1,39,288,354,385.6429,424.77875,0.84,1567407688186
tap1,14,288,1506,381.64664,1562.1863,0.7,1567407689360
tap1,47,0,1794,85.92044,1860.0311,0.7,1567407691767
tap1,46,0,1506,96.91027,1601.166,0.76,1567407692781
tap1,10,288,1794,397.63184,1862.0302,0.71,1567407693740
tap1,22,864,210,933.136,302.84225,1.05,1567407694905
tap1,86,576,498,675.37463,581.697,0.96,1567407696018
tap1,55,576,210,691.35986,265.8615,0.94,1567407697182
tap1,88,864,498,955.11566,599.6876,1.09,1567407698141
tap1,70,864,1362,977.0953,1467.2357,0.44,1567407699203
tap1,8,576,1650,649.3987,1773.0765,0.85999995,1567407700204
tap1,13,576,1362,706.346,1443.2483,0.89,1567407701031
tap1,71,864,1650,967.10455,1758.0842,0.94,1567407701991
tap1,78,576,1218,679.371,1311.317,0.90999997,1567407702920
tap1,83,864,1506,971.1008,1581.1764,0.74,1567407703808
tap1,21,864,1218,965.1064,1269.3389,1.06,1567407704768
tap1,85,576,1506,671.37836,1545.1952,0.74,1567407705748
tap1,19,576,66,670.3793,100.94742,0.83,1567407706983
tap1,77,864,354,988.0851,442.76938,0.96,1567407708025
tap1,76,576,354,681.3691,422.7798,0.88,1567407709127
tap1,23,864,66,956.1147,109.94273,0.96,1567407710270
tap1,15,576,1362,685.3654,1455.2421,1.1,1567407711353
tap1,69,864,1074,980.0925,1150.4008,0.88,1567407712486
tap1,11,576,1074,687.3635,1164.3936,0.77,1567407713293
tap1,68,864,1362,980.0925,1465.2368,0.79999995,1567407714395
tap1,21,0,1218,87.918594,1336.304,0.9,1567407715559
tap1,75,288,1506,388.64014,1547.1941,1.01,1567407716631
tap1,17,288,1218,405.62442,1290.3279,0.82,1567407717927
tap1,78,0,1506,123.88529,1574.18,0.79999995,1567407719162
tap1,54,576,642,690.3608,729.62,0.9,1567407720439
tap1,22,864,930,964.1073,1014.4716,0.72999996,1567407721480
tap1,18,864,642,962.1092,710.6299,0.87,1567407722643
tap1,55,576,930,691.35986,971.494,1.09,1567407723818
tap1,4,576,1794,699.3525,1849.0369,0.81,1567407724981
tap1,73,864,1506,964.1073,1588.1727,0.84999996,1567407726043
tap1,72,576,1506,682.36816,1581.1764,0.84999996,1567407726992
tap1,3,864,1794,950.12024,1872.0249,0.61,1567407728034
tap1,90,720,1362,847.2156,1460.2394,0.77,1567407728881
tap1,77,432,1650,539.5005,1746.0906,0.87,1567407729790
tap1,23,720,1650,847.2156,1741.0931,0.87,1567407730913
tap1,92,432,1362,532.50696,1436.252,1.01,1567407731944
tap1,67,432,1074,520.51807,1144.4039,0.93,1567407733047
tap1,82,144,1362,271.74838,1401.2701,0.9,1567407734211
tap1,84,432,1362,548.4921,1434.2529,0.78,1567407735262
tap1,44,144,1074,239.77798,1141.4055,0.83,1567407736395
tap1,38,432,1506,520.51807,1597.1681,0.79999995,1567407737498
tap1,45,144,1794,242.7752,1861.0306,0.71,1567407738580
tap1,44,432,1794,541.4986,1838.0426,0.61,1567407739693
tap1,39,144,1506,255.76318,1585.1743,0.9,1567407740673
tap1,42,432,1506,534.50507,1582.1759,0.78999996,1567407741622
tap1,87,720,1794,819.24146,1849.0369,0.72999996,1567407742623
tap1,89,432,1794,539.5005,1881.0203,0.57,1567407743582
tap1,43,720,1506,828.2331,1565.1848,0.96,1567407744614
tap1,42,0,1362,99.90749,1436.252,0.88,1567407745798
tap1,91,288,1650,389.63922,1721.1035,0.90999997,1567407746768
tap1,89,288,1362,394.6346,1428.2561,0.96,1567407747738
tap1,66,0,1650,155.85568,1724.1019,0.48,1567407748728
tap1,56,432,642,502.5347,698.6361,1.01,1567407749912
tap1,81,144,930,225.79094,998.4799,0.98999995,1567407751036
tap1,20,432,930,543.49677,996.48096,0.90999997,1567407752098
tap1,79,144,642,256.76227,719.6252,0.97999996,1567407753231
