scale1,27,3.5563774,1313.0826929999998
scale1,46,10.5086975,1298.9017689999998
scale1,26,-1.3467522,1796.704924
scale1,4,3.5344734,1301.977539
scale1,43,15.439293,1641.3639229999999
scale1,25,-115.00124,1162.404615
scale1,42,-144.0,90.59299999999999
scale1,23,9.237476,1272.087615
scale1,5,-126.59142,2153.907077
scale1,24,-3.447012,1212.446923
scale1,19,-0.6943188,1686.549077
scale1,2,-5.277832,2113.835846
scale1,44,-0.08183098,1621.05523
scale1,65,-11.55372,1244.629692
scale1,45,8.798744,1189.736461
scale1,28,6.437954,1732.1314619999998
scale1,13,6.5854797,1122.829154
scale1,56,8.560925,1347.2696919999998
scale1,40,-6.4083595,1357.5086159999998
scale1,41,-7.2564697,1654.717847
scale1,6,-55.105858,2017.5877699999999
scale1,51,-3.7842922,1984.8993839999998
scale1,36,-9.651918,1756.247077
scale1,21,-8.763124,1563.4008469999999
scale1,8,4.7792244,1328.2058459999998
scale1,57,-15.496937,1510.695231
scale1,39,7.760502,1092.505539
scale1,9,-4.4415493,1762.5561539999999
scale1,58,25.73386,1033.729308
scale1,47,-14.209047,1800.719077
scale1,1,-14.209047,671.617923
scale1,35,-144.0,41.714152999999996
scale1,3,-144.0,272.498692
scale1,27,-10.117035,1946.099923
scale1,46,4.3049927,1281.8451539999999
scale1,26,-10.715893,1717.128
scale1,4,-11.770872,1837.773307
scale1,43,-6.1636734,3071.830308
scale1,25,21.116753,1051.152231
scale1,42,-22.920347,2186.420001
scale1,23,-13.463625,1614.429154
scale1,5,-13.463625,858.700923
scale1,24,-3.5893536,1437.280154
scale1,19,0.11738205,1155.018077
scale1,2,8.587635,1624.3037689999999
scale1,44,-6.0034103,1664.7669999999998
scale1,65,-13.007572,1817.13177
scale1,45,-21.57284,1736.4097689999999
scale1,28,-4.2152653,2266.312077
scale1,13,4.285904,1898.214385
scale1,56,3.43721,2226.685846
scale1,40,6.7831306,1561.914769
scale1,41,-8.438152,2083.483692
scale1,6,-67.05792,1326.586077
scale1,51,4.676296,2257.4416929999998
scale1,36,19.39365,1512.9107689999998
scale1,21,-5.294569,1929.916769
scale1,8,-8.489822,1336.924077
scale1,57,0.572525,1408.4139229999998
scale1,39,-1.2916832,1418.4044609999999
scale1,9,6.70348,1418.774923
scale1,58,-16.386555,1255.378461
scale1,47,5.773247,1232.777231
scale1,1,2.1585388,1808.661001
scale1,35,-2.9928646,1286.584001
scale1,3,6.043167,1900.2989229999998
scale1,17,-7.407652,1663.954923
scale1,53,-7.893265,1806.781
scale1,34,-7.301857,1326.813616
scale1,18,5.4214096,2083.8063079999997
scale1,50,-0.12090111,2532.214846
scale1,62,13.054401,1448.887538
scale1,66,-14.595097,1727.28577
scale1,20,-12.409298,2574.708077
scale1,37,-8.477291,1970.055615
scale1,32,14.716427,1745.020538
scale1,31,-4.2907104,2439.410231
scale1,49,-2.4173012,1745.244231
scale1,7,-5.7856236,1909.4189239999998
scale1,15,5.399437,1553.214616
scale1,10,4.805523,1943.4553079999998
scale1,60,-65.60673,5922.304231
scale1,63,9.969509,2408.227923
scale1,59,-112.96618,2113.959308
scale1,55,-0.8180008,1571.808615
scale1,14,4.3150177,1694.8944609999999
scale1,12,1.52631,1706.5033839999999
scale1,54,22.057732,1492.3826159999999
scale1,52,3.1418839,1144.672077
scale1,48,0.89964294,2162.543231
scale1,30,0.6875038,2156.922615
scale1,16,-3.658001,1663.250308
scale1,11,7.572155,1512.2866159999999
scale1,61,-7.0040245,1652.487539
scale1,38,-3.4852924,1644.3086919999998
scale1,29,7.4685745,1216.395385
scale1,64,-1.9554291,2217.839
scale1,22,1.190197,1838.2565379999999
scale1,33,15.540745,1624.680923
scale2,25,43.30419,1671.451231
scale2,9,-406.7124,3973.3350779999996
scale2,28,-66.98291,3532.607923
scale2,10,-2.2786446,1718.142154
scale2,29,-8.785767,2698.191231
scale2,12,-12.644646,2532.5317689999997
scale2,30,-33.92595,3501.383077
scale2,13,22.642622,2184.580462
scale2,32,-8.151117,2277.890923
scale2,15,13.741985,2084.8762309999997
scale2,34,-6.88591,2899.970154
scale2,17,-1.9335308,2181.256769
scale2,1,-451.09967,2639.069077
scale2,20,-13.27898,2230.078385
scale2,3,14.268814,1856.5998459999998
scale2,24,-42.171288,2930.081769
scale2,16,10.719927,1789.7250769999998
scale2,2,-1.9589596,2062.204923
scale2,23,-3.9424038,2236.672615
scale2,7,-15.5557995,2602.532924
scale2,11,-1.9889832,2227.938231
scale2,14,-126.45014,2062.092077
scale2,26,-23.252157,3063.195692
scale2,35,-53.88168,3278.5173849999996
scale2,21,46.27042,1663.0598459999999
scale2,22,5.091482,2094.206769
scale2,27,-10.41604,2258.118077
scale2,36,-217.90878,2083.403769
scale2,31,-217.90878,12.149154
scale2,19,-217.90878,324.611385
scale2,25,2.1176376,1745.949154
scale2,9,-395.06946,2441.620231
scale2,28,-467.44626,2266.925538
scale2,10,-1.5033817,1991.831539
scale2,29,0.4033985,2196.931231
scale2,12,-79.87244,2749.0027689999997
scale2,30,-478.88864,1307.3206149999999
scale2,13,-5.628256,1360.403769
scale2,32,-233.6129,1900.0924619999998
scale2,15,3.1011772,2279.5841539999997
scale2,34,27.641956,1951.7757689999999
scale2,17,1.0179691,1961.984385
scale2,1,-9.171541,2763.638077
scale2,20,-66.28053,2592.02
scale2,3,31.75676,1900.886
scale2,24,-141.39674,2053.892231
scale2,16,-118.090805,1990.91223
scale2,25,-12.516684,3605.453924
scale2,25,-7.970913,2880.1783849999997
scale2,9,-10.503656,3625.224077
scale2,28,-10.699596,4124.836462
scale2,10,-5.067438,2369.178
scale2,29,-1.4777641,2491.315846
scale2,12,6.05274,2573.018385
scale2,30,-4.5424347,3984.190231
scale2,13,-9.018843,3391.5855389999997
scale2,32,-10.892641,3196.367769
scale2,15,-1.1436653,2297.315154
scale2,34,-37.2884,3349.982385
scale2,17,7.805311,2473.7010769999997
scale2,1,15.710701,1930.3253069999998
scale2,20,4.139162,2585.235462
scale2,3,-21.426762,3931.0909229999997
scale2,24,3.140831,2832.136539
scale2,16,-12.246408,2994.039308
scale2,2,-15.858742,3378.248384
scale2,23,-23.609293,3575.9865379999997
scale2,7,2.0096912,1706.513616
scale2,11,3.118801,2605.063
scale2,14,-10.460541,2327.367769
scale2,26,7.6285057,1848.545692
scale2,35,-0.68997574,2146.854385
scale2,21,-21.678532,2881.428231
scale2,22,-6.3972244,2439.838001
scale2,27,-11.827023,2063.54677
scale2,36,-79.76855,3625.9666159999997
scale2,31,-2.746748,1984.935462
scale2,19,30.679184,2024.591078
scale2,4,-1.5386295,2922.772231
scale2,8,-9.168079,2454.353154
scale2,5,-7.3626995,2053.047693
scale2,33,-0.6782055,1797.5864609999999
scale2,18,15.730465,1952.483923
scale2,6,-17.934523,2608.855923
rotate1,9,-2.7171898,1958.570538
rotate1,4,-1.8092947,1288.3132309999999
rotate1,13,-0.92986965,1389.788769
rotate1,6,-0.92986965,22.03923
rotate1,15,-10.582735,539.089538
rotate1,9,-0.79114056,2316.311308
rotate1,4,-1.0183611,1586.4160009999998
rotate1,13,-0.5795469,1124.317001
rotate1,6,-0.42860794,1967.4821539999998
rotate1,15,3.4525776,1196.630538
rotate1,2,3.2929516,1706.807615
rotate1,10,-2.0187597,1205.9506159999999
rotate1,5,-1.2795897,1122.6323069999999
rotate1,14,4.899597,1366.849
rotate1,8,0.8535528,1025.1423069999998
rotate1,11,-1.8871689,1131.6407689999999
rotate1,7,-0.65422726,1377.1668459999999
rotate1,1,-1.8455429,1308.9153079999999
rotate1,12,1.5403156,1033.859154
rotate1,3,-0.58023643,1540.028846
rotate2,2,0.27507782,2596.105538
rotate2,13,4.802536,2227.166692
rotate2,8,-1.2045898,2533.6704609999997
rotate2,3,-2.8343887,2440.1012299999998
rotate2,7,0.7138748,2552.012769
rotate2,12,0.8874893,2911.198693
rotate2,1,-2.676262,2769.627923
rotate2,11,1.5092316,2228.217154
rotate2,6,-1.6525421,2603.7259999999997
rotate2,10,1.9955521,2021.4440769999999
rotate2,5,1.7120972,2177.460385
rotate2,15,0.9135971,2799.675001
rotate2,9,-1.9570465,2227.573846
rotate2,4,1.0929718,2251.151231
rotate2,14,3.118843,2656.1981539999997
tap1,2,288,642,398.6309,717.6262,1.17,1567236292715
tap1,2,288,642,361.66513,670.6507,1.18,1567236302825
tap1,3,576,930,689.3617,1021.46796,1.1,1567236303734
tap1,4,576,642,651.39685,726.6215,1.1999999,1567236304520
tap1,5,288,930,392.63644,1002.47784,0.84,1567236305367
tap1,9,288,786,410.6198,850.557,0.97999996,1567236306194
tap1,17,576,1074,703.34875,1173.3888,0.95,1567236306939
tap1,16,288,1074,361.66513,1138.4071,0.91999996,1567236307725
tap1,7,576,786,637.4098,848.55804,1.09,1567236308593
tap1,4,576,642,679.371,707.6314,1.02,1567236309338
tap1,10,288,354,349.67624,436.7725,1.14,1567236310288
tap1,2,288,642,356.66974,704.633,1.01,1567236311084
tap1,11,576,354,679.371,402.7902,1.1899999,1567236311860
tap1,4,576,642,692.35895,743.6127,1.02,1567236312575
tap1,18,288,1218,361.66513,1292.3269,0.84,1567236313381
tap1,2,288,642,387.64108,713.6283,1.18,1567236314146
tap1,19,576,1218,683.36725,1285.3306,0.93,1567236314994
tap1,13,576,210,671.37836,264.86203,1.09,1567236315923
tap1,6,288,498,362.6642,580.6975,0.72999996,1567236316760
tap1,12,288,210,406.6235,275.85632,0.84,1567236317638
tap1,8,576,498,702.3497,599.6876,0.96999997,1567236318475
tap1,19,576,1218,685.3654,1290.3279,0.78,1567236319271
tap1,22,288,1506,367.65958,1581.1764,0.83,1567236319986
tap1,18,288,1218,386.642,1230.3591,0.93,1567236320691
tap1,23,576,1506,680.37006,1575.1796,0.78999996,1567236321446
tap1,14,288,66,388.64014,120.93701,0.82,1567236322538
tap1,11,576,354,683.36725,397.79282,0.68,1567236323437
tap1,10,288,354,357.66882,398.7923,0.78,1567236324325
tap1,15,576,66,633.4135,93.951065,0.89,1567236325274
tap1,17,576,1074,684.36633,1134.4092,0.89,1567236326132
tap1,20,288,1362,357.66882,1410.2655,0.79999995,1567236326898
tap1,21,576,1362,688.3626,1451.2441,0.89,1567236327562
tap1,16,288,1074,341.68362,1074.4404,1.04,1567236328287
tap1,9,288,786,379.64847,853.5554,0.9,1567236329042
tap1,8,576,498,667.3821,550.71313,1.0699999,1567236329910
tap1,6,288,498,402.6272,588.69336,1.02,1567236330716
tap1,7,576,786,654.3941,867.54816,1.0799999,1567236331482
tap1,24,144,66,248.76965,125.9344,0.84,1567236332411
tap1,26,432,354,546.494,441.7699,0.72999996,1567236333269
tap1,27,144,354,245.77243,380.80167,0.68,1567236334095
tap1,25,432,66,497.5393,87.954185,0.84999996,1567236335035
tap1,66,720,1506,830.23126,1595.1692,0.75,1567236335964
tap1,41,432,1218,519.519,1263.3419,0.96,1567236336719
tap1,42,432,1506,537.5023,1573.1805,0.76,1567236337403
tap1,65,720,1218,824.2368,1264.3414,0.9,1567236338220
tap1,36,144,786,207.80759,811.5773,0.89,1567236339119
tap1,38,432,1074,552.48846,1138.4071,0.87,1567236339772
tap1,39,144,1074,243.77429,1134.4092,0.83,1567236340487
tap1,37,432,786,541.4986,829.56793,0.97999996,1567236341263
tap1,16,288,1074,391.6374,1163.394,0.82,1567236341988
tap1,56,0,1362,56.947273,1462.2384,0.69,1567236342815
tap1,20,288,1362,372.65494,1436.252,0.85999995,1567236343499
tap1,53,0,1074,73.93155,1102.4258,0.75,1567236344387
tap1,59,720,210,783.2748,238.87558,0.7,1567236345225
tap1,30,432,498,541.4986,559.7085,0.90999997,1567236345939
tap1,29,432,210,533.50604,230.87975,0.94,1567236346695
tap1,60,720,498,848.2146,562.7069,0.96,1567236347389
tap1,33,432,642,483.55228,684.6434,0.96999997,1567236348104
tap1,62,720,930,810.24976,995.4815,0.75,1567236348880
tap1,61,720,642,791.26733,710.6299,0.83,1567236349533
tap1,34,432,930,501.5356,989.4846,0.94,1567236350207
tap1,6,288,498,367.65958,512.7329,0.96,1567236351055
tap1,48,0,210,85.92044,232.87871,0.78999996,1567236351861
tap1,12,288,210,376.65125,263.86258,0.78999996,1567236352607
tap1,49,0,498,85.92044,563.70636,0.84,1567236353424
tap1,51,0,930,95.911194,1015.47107,0.77,1567236354149
tap1,2,288,642,367.65958,692.6392,0.9,1567236354996
tap1,5,288,930,397.63184,979.4898,0.89,1567236355690
tap1,50,0,642,88.91767,690.64026,0.90999997,1567236356476
tap1,37,432,786,544.49585,872.54553,1.03,1567236357089
tap1,64,720,1074,850.21277,1112.4205,0.98999995,1567236357804
tap1,38,432,1074,487.54858,1115.4191,0.97999996,1567236358457
tap1,63,720,786,822.23865,838.56323,0.97999996,1567236359202
tap1,29,432,210,503.53375,262.8631,1.06,1567236359948
tap1,31,144,498,242.7752,535.72095,0.91999996,1567236360621
tap1,28,144,210,226.79001,294.84644,0.95,1567236361326
tap1,30,432,498,511.52637,538.7194,0.94,1567236361908
tap1,42,432,1506,507.53006,1568.1832,0.78,1567236362704
tap1,40,144,1218,236.78076,1280.3331,0.78999996,1567236363419
tap1,41,432,1218,533.50604,1286.33,0.97999996,1567236363960
tap1,43,144,1506,232.78445,1548.1936,0.85999995,1567236364593
tap1,45,144,1362,215.80019,1427.2566,0.95,1567236365277
tap1,82,432,1650,534.50507,1729.0994,0.78999996,1567236365992
tap1,80,144,1650,189.82423,1746.0906,0.88,1567236366604
tap1,44,432,1362,518.5199,1381.2805,0.84999996,1567236367217
tap1,57,720,66,802.2572,104.945335,1.03,1567236368146
tap1,26,432,354,518.5199,413.7845,0.85999995,1567236368902
tap1,58,720,354,827.2341,396.79333,1.06,1567236369555
tap1,25,432,66,523.51526,86.95471,1.0,1567236370352
tap1,64,720,1074,801.2581,1166.3925,0.95,1567236371148
tap1,44,432,1362,522.5162,1404.2686,0.78,1567236371863
tap1,38,432,1074,525.5134,1118.4175,0.90999997,1567236372557
tap1,67,720,1362,785.2729,1403.269,0.83,1567236373282
tap1,9,288,786,384.64386,804.58093,0.9,1567236374058
tap1,53,0,1074,82.92322,1167.392,0.65,1567236374824
tap1,16,288,1074,387.64108,1122.4154,0.93,1567236375467
tap1,52,0,786,95.911194,844.5601,0.87,1567236376294
tap1,74,864,786,923.14526,860.55176,0.68,1567236377152
tap1,17,576,1074,655.3932,1108.4227,0.91999996,1567236377816
tap1,75,864,1074,989.08417,1108.4227,0.71999997,1567236378581
tap1,7,576,786,624.4218,813.57623,0.95,1567236379347
tap1,38,288,66,367.65958,116.939095,0.9,1567236380174
tap1,45,0,354,85.92044,402.7902,0.78999996,1567236381022
tap1,44,0,66,86.91952,85.95523,0.85999995,1567236381818
tap1,39,288,354,395.63367,400.79126,0.93,1567236382543
tap1,14,288,1506,379.64847,1565.1848,0.71999997,1567236383473
tap1,47,0,1794,65.93895,1854.0343,0.61,1567236384218
tap1,46,0,1506,113.89455,1546.1947,0.65,1567236384932
tap1,10,288,1794,372.65494,1876.0228,0.63,1567236385739
tap1,22,864,210,902.1647,250.86934,0.87,1567236386658
tap1,86,576,498,663.38574,534.7215,0.90999997,1567236387363
tap1,55,576,210,654.3941,232.87871,0.97999996,1567236388077
tap1,88,864,498,963.1082,562.7069,0.94,1567236388731
tap1,70,864,1362,940.1295,1463.2379,0.85999995,1567236389609
tap1,8,576,1650,650.39777,1665.1327,0.71,1567236390334
tap1,13,576,1362,681.3691,1411.2649,0.83,1567236390936
tap1,71,864,1650,960.111,1719.1046,0.84999996,1567236391631
tap1,78,576,1218,654.3941,1278.3342,0.85999995,1567236392346
tap1,83,864,1506,952.1184,1563.1858,0.9,1567236393070
tap1,21,864,1218,974.0981,1280.3331,0.88,1567236393683
tap1,85,576,1506,669.3802,1562.1863,0.84999996,1567236394377
tap1,19,576,66,670.3793,132.93076,1.0699999,1567236395868
tap1,77,864,354,963.1082,460.76,1.03,1567236396562
tap1,76,576,354,652.39594,370.80685,1.03,1567236397236
tap1,23,864,66,930.1388,125.9344,1.01,1567236398073
tap1,15,576,1362,641.4061,1429.2556,0.96,1567236398951
tap1,69,864,1074,931.1378,1116.4185,1.0699999,1567236399748
tap1,11,576,1074,651.39685,1116.4185,1.02,1567236400391
tap1,68,864,1362,971.1008,1427.2566,1.02,1567236401004
tap1,21,0,1218,89.91675,1309.318,0.91999996,1567236401882
tap1,75,288,1506,410.6198,1574.18,0.96,1567236402556
tap1,17,288,1218,388.64014,1236.3561,0.97999996,1567236403240
tap1,78,0,1506,96.91027,1583.1754,0.88,1567236403975
tap1,54,576,642,655.3932,648.6621,0.98999995,1567236404782
tap1,22,864,930,989.08417,1012.47266,1.05,1567236405425
tap1,18,864,642,931.1378,703.6335,1.0,1567236406057
tap1,55,576,930,642.4052,987.48566,0.96,1567236406742
tap1,4,576,1794,620.42554,1835.0442,0.85999995,1567236407630
tap1,73,864,1506,930.1388,1540.1978,0.96999997,1567236408345
tap1,72,576,1506,691.35986,1560.1874,0.85999995,1567236408967
tap1,3,864,1794,949.1212,1825.0494,0.91999996,1567236409610
tap1,90,720,1362,743.31177,1435.2524,0.97999996,1567236410213
tap1,77,432,1650,529.5097,1705.1119,0.95,1567236410826
tap1,23,720,1650,839.22296,1703.1129,0.94,1567236411407
tap1,92,432,1362,540.4995,1412.2644,1.03,1567236412092
tap1,67,432,1074,507.53006,1129.4117,1.09,1567236412776
tap1,82,144,1362,236.78076,1427.2566,0.88,1567236413429
tap1,84,432,1362,523.51526,1411.2649,0.97999996,1567236413970
tap1,44,144,1074,224.79185,1112.4205,0.89,1567236414685
tap1,38,432,1506,572.4699,1522.2072,0.98999995,1567236415349
tap1,45,144,1794,262.7567,1834.0447,0.90999997,1567236416022
tap1,44,432,1794,539.5005,1823.0504,0.98999995,1567236416645
tap1,39,144,1506,221.79463,1596.1686,0.98999995,1567236417319
tap1,42,432,1506,519.519,1589.1722,0.96,1567236417891
tap1,87,720,1794,829.2322,1829.0474,0.93,1567236418585
tap1,89,432,1794,518.5199,1829.0474,0.9,1567236419197
tap1,43,720,1506,846.2165,1564.1853,0.98999995,1567236419881
tap1,42,0,1362,81.92415,1460.2394,0.78,1567236420698
tap1,91,288,1650,381.64664,1728.0999,0.89,1567236421291
tap1,89,288,1362,386.642,1434.2529,0.94,1567236421913
tap1,66,0,1650,68.93617,1730.0989,0.82,1567236422608
tap1,56,432,642,512.52545,650.6611,1.01,1567236423424
tap1,81,144,930,230.78632,1010.4737,0.84,1567236424200
tap1,20,432,930,548.4921,942.5091,1.01,1567236424844
tap1,79,144,642,209.80574,698.6361,0.78,1567236425620
tap2,6,138,480,577.46533,704.633,0.91999996,1567236435481
tap2,6,138,480,160.85106,504.7371,0.78999996,1567236443635
tap2,7,759,1101,788.27014,1129.4117,1.11,1567236444721
tap2,8,138,1101,152.85846,1122.4154,0.78999996,1567236445548
tap2,9,759,480,778.27936,435.773,0.95,1567236446579
tap2,164,0,687,54.94912,674.6486,0.17999999,1567236447620
tap2,183,621,1308,675.37463,1311.317,1.02,1567236448427
tap2,182,0,1308,30.971323,1325.3097,0.62,1567236449377
tap2,163,621,687,634.4126,689.6408,1.1,1567236450204
tap2,242,345,66,380.64755,75.960434,1.04,1567236452715
tap2,243,552,1032,609.4357,1075.4398,0.96999997,1567236453624
tap2,244,345,1032,406.6235,1023.4669,0.72999996,1567236454431
tap2,245,552,66,579.46344,77.9594,1.0799999,1567236456115
tap2,42,69,411,96.91027,420.78082,0.91999996,1567236457014
tap2,43,690,1032,753.3025,1064.4456,0.95,1567236457882
tap2,45,690,411,746.30896,405.78864,1.04,1567236458678
tap2,44,69,1032,83.922295,1068.4435,0.85999995,1567236459577
tap2,322,345,756,378.6494,759.6044,0.88,1567236460475
tap2,321,483,1653,537.5023,1711.1088,0.79999995,1567236461507
tap2,316,345,1653,373.65402,1635.1483,0.83,1567236462293
tap2,323,483,756,530.5088,780.59344,0.83,1567236463232
tap2,2,138,549,166.84552,556.71,0.75,1567236464202
tap2,3,759,1170,782.2757,1224.3623,0.83,1567236465162
tap2,4,138,1170,160.85106,1146.4028,0.78999996,1567236466101
tap2,5,759,549,793.2655,525.7262,1.01,1567236467224
tap2,11,759,1032,808.25165,1062.4467,0.94,1567236468164
tap2,10,138,411,165.84644,439.77094,0.71999997,1567236469226
tap2,12,138,1032,185.82794,1031.4628,0.78999996,1567236470114
tap2,13,759,411,817.2433,417.7824,0.96,1567236471064
tap2,15,759,963,813.247,1007.4752,0.96999997,1567236471993
tap2,14,138,342,177.83534,303.84174,0.81,1567236473024
tap2,17,759,342,801.2581,362.81104,1.03,1567236473821
tap2,16,138,963,145.86494,974.49243,0.77,1567236474780
tap2,122,207,66,216.79926,83.95627,0.79999995,1567236475975
tap2,123,828,687,855.2081,727.62103,0.84999996,1567236476965
tap2,124,207,687,234.78261,678.64655,0.87,1567236477874
tap2,125,828,66,826.235,77.9594,0.98999995,1567236478844
tap2,135,621,1170,666.383,1191.3795,0.87,1567236479814
tap2,134,0,549,25.975948,566.70483,0.5,1567236480896
tap2,136,0,1170,74.93062,1152.3998,0.79999995,1567236481815
tap2,137,621,549,640.40704,576.69965,1.02,1567236483122
tap2,130,69,66,91.914894,73.96148,0.84,1567236485000
tap2,131,690,687,759.29694,708.6309,0.96,1567236485899
tap2,133,690,66,705.3469,84.95575,0.96,1567236487512
tap2,132,69,687,128.88066,729.62,0.87,1567236488492
tap2,127,759,687,802.2572,693.63873,0.98999995,1567236489381
tap2,126,138,66,191.82239,71.96252,0.88,1567236490463
tap2,128,138,687,154.85661,695.6377,0.79999995,1567236491443
tap2,129,759,66,776.28125,71.96252,1.04,1567236493261
tap2,18,138,273,168.84366,323.83133,0.96999997,1567236494302
tap2,19,759,894,779.27844,886.53827,0.89,1567236495211
tap2,20,138,894,186.82701,900.53094,0.83,1567236496140
tap2,21,759,273,812.2479,277.8553,1.01,1567236497264
tap2,35,828,1170,854.20905,1187.3816,0.94,1567236498203
tap2,34,207,549,257.76132,547.7147,0.78,1567236499204
tap2,36,207,1170,268.75116,1190.38,0.84999996,1567236500133
tap2,37,828,549,890.1758,554.71106,0.85999995,1567236501134
tap2,26,138,135,200.81406,102.94638,0.89,1567236502206
tap2,27,759,756,805.2544,798.58405,0.87,1567236503105
tap2,28,138,756,152.85846,761.60333,0.78999996,1567236504013
tap2,29,759,135,794.2646,163.91463,0.97999996,1567236505065
tap2,43,690,1032,741.3136,1045.4554,0.83,1567236506076
tap2,42,69,411,88.91767,393.7949,0.81,1567236507066
tap2,45,690,411,722.3312,397.79282,0.91999996,1567236507975
tap2,44,69,1032,89.91675,1042.457,0.66999996,1567236508975
tap2,24,138,825,156.85477,836.5643,0.82,1567236509854
tap2,25,759,204,797.2618,177.90733,0.95,1567236510844
tap2,22,138,204,160.85106,218.88599,0.84,1567236511794
tap2,23,759,825,804.2553,822.57153,0.9,1567236512693
tap2,38,69,480,99.90749,494.7423,0.87,1567236513652
tap2,39,690,1101,732.3219,1097.4283,0.83,1567236514571
tap2,40,69,1101,86.91952,1128.4122,0.76,1567236515449
tap2,41,690,480,739.3154,465.75742,0.96999997,1567236516328
tap2,33,690,549,749.3062,557.70953,0.91999996,1567236517104
tap2,32,69,1170,76.92877,1207.3711,0.65999997,1567236518043
tap2,30,69,549,93.91304,541.71783,0.74,1567236519023
tap2,31,690,1170,702.3497,1202.3738,0.76,1567236519973
tap2,46,69,342,109.89824,326.82977,0.7,1567236520974
tap2,47,690,963,712.34045,999.47943,0.9,1567236521842
tap2,48,69,963,97.90935,970.4945,0.81,1567236522771
tap2,49,690,342,726.32745,342.82144,0.94,1567236523752
tap2,108,276,963,315.70767,993.48254,0.74,1567236524722
tap2,231,897,1584,959.11194,1626.153,0.76,1567236525794
tap2,230,276,1584,315.70767,1623.1545,0.83,1567236526754
tap2,107,897,963,921.1471,967.4961,0.87,1567236527805
tap2,143,621,1032,663.38574,1064.4456,0.95,1567236528653
tap2,232,0,1653,61.942646,1696.1166,0.75,1567236529715
tap2,233,621,1653,669.3802,1694.1176,0.79999995,1567236530634
tap2,144,0,1032,76.92877,1087.4336,0.71,1567236531645
tap2,44,69,1032,91.914894,1036.4602,0.78,1567236532544
tap2,235,690,1653,720.333,1692.1187,0.79999995,1567236533524
tap2,43,690,1032,733.321,1067.444,0.84999996,1567236534454
tap2,234,69,1653,90.91582,1677.1265,0.78,1567236535393
tap2,12,138,1032,151.85939,1053.4513,0.79999995,1567236536424
tap2,237,759,1653,760.296,1670.1301,0.85999995,1567236537363
tap2,11,759,1032,784.2738,1069.443,0.82,1567236538191
tap2,236,138,1653,152.85846,1664.1332,0.84999996,1567236539140
tap2,238,207,1653,249.76874,1668.1311,0.79999995,1567236540039
tap2,67,828,1032,860.2035,1049.4534,0.96,1567236541039
tap2,68,207,1032,228.78816,1067.444,0.82,1567236541969
tap2,239,828,1653,840.22205,1656.1373,0.91999996,1567236542888
tap2,104,276,1032,317.70584,1047.4545,0.78,1567236543858
tap2,241,897,1653,943.1267,1673.1285,0.88,1567236544818
tap2,240,276,1653,292.72894,1692.1187,0.84,1567236545778
tap2,103,897,1032,956.1147,1030.4633,0.89,1567236546687
tap2,50,69,273,98.90842,304.84122,0.69,1567236547830
tap2,51,690,894,714.33856,939.5106,0.89,1567236548780
tap2,52,69,894,84.92137,905.5283,0.78999996,1567236549781
tap2,53,690,273,762.2942,255.86673,0.79999995,1567236550762
tap2,55,690,825,719.334,849.5575,1.01,1567236551640
tap2,54,69,204,132.87697,224.88287,0.91999996,1567236552671
tap2,56,69,825,114.893616,867.54816,0.82,1567236553651
tap2,57,690,204,693.35803,215.88756,0.93,1567236554754
tap2,59,690,756,720.333,791.5877,0.95,1567236555572
tap2,58,69,135,120.88807,120.93701,0.88,1567236556725
tap2,61,690,135,708.3441,121.936485,0.9,1567236557593
tap2,60,69,756,64.93987,808.57886,0.82,1567236558614
tap2,62,207,480,232.78445,480.7496,0.94,1567236559483
tap2,63,828,1101,868.1961,1124.4143,0.89,1567236560432
tap2,64,207,1101,228.78816,1119.417,0.84,1567236561311
tap2,65,828,480,882.18317,509.7345,0.97999996,1567236562311
tap2,290,345,480,373.65402,477.75116,0.95,1567236563240
tap2,291,552,1446,612.4329,1492.2228,0.83,1567236564282
tap2,293,552,480,546.494,521.7283,0.82,1567236565313
tap2,292,345,1446,379.64847,1480.229,0.78,1567236566243
tap2,141,621,480,657.3913,511.73346,0.95,1567236567223
tap2,295,414,1446,472.56244,1511.2129,0.85999995,1567236568193
tap2,294,414,480,482.5532,494.7423,0.93,1567236569132
tap2,203,621,1446,665.3839,1463.2379,0.91999996,1567236570041
tap2,297,483,1446,522.5162,1460.2394,0.81,1567236570960
tap2,41,690,480,720.333,496.74127,1.0,1567236571890
tap2,296,483,480,526.5125,520.72876,0.89,1567236572778
tap2,205,690,1446,749.3062,1509.2139,0.88,1567236573779
tap2,319,414,1653,458.5754,1672.129,0.85999995,1567236574667
tap2,325,552,756,583.4598,768.5997,0.95,1567236575617
tap2,324,414,756,442.5902,808.57886,0.93,1567236576516
tap2,315,552,1653,617.4283,1685.1223,0.84,1567236577506
tap2,298,345,549,409.62073,530.7236,0.84999996,1567236578568
tap2,299,552,1515,576.46625,1543.1962,0.90999997,1567236579487
tap2,301,552,549,589.4542,562.7069,1.02,1567236580376
tap2,300,345,1515,395.63367,1578.178,0.84,1567236581387
tap2,326,345,825,338.6864,844.5601,0.96,1567236582286
tap2,256,483,135,539.5005,111.941696,0.95,1567236583286
tap2,250,345,135,392.63644,143.92503,0.84,1567236584246
tap2,327,483,825,536.50323,866.54865,1.01,1567236585145
tap2,67,828,1032,854.20905,1054.4508,0.95,1567236586115
tap2,66,207,411,255.76318,440.77042,0.89,1567236587095
tap2,68,207,1032,243.77429,1029.4637,0.84999996,1567236587994
tap2,69,828,411,855.2081,420.78082,0.9,1567236589015
tap2,72,207,963,243.77429,1011.47314,0.79999995,1567236589924
tap2,73,828,342,893.173,334.8256,0.93,1567236590813
tap2,70,207,342,214.80112,356.81415,0.78999996,1567236591854
tap2,71,828,963,824.2368,986.4862,0.90999997,1567236592743
tap2,76,207,894,227.7891,911.5252,0.82,1567236593631
tap2,77,828,273,865.1989,279.85425,0.91999996,1567236594601
tap2,74,207,273,209.80574,292.84747,0.93,1567236595531
tap2,75,828,894,877.1878,932.5143,0.84,1567236596521
tap2,80,207,825,215.80019,850.557,0.87,1567236597389
tap2,81,828,204,855.2081,230.87975,1.01,1567236598380
tap2,78,207,204,209.80574,198.89641,0.94,1567236599279
tap2,79,828,825,862.20166,827.569,0.85999995,1567236600167
tap2,84,207,756,199.81499,764.60175,0.94,1567236601035
tap2,85,828,135,878.1869,120.93701,1.02,1567236602097
tap2,82,207,135,250.7678,118.93805,0.98999995,1567236603047
tap2,83,828,756,861.2026,778.5945,0.93,1567236603915
tap2,89,621,618,649.3987,668.65173,0.96999997,1567236604722
tap2,88,0,1239,50.95282,1278.3342,0.69,1567236605763
tap2,87,621,1239,665.3839,1235.3566,0.9,1567236606571
tap2,86,0,618,71.933395,654.659,0.79999995,1567236607571
tap2,305,483,1515,512.52545,1515.2108,0.78,1567236608603
tap2,33,690,549,721.3321,566.70483,0.95,1567236609553
tap2,304,483,549,510.52728,578.6986,0.93,1567236610502
tap2,215,690,1515,722.3312,1534.2009,0.83,1567236611462
tap2,309,552,618,589.4542,597.68866,0.96999997,1567236612351
tap2,308,345,1584,381.64664,1561.1869,0.84,1567236613291
tap2,307,552,1584,585.4579,1633.1494,0.88,1567236614138
tap2,306,345,618,367.65958,651.6606,0.94,1567236615159
tap2,258,345,204,389.63922,213.8886,0.95,1567236616079
tap2,331,483,894,530.5088,942.5091,0.9,1567236617008
tap2,330,345,894,381.64664,915.52313,0.96,1567236617856
tap2,264,483,204,513.52454,222.88391,0.95,1567236618765
tap2,223,621,1584,663.38574,1611.1608,0.77,1567236619735
tap2,310,414,618,446.5865,636.6684,0.89,1567236620634
tap2,89,621,618,665.3839,623.6752,0.97999996,1567236621451
tap2,311,414,1584,448.58466,1619.1566,0.81,1567236622482
tap2,261,552,204,567.47455,222.88391,0.97999996,1567236623442
tap2,322,345,756,364.66235,807.57935,0.88,1567236624310
tap2,262,414,204,481.5541,194.89848,0.97999996,1567236625199
tap2,333,552,894,593.4505,974.49243,0.87,1567236626088
tap2,312,483,618,478.5569,633.6699,0.90999997,1567236626874
tap2,225,690,1584,752.3034,1629.1515,0.84999996,1567236627875
tap2,93,690,618,741.3136,640.6663,1.0,1567236628805
tap2,313,483,1584,512.52545,1626.153,0.87,1567236629754
tap2,91,690,1239,753.3025,1230.3591,0.9,1567236630490
tap2,90,69,618,125.88344,624.6746,0.88,1567236631572
tap2,93,690,618,726.32745,631.67096,0.96999997,1567236632359
tap2,92,69,1239,88.91767,1283.3315,0.81,1567236633401
tap2,108,276,963,295.7262,990.4841,0.87,1567236634310
tap2,109,897,342,951.1193,350.81726,1.01,1567236635392
tap2,106,276,342,309.71323,375.80426,0.93,1567236636363
tap2,107,897,963,942.1277,1012.47266,0.9,1567236637190
tap2,100,276,1101,306.716,1114.4196,0.96999997,1567236638027
tap2,101,897,480,932.1369,473.75323,1.05,1567236638916
tap2,99,897,1101,908.1591,1119.417,0.9,1567236639835
tap2,98,276,480,295.7262,495.7418,0.85999995,1567236640714
tap2,105,897,411,918.14984,430.77563,0.96999997,1567236641490
tap2,104,276,1032,315.70767,1079.4377,0.97999996,1567236642378
tap2,102,276,411,323.7003,429.77615,0.90999997,1567236643267
tap2,103,897,1032,935.13416,1046.455,0.97999996,1567236644094
tap2,97,897,549,927.14154,611.6814,0.89,1567236644983
tap2,96,276,1170,311.71136,1167.392,1.02,1567236645831
tap2,94,276,549,320.70306,520.72876,1.01,1567236646689
tap2,95,897,1170,931.1378,1137.4076,0.97999996,1567236647608
tap2,111,897,894,930.1388,796.5851,1.05,1567236648313
tap2,110,276,273,292.72894,292.84747,1.13,1567236649242
tap2,112,276,894,361.66513,943.50854,0.90999997,1567236650141
tap2,113,897,273,939.13043,301.84277,0.96,1567236651060
tap2,116,276,825,288.73267,888.5372,0.95,1567236651969
tap2,117,897,204,910.1573,251.8688,1.04,1567236653032
tap2,114,276,204,319.70398,234.87766,1.0,1567236654033
tap2,115,897,825,965.1064,892.5351,1.03,1567236654972
tap2,119,897,756,940.1295,782.5924,0.96999997,1567236655738
tap2,118,276,135,325.69843,160.91618,0.96999997,1567236656729
tap2,121,897,135,918.14984,172.90994,0.96,1567236657699
tap2,120,276,756,283.73727,802.582,0.90999997,1567236658629
tap2,152,0,894,37.964848,950.50494,0.69,1567236659599
tap2,213,621,1515,668.3811,1554.1904,0.9,1567236660478
tap2,212,0,1515,26.975023,1556.1895,0.57,1567236661468
tap2,151,621,894,663.38574,901.53046,0.97999996,1567236662306
tap2,56,69,825,79.925995,842.56116,0.81,1567236663225
tap2,205,690,1446,721.3321,1489.2244,0.85999995,1567236664216
tap2,204,69,1446,91.914894,1517.2097,0.61,1567236665176
tap2,55,690,825,753.3025,836.5643,0.85999995,1567236665993
tap2,24,138,825,147.8631,841.56165,0.87,1567236666872
tap2,207,759,1446,784.2738,1478.2301,0.87,1567236667821
tap2,206,138,1446,137.87234,1460.2394,0.84,1567236668669
tap2,23,759,825,821.2396,817.57416,0.97999996,1567236669497
tap2,80,207,825,203.81128,851.55646,0.97999996,1567236670365
tap2,209,828,1446,879.1859,1493.2223,0.96999997,1567236671366
tap2,208,207,1446,194.81961,1483.2274,0.94,1567236672213
tap2,79,828,825,875.18964,841.56165,1.01,1567236673184
tap2,115,897,825,965.1064,854.5549,1.0,1567236673970
tap2,210,276,1446,326.6975,1483.2274,0.9,1567236674879
tap2,116,276,825,305.71692,859.5523,0.96,1567236675809
tap2,211,897,1446,915.15265,1515.2108,0.75,1567236676881
tap2,203,621,1446,660.38855,1478.2301,0.94,1567236677688
tap2,156,0,825,45.957447,851.55646,0.77,1567236678709
tap2,202,0,1446,36.965775,1505.216,0.68,1567236679629
tap2,155,621,825,641.4061,870.5466,0.89,1567236680589
tap2,52,69,894,89.91675,950.50494,0.9,1567236681478
tap2,215,690,1515,721.3321,1553.191,0.90999997,1567236682356
tap2,51,690,894,717.3358,906.52783,0.91999996,1567236683378
tap2,214,69,1515,124.88437,1512.2124,0.91999996,1567236684236
tap2,216,138,1515,167.84459,1552.1915,0.85999995,1567236685063
tap2,19,759,894,795.2637,900.53094,0.97999996,1567236685921
tap2,217,759,1515,786.272,1546.1947,1.0,1567236686769
tap2,20,138,894,114.893616,899.5315,0.97999996,1567236687617
tap2,141,621,480,654.3941,502.73816,1.04,1567236688434
tap2,140,0,1101,46.95652,1164.3936,0.72999996,1567236689404
tap2,138,0,480,68.93617,500.7392,0.85999995,1567236690303
tap2,139,621,1101,668.3811,1142.405,0.97999996,1567236691172
tap2,142,0,411,64.93987,458.76105,0.83,1567236692111
tap2,143,621,1032,672.37744,1073.4409,0.96,1567236692938
tap2,144,0,1032,66.93802,1062.4467,0.79999995,1567236693837
tap2,145,621,411,664.3848,431.77512,0.83,1567236694757
tap2,148,0,963,23.977798,1014.4716,0.58,1567236695655
tap2,149,621,342,634.4126,338.82352,0.96,1567236696564
tap2,147,621,963,678.3719,982.4883,0.96,1567236697392
tap2,146,0,342,48.954674,360.81207,0.81,1567236700177
tap2,153,621,273,660.38855,255.86673,1.06,1567236701069
tap2,152,0,894,68.93617,939.5106,0.87,1567236702019
tap2,150,0,273,62.94172,288.84955,0.94,1567236703029
tap2,151,621,894,696.3552,935.51276,0.93,1567236703898
tap2,266,345,273,379.64847,283.85214,0.91999996,1567236705021
tap2,267,552,1239,589.4542,1263.3419,0.89,1567236705971
tap2,269,552,273,596.44775,302.84225,0.9,1567236706839
tap2,268,345,1239,389.63922,1242.3529,0.93,1567236707656
tap2,271,414,1239,479.55597,1285.3306,0.96,1567236708504
tap2,153,621,273,682.36816,280.85373,0.83,1567236709485
tap2,270,414,273,445.58743,301.84277,0.85999995,1567236710414
tap2,87,621,1239,703.34875,1299.3232,0.79999995,1567236711436
tap2,91,690,1239,723.33026,1228.3602,0.91999996,1567236712202
tap2,272,483,273,519.519,284.85162,0.91999996,1567236713162
tap2,273,483,1239,525.5134,1277.3347,0.97999996,1567236714040
tap2,53,690,273,703.34875,320.8329,1.02,1567236714980
tap2,277,552,342,565.47644,353.8157,0.90999997,1567236715859
tap2,276,345,1308,393.63553,1336.304,0.9,1567236716911
tap2,274,345,342,384.64386,347.81885,0.85999995,1567236717850
tap2,275,552,1308,614.4311,1322.3113,0.84999996,1567236718790
tap2,183,621,1308,662.38666,1301.3221,0.90999997,1567236719566
tap2,278,414,342,474.5606,370.80685,0.87,1567236720710
tap2,149,621,342,660.38855,346.81937,0.9,1567236721476
tap2,279,414,1308,440.59204,1322.3113,0.79999995,1567236722477
tap2,281,483,1308,516.5217,1284.331,0.93,1567236723294
tap2,49,690,342,734.32007,343.82092,0.9,1567236724275
tap2,280,483,342,477.55783,372.80582,0.96,1567236725143
tap2,185,690,1308,716.33673,1378.2821,0.78999996,1567236726175
tap2,156,0,825,50.95282,863.55023,0.74,1567236727166
tap2,157,621,204,655.3932,224.88287,0.94,1567236728177
tap2,155,621,825,649.3987,863.55023,0.84,1567236729056
tap2,154,0,204,30.971323,241.87402,0.7,1567236730342
tap2,158,0,135,31.970398,145.924,0.75,1567236731262
tap2,159,621,756,635.4117,818.57367,0.82,1567236732283
tap2,160,0,756,49.953747,779.59393,0.78,1567236733141
tap2,161,621,135,644.4033,141.92607,0.94,1567236734112
tap2,162,0,66,37.964848,100.94742,0.77,1567236735194
tap2,163,621,687,672.37744,733.61786,0.96,1567236736073
tap2,164,0,687,35.966698,687.64185,0.71999997,1567236737850
tap2,165,621,66,630.41626,71.96252,1.0,1567236739760
tap2,169,897,66,917.1508,114.94013,0.93,1567236740618
tap2,168,276,687,340.68454,725.6221,0.89,1567236741528
tap2,166,276,66,303.71878,87.954185,0.89,1567236743325
tap2,167,897,687,928.1406,736.61633,0.94,1567236744173
tap2,170,138,618,183.82979,622.67566,0.98999995,1567236745062
tap2,171,759,1239,787.27106,1260.3435,0.83,1567236745951
tap2,173,759,618,835.2266,642.6653,0.93,1567236746819
tap2,172,138,1239,144.86586,1253.3472,0.9,1567236747758
tap2,177,828,618,880.185,640.6663,0.96,1567236748688
tap2,176,207,1239,235.78168,1253.3472,0.83,1567236749556
tap2,174,207,618,244.77336,631.67096,0.9,1567236750425
tap2,175,828,1239,846.2165,1264.3414,0.85999995,1567236751395
tap2,133,690,66,673.3765,76.959915,0.97999996,1567236752651
tap2,249,483,1032,528.5106,1055.4503,0.89,1567236753530
tap2,43,690,1032,721.3321,1073.4409,0.91999996,1567236754449
tap2,248,483,66,502.5347,102.94638,0.96,1567236756165
tap2,251,552,1101,610.4348,1128.4122,0.97999996,1567236757023
tap2,250,345,135,422.6087,141.92607,1.04,1567236757973
tap2,252,345,1101,402.6272,1141.4055,0.9,1567236758995
tap2,253,552,135,577.46533,152.92035,1.05,1567236760037
tap2,254,414,135,416.61426,161.91566,0.94,1567236761119
tap2,139,621,1101,651.39685,1137.4076,0.83,1567236762131
tap2,161,621,135,625.4209,147.92296,0.96999997,1567236763234
tap2,255,414,1101,466.568,1142.405,0.9,1567236764204
tap2,178,276,618,327.6966,622.67566,0.89,1567236765123
tap2,179,897,1239,931.1378,1266.3405,0.77,1567236766104
tap2,181,897,618,933.136,604.68506,0.93,1567236766993
tap2,180,276,1239,303.71878,1261.343,0.82,1567236767953
tap2,132,69,687,116.89177,729.62,0.87,1567236768893
tap2,185,690,1308,720.333,1341.3014,0.84999996,1567236769853
tap2,184,69,1308,88.91767,1363.2899,0.81,1567236770773
tap2,131,690,687,733.321,716.6267,0.89,1567236771662
tap2,127,759,687,817.2433,699.63556,0.9,1567236772432
tap2,187,759,1308,775.28217,1345.2993,0.88,1567236773439
tap2,186,138,1308,173.83904,1323.3108,0.84,1567236774318
tap2,126,138,66,177.83534,74.96095,0.96999997,1567236775687
tap2,123,828,687,864.1998,755.60645,0.89,1567236776535
tap2,188,207,1308,229.78723,1331.3065,0.85999995,1567236777424
tap2,124,207,687,251.76688,712.62885,0.94,1567236778312
tap2,189,828,1308,847.2156,1288.329,0.84999996,1567236779191
tap2,317,552,687,573.469,705.63245,0.97999996,1567236780100
tap2,316,345,1653,382.6457,1636.1478,0.79999995,1567236780999
tap2,314,345,687,371.65588,729.62,0.96,1567236781898
tap2,315,552,1653,576.46625,1668.1311,0.88,1567236782695
tap2,266,345,273,365.66144,305.8407,1.03,1567236783737
tap2,335,483,963,525.5134,1012.47266,0.91999996,1567236784544
tap2,272,483,273,521.5171,311.8376,1.04,1567236785463
tap2,334,345,963,400.62906,1033.4617,0.89,1567236786291
tap2,318,414,687,436.59573,710.6299,1.03,1567236787108
tap2,233,621,1653,686.3645,1686.1218,0.79999995,1567236787935
tap2,163,621,687,672.37744,675.6481,0.94,1567236788835
tap2,319,414,1653,484.55133,1683.1233,0.82,1567236789652
tap2,269,552,273,543.49677,302.84225,1.0,1567236790622
tap2,336,414,963,475.55966,972.49347,0.94,1567236791429
tap2,337,552,963,630.41626,990.4841,0.9,1567236792185
tap2,270,414,273,462.5717,276.8558,0.87,1567236793084
tap2,168,276,687,298.72342,712.62885,0.88,1567236793902
tap2,191,897,1308,922.1462,1341.3014,0.77,1567236794790
tap2,167,897,687,942.1277,712.62885,0.93,1567236795618
tap2,190,276,1308,318.7049,1348.2977,0.84999996,1567236796548
tap2,192,0,1377,51.951897,1388.2769,0.7,1567236797579
tap2,160,0,756,62.94172,777.595,0.81,1567236799326
tap2,193,621,1377,643.40424,1439.2504,0.84,1567236800276
tap2,159,621,756,642.4052,802.582,0.89,1567236801063
tap2,194,69,1377,86.91952,1388.2769,0.89,1567236801911
tap2,59,690,756,758.29785,762.6028,0.95,1567236802759
tap2,60,69,756,88.91767,811.5773,0.96999997,1567236803637
tap2,195,690,1377,719.334,1395.2733,0.9,1567236804526
tap2,28,138,756,222.79372,816.5747,0.91999996,1567236805578
tap2,197,759,1377,786.272,1402.2697,0.85999995,1567236806487
tap2,27,759,756,807.25256,767.6002,0.96999997,1567236807273
tap2,196,138,1377,170.84181,1400.2706,0.85999995,1567236808132
tap2,84,207,756,224.79185,773.59705,0.95,1567236809020
tap2,199,828,1377,836.2257,1417.2618,0.84999996,1567236809878
tap2,83,828,756,845.2174,802.582,0.93,1567236810675
tap2,198,207,1377,245.77243,1391.2754,0.90999997,1567236811533
tap2,200,276,1377,318.7049,1386.278,0.84,1567236812258
tap2,119,897,756,930.1388,769.5991,0.9,1567236813116
tap2,120,276,756,291.7299,787.5898,0.9,1567236814025
tap2,201,897,1377,935.13416,1390.2759,0.87,1567236814883
tap2,242,345,66,384.64386,85.95523,1.0,1567236817386
tap2,347,966,687,1016.0592,722.6236,0.89,1567236818224
tap2,338,966,66,979.09344,90.95263,1.0699999,1567236819439
tap2,314,345,687,377.65033,738.6153,0.94,1567236820297
tap2,322,345,756,399.62997,774.59656,0.94,1567236821074
tap2,339,966,135,1003.0712,155.9188,1.03,1567236822146
tap2,348,966,756,1023.05273,803.5814,0.84,1567236822963
tap2,250,345,135,384.64386,141.92607,1.01,1567236823975
tap2,258,345,204,428.60315,178.90681,1.03,1567236824894
tap2,349,966,825,1007.0675,846.5591,0.85999995,1567236825783
tap2,340,966,204,994.0796,209.89067,1.03,1567236827111
tap2,326,345,825,377.65033,868.5476,0.96999997,1567236827990
tap2,330,345,894,372.65494,935.51276,0.78999996,1567236828858
tap2,341,966,273,990.08325,297.84488,0.96999997,1567236829828
tap2,266,345,273,361.66513,278.85477,0.96,1567236830758
tap2,350,966,894,996.0777,914.5237,0.85999995,1567236831698
tap2,76,207,894,249.76874,914.5237,0.90999997,1567236832566
tap2,219,828,1515,888.1776,1522.2072,0.81,1567236833404
tap2,218,207,1515,270.7493,1551.192,0.79999995,1567236834293
tap2,75,828,894,848.2146,905.5283,0.88,1567236835141
tap2,220,276,1515,299.72247,1573.1805,0.78,1567236835999
tap2,111,897,894,942.1277,924.51843,0.87,1567236836857
tap2,112,276,894,269.75024,905.5283,0.87,1567236837664
tap2,221,897,1515,922.1462,1463.2379,0.74,1567236838522
tap2,225,690,1584,759.29694,1606.1635,0.7,1567236839278
tap2,48,69,963,114.893616,1010.4737,0.74,1567236840197
tap2,47,690,963,740.3145,976.4914,0.97999996,1567236840984
tap2,224,69,1584,104.90287,1643.1442,0.78,1567236841893
tap2,165,621,66,672.37744,90.95263,0.95,1567236843548
tap2,247,414,1032,481.5541,1089.4326,0.82,1567236844447
tap2,143,621,1032,675.37463,1011.47314,0.89,1567236845163
tap2,246,414,66,453.58002,113.94065,0.96999997,1567236847481
tap2,15,759,963,787.27106,1025.4658,0.96999997,1567236848288
tap2,226,138,1584,138.87141,1672.129,0.74,1567236849228
tap2,227,759,1584,803.2562,1610.1614,0.78999996,1567236850168
tap2,16,138,963,150.86032,986.4862,0.84,1567236851036
tap2,72,207,963,243.77429,1025.4658,0.7,1567236851935
tap2,229,828,1584,865.1989,1643.1442,0.72999996,1567236852926
tap2,71,828,963,857.2063,961.4992,0.84,1567236853764
tap2,228,207,1584,225.79094,1610.1614,0.69,1567236854643
tap2,242,345,66,369.6577,120.93701,0.66999996,1567236856164
tap2,243,552,1032,587.45605,1076.4393,0.79999995,1567236857094
tap2,244,345,1032,369.6577,1067.444,0.7,1567236857911
tap2,245,552,66,601.4431,90.95263,0.84999996,1567236859127
tap2,148,0,963,51.951897,957.5013,0.78999996,1567236860904
tap2,223,621,1584,683.36725,1622.155,0.66999996,1567236861844
tap2,147,621,963,651.39685,978.49036,0.83,1567236862682
tap2,222,0,1584,50.95282,1611.1608,0.68,1567236864398
tap2,252,345,1101,368.65866,1166.3925,0.9,1567236865317
tap2,344,966,480,992.0814,500.7392,0.93,1567236866196
tap2,290,345,480,379.64847,518.7298,0.79999995,1567236867136
tap2,353,966,1101,1010.06476,1109.4221,0.78,1567236868034
tap2,345,966,549,992.0814,559.7085,0.91999996,1567236868902
tap2,260,345,1170,372.65494,1204.3727,0.83,1567236869791
tap2,354,966,1170,1033.0435,1132.4102,0.61,1567236870649
tap2,298,345,549,376.65125,630.6715,0.90999997,1567236871620
tap2,346,966,618,1000.07404,630.6715,0.85999995,1567236872416
tap2,268,345,1239,398.6309,1293.3264,0.81,1567236873377
tap2,355,966,1239,1030.0463,1207.3711,0.69,1567236874112
tap2,306,345,618,367.65958,656.65796,0.94,1567236875042
tap2,314,345,687,380.64755,730.61945,0.87,1567236875900
tap2,356,966,1308,1008.0666,1312.3165,0.69,1567236876809
tap2,347,966,687,1015.0601,706.63196,0.78,1567236877738
tap2,276,345,1308,384.64386,1320.3123,0.91999996,1567236878576
tap2,257,483,1101,556.48474,1108.4227,0.83,1567236879301
tap2,61,690,135,702.3497,155.9188,1.0,1567236880200
tap2,39,690,1101,727.32654,1105.4242,0.87,1567236881048
tap2,256,483,135,532.50696,147.92296,0.94,1567236882049
tap2,258,345,204,347.67807,230.87975,0.91999996,1567236882958
tap2,259,552,1170,626.42,1181.3846,0.88,1567236883765
tap2,260,345,1170,376.65125,1235.3566,0.85999995,1567236884542
tap2,261,552,204,569.4727,213.8886,0.96,1567236885614
tap2,157,621,204,679.371,230.87975,0.95,1567236886523
tap2,263,414,1170,453.58002,1219.3649,0.90999997,1567236887381
tap2,262,414,204,433.5985,206.89224,0.96,1567236888291
tap2,135,621,1170,646.4015,1236.3561,0.84999996,1567236889251
tap2,244,345,1032,366.6605,1080.4373,0.82,1567236890068
tap2,361,966,1653,1003.0712,1699.115,0.58,1567236890926
tap2,352,966,1032,1007.0675,1039.4586,0.88,1567236891723
tap2,316,345,1653,396.63275,1685.1223,0.75,1567236892581
tap2,282,345,411,357.66882,433.77408,0.85999995,1567236893511
tap2,283,552,1377,583.4598,1359.292,0.79999995,1567236894369
tap2,284,345,1377,387.64108,1406.2676,0.87,1567236895145
tap2,285,552,411,567.47455,465.75742,0.91999996,1567236896013
tap2,145,621,411,660.38855,415.78345,0.96,1567236896790
tap2,287,414,1377,453.58002,1394.2738,0.78,1567236897699
tap2,193,621,1377,662.38666,1402.2697,0.78999996,1567236898557
tap2,286,414,411,402.6272,430.77563,0.88,1567236899507
tap2,288,483,411,544.49585,448.76627,0.83,1567236900324
tap2,195,690,1377,731.3229,1452.2435,0.74,1567236901284
tap2,289,483,1377,523.51526,1387.2775,0.78999996,1567236902020
tap2,45,690,411,712.34045,466.7569,0.89,1567236902949
tap2,31,690,1170,707.34503,1189.3805,0.83,1567236903961
tap2,264,483,204,521.5171,221.88443,0.95,1567236904860
tap2,57,690,204,722.3312,279.85425,0.91999996,1567236905769
tap2,265,483,1170,529.5097,1193.3784,0.91999996,1567236906576
tap2,300,345,1515,422.6087,1536.1998,0.81,1567236907444
tap2,350,966,894,1013.062,957.5013,0.82,1567236908374
tap2,330,345,894,373.65402,893.5346,0.95,1567236909201
tap2,359,966,1515,984.0888,1510.2134,0.66999996,1567236910039
tap2,351,966,963,1001.07306,988.48517,0.79999995,1567236910744
tap2,308,345,1584,370.6568,1559.1879,0.82,1567236911582
tap2,360,966,1584,1047.0305,1544.1957,0.58,1567236912440
tap2,334,345,963,387.64108,1029.4637,0.96999997,1567236913287
tap2,137,621,549,651.39685,578.6986,1.02,1567236914105
tap2,303,414,1515,476.55875,1561.1869,0.9,1567236914963
tap2,213,621,1515,659.38947,1533.2014,0.89,1567236915760
tap2,302,414,549,444.58835,607.6835,0.98999995,1567236916720
tap2,254,414,135,440.59204,131.93129,1.03,1567236917598
tap2,329,552,825,643.40424,856.55383,0.96,1567236918385
tap2,253,552,135,597.44684,157.91774,0.96,1567236919366
tap2,328,414,825,475.55966,854.5549,0.89,1567236920203
tap2,334,345,963,381.64664,999.47943,0.87,1567236921073
tap2,342,966,342,1002.07214,402.7902,0.88,1567236922083
tap2,274,345,342,369.6577,376.80374,0.84999996,1567236923003
tap2,351,966,963,1037.0398,989.4846,0.68,1567236923779
tap2,282,345,411,366.6605,429.77615,0.90999997,1567236924709
tap2,352,966,1032,1013.062,1068.4435,0.84,1567236925506
tap2,343,966,411,974.0981,482.74857,0.96,1567236926374
tap2,244,345,1032,334.6901,1057.4492,0.89,1567236927232
tap2,322,345,756,382.6457,801.5825,0.95,1567236928090
tap2,357,966,1377,1000.07404,1406.2676,0.59999996,1567236928867
tap2,348,966,756,1026.0499,737.6158,0.71999997,1567236929582
tap2,284,345,1377,364.66235,1405.2681,0.77,1567236930440
tap2,292,345,1446,379.64847,1512.2124,0.69,1567236931339
tap2,349,966,825,1002.07214,866.54865,0.78,1567236932105
tap2,326,345,825,385.6429,892.5351,0.83,1567236932902
tap2,358,966,1446,1013.062,1446.2467,0.52,1567236933740
tap2,131,690,687,692.35895,722.6236,0.9,1567236934557
tap2,321,483,1653,548.4921,1667.1317,0.53999996,1567236935395
tap2,320,483,687,510.52728,729.62,0.90999997,1567236936253
tap2,235,690,1653,736.31824,1693.1182,0.56,1567236937172
tap2,362,0,1722,49.953747,1740.0936,0.48,1567236938225
tap2,139,621,1101,654.3941,1084.4352,0.83,1567236939073
tap2,140,0,1101,40.962074,1185.3826,0.68,1567236939941
tap2,371,621,1722,690.3608,1772.077,0.64,1567236940901
tap2,39,690,1101,709.3432,1137.4076,0.78,1567236941739
tap2,363,69,1722,124.88437,1758.0842,0.71999997,1567236942618
tap2,372,690,1722,740.3145,1767.0796,0.57,1567236943558
tap2,40,69,1101,98.90842,1148.4019,0.74,1567236944467
tap2,136,0,1170,28.973173,1247.3503,0.55,1567236945356
tap2,386,621,1791,664.3848,1838.0426,0.61,1567236946193
tap2,135,621,1170,627.41907,1218.3654,0.87,1567236946980
tap2,377,0,1791,45.957447,1872.0249,0.56,1567236947849
tap2,31,690,1170,737.3173,1210.3696,0.72999996,1567236948778
tap2,378,69,1791,90.91582,1831.0463,0.69,1567236949647
tap2,32,69,1170,76.92877,1231.3586,0.76,1567236950576
tap2,387,690,1791,713.3395,1842.0405,0.59,1567236951455
tap2,8,138,1101,190.82332,1123.4149,0.78999996,1567236952283
tap2,373,759,1722,782.2757,1806.0593,0.62,1567236953570
tap2,7,759,1101,801.2581,1072.4414,0.89,1567236954387
tap2,364,138,1722,156.85477,1772.077,0.76,1567236955225
tap2,374,828,1722,874.19055,1764.0812,0.59,1567236956185
tap2,64,207,1101,230.78632,1114.4196,0.84999996,1567236957033
tap2,365,207,1722,261.75763,1783.0713,0.76,1567236957892
tap2,63,828,1101,867.197,1122.4154,0.90999997,1567236958678
tap2,379,138,1791,160.85106,1813.0557,0.78,1567236959526
tap2,3,759,1170,767.28955,1205.3722,0.93,1567236960354
tap2,4,138,1170,161.85014,1213.368,0.78,1567236961242
tap2,388,759,1791,787.27106,1844.0396,0.69,1567236962070
tap2,380,207,1791,249.76874,1803.0609,0.79999995,1567236962898
tap2,35,828,1170,912.1554,1179.3857,0.82,1567236963664
tap2,389,828,1791,859.20447,1834.0447,0.62,1567236964440
tap2,36,207,1170,231.78539,1216.3665,0.90999997,1567236965299
tap2,100,276,1101,328.69565,1181.3846,0.85999995,1567236966147
tap2,375,897,1722,952.1184,1728.0999,0.62,1567236966974
tap2,99,897,1101,875.18964,1145.4034,0.89,1567236967689
tap2,366,276,1722,326.6975,1746.0906,0.75,1567236968517
tap2,368,414,1722,451.58188,1780.0729,0.77,1567236969405
tap2,159,621,756,665.3839,821.5721,0.89,1567236970264
tap2,371,621,1722,656.3922,1771.0775,0.72999996,1567236971101
tap2,324,414,756,448.58466,752.608,0.84,1567236972031
tap2,96,276,1170,364.66235,1231.3586,0.81,1567236972899
tap2,390,897,1791,943.1267,1844.0396,0.52,1567236973747
tap2,95,897,1170,934.1351,1207.3711,0.82,1567236974595
tap2,381,276,1791,313.70953,1818.0531,0.75,1567236975474
tap2,385,552,1791,609.4357,1814.0552,0.75,1567236976394
tap2,326,345,825,394.6346,846.5591,0.78,1567236977313
tap2,382,345,1791,406.6235,1826.0488,0.78,1567236978273
tap2,329,552,825,612.4329,832.56635,0.85999995,1567236979091
tap2,323,483,756,543.49677,797.5846,0.96,1567236979836
tap2,372,690,1722,759.29694,1783.0713,0.71,1567236980776
tap2,59,690,756,742.3127,755.60645,0.96999997,1567236981614
tap2,369,483,1722,526.5125,1789.0681,0.79999995,1567236982472
tap2,353,966,1101,1002.07214,1148.4019,0.89,1567236983290
tap2,367,345,1722,395.63367,1755.0858,0.77,1567236984107
tap2,252,345,1101,377.65033,1182.3842,0.94,1567236985016
tap2,376,966,1722,993.0805,1769.0786,0.7,1567236985885
tap2,383,414,1791,478.5569,1848.0375,0.71,1567236986733
tap2,155,621,825,652.39594,872.54553,0.96999997,1567236987551
tap2,328,414,825,432.59946,874.5445,0.96,1567236988347
tap2,386,621,1791,689.3617,1834.0447,0.71,1567236989164
tap2,55,690,825,731.3229,839.5627,0.98999995,1567236989972
tap2,384,483,1791,562.4792,1797.064,0.76,1567236990799
tap2,327,483,825,486.5495,871.546,0.95,1567236991565
tap2,387,690,1791,765.2914,1838.0426,0.76,1567236992301
drag1,2,309.8921,656.65796,0.68,1972.669385,59.004477816867265
drag1,3,662.40436,938.52,0.65999997,2130.179693,55.407545092503995
drag1,4,655.4101,710.6299,0.71,2833.702692,51.065277792019735
drag1,5,395.63367,887.5377,0.64,2742.086692,64.25069392515236
drag1,9,409.62073,856.35846,0.65999997,2750.5036929999997,65.11667151752981
drag1,17,651.39685,1029.0723,0.66999996,2156.4897699999997,74.65274354064542
drag1,16,351.4788,1051.4524,0.58,2109.540692,63.24945003957675
drag1,7,642.4052,832.56635,0.65999997,1665.952308,63.957827122407295
drag1,4,695.35614,690.64026,0.59,2502.847308,74.55852781348722
drag1,10,421.60962,403.78967,0.84999996,2534.125385,61.84646925389184
drag1,2,436.59573,598.6882,0.84,1462.037615,45.99618906506303
drag1,11,632.4144,389.79697,0.69,1789.822385,73.92299224335002
drag1,4,673.3765,625.80023,0.74,1328.198385,51.011339463280734
drag1,18,408.62164,1212.3685,0.65999997,2458.053384,70.25994283476548
drag1,2,368.65866,665.65326,0.62,2805.7858459999998,67.69694136013247
drag1,19,636.4107,1193.3784,0.66999996,2192.118462,58.6063362636902
drag1,13,635.4117,255.86673,0.79999995,2927.2120769999997,68.5009590743106
drag1,6,422.6087,488.74542,0.77,1789.217846,51.39519068713205
drag1,12,385.04648,281.85318,0.74,3167.976847,63.82497454880752
drag1,8,711.3414,448.70496,0.71999997,3026.8667689999997,76.21959320055055
drag1,19,685.3654,1208.3706,0.66999996,2880.128154,68.52766546265636
drag1,22,399.58484,1502.2175,0.35999998,1757.7309229999998,60.12522276869431
drag1,18,409.62073,1235.2664,0.57,2299.218461,75.13810562319433
drag1,23,650.39777,1553.191,0.57,1840.020846,53.49405113587946
drag1,14,429.60223,70.963036,0.91999996,4270.742077,74.39461750292267
drag1,11,605.4394,338.3238,1.02,3492.452385,76.65919057259711
drag1,10,394.6346,362.81104,0.76,2190.06,62.03350249037291
drag1,15,662.38666,74.96095,0.83,1973.9747699999998,78.8540729110153
drag1,17,678.3719,1061.4471,0.87,2551.0426159999997,46.51154546079859
drag1,20,424.60684,1330.3071,0.53999996,1757.879538,58.15393609000682
drag1,21,664.0082,1354.2946,0.48,2157.076923,70.37532082005174
drag1,16,400.62906,1080.4373,0.61,3525.408692,65.9551666659362
drag1,24,278.7419,90.95263,1.23,3995.041461,62.117418684914696
drag1,26,524.51434,335.82507,0.9,2309.044615,52.43550716904236
drag1,27,271.74838,375.80426,0.91999996,2274.339692,65.04154708877768
drag1,25,500.9814,114.94013,1.0699999,1685.128154,70.25706009271146
drag1,66,807.25256,1491.2233,0.89,3915.042539,59.87001491591843
drag1,41,538.08435,1239.2284,0.88,3233.256231,63.4653767334274
drag1,42,531.5079,1473.2327,0.83,1359.333077,40.17686751074303
drag1,65,793.18726,1253.3472,0.91999996,2902.8679239999997,79.93087619907658
drag1,36,258.7604,809.5783,0.95,2956.6369999999997,63.9886520227606
drag1,38,502.5347,1069.8367,0.89,1951.060616,64.02824498913019
drag1,39,245.77243,1061.4471,0.84,2171.743231,73.11445016121318
drag1,37,555.9852,802.582,0.95,2747.844385,62.962765256307115
drag1,16,395.63367,1057.4492,0.88,3599.263231,56.704971873270196
drag1,56,116.89177,1358.2925,0.9,2217.535539,66.00900027178389
drag1,20,392.63644,1334.305,0.63,2032.9511539999999,80.9634608920273
drag1,53,100.51468,1080.4373,0.90999997,2554.0061539999997,64.71394641218204
drag1,59,799.25995,259.86465,0.90999997,2861.620615,57.53284896711699
drag1,30,557.4838,521.7283,0.83,2533.833307,62.15476617092618
drag1,29,567.47455,230.87975,1.1999999,3198.3950769999997,64.93762118317339
drag1,60,818.2424,500.7392,0.83,2037.475231,56.318820412284815
drag1,33,569.4727,608.683,0.78,2374.329154,75.04192329828419
drag1,62,781.2766,923.519,0.72999996,2571.298769,58.189096834347204
drag1,61,827.2341,641.6658,0.85999995,2634.808,69.3957848000569
drag1,34,537.5023,953.50336,0.71999997,2499.602308,57.13600676926798
drag1,6,417.6133,527.72516,1.0,2790.5854609999997,75.79609550517912
drag1,48,95.911194,251.8688,1.11,2538.618154,69.73275150246754
drag1,12,331.69287,195.29013,1.01,2555.3687689999997,73.66379398077552
drag1,49,69.93524,488.74542,0.87,2283.0893069999997,69.66639333112207
drag1,51,55.948196,893.5842,0.89,2023.433462,67.58014307596295
drag1,2,357.66882,679.646,0.85999995,2262.867538,82.85190074763143
drag1,5,373.65402,891.5702,0.89,1746.446923,69.09556786184024
drag1,50,103.90379,673.6491,0.87,2784.607385,73.46049772203814
drag1,37,515.52264,804.58093,0.76,2463.229308,63.92903736475288
drag1,64,818.2424,1059.4481,0.69,2157.6576919999998,65.28727733070525
drag1,38,571.4709,1112.4205,0.75,2263.547769,71.99826492896621
drag1,63,781.2766,826.56946,0.96,2160.4719999999998,78.87960217795181
drag1,29,530.5088,292.84747,1.03,3330.0416929999997,60.996952206369386
drag1,31,267.75208,462.75897,0.98999995,3335.6,77.25177455053768
drag1,28,255.76318,279.85425,1.09,1971.5620769999998,64.4539263818873
drag1,30,520.51807,494.7423,0.84999996,1992.4930769999999,48.20084967082001
drag1,42,519.519,1489.2244,0.77,2544.2739229999997,51.8368122242986
drag1,40,254.76411,1258.3446,0.72999996,3134.855462,71.80577175738583
drag1,41,511.52637,1219.3649,0.71,2044.723923,64.4347394128514
drag1,43,262.7567,1475.2316,0.82,2407.342154,76.11283941583623
drag1,45,284.73636,1392.1877,0.78999996,2019.556615,58.995626900935186
drag1,82,522.5162,1630.1509,0.61,2721.268,71.11314904898829
drag1,80,273.74652,1615.292,0.71999997,2284.9324619999998,74.13713455508194
drag1,44,521.5171,1391.2754,0.7,2607.448462,61.933923421371496
drag1,57,825.2359,92.55749,1.29,3668.5650769999997,61.68944988117918
drag1,26,541.4986,357.81363,1.1999999,2831.074385,53.135311389623865
drag1,58,766.29047,328.82874,1.02,1565.197846,72.0529227629606
drag1,25,558.4829,84.69433,1.13,3107.113077,65.18742428388833
drag1,64,811.24884,1030.4633,0.89,3290.264769,61.11900500018976
drag1,44,518.2597,1332.306,0.87,2912.574,67.8499858918174
drag1,38,539.5005,1047.4545,0.90999997,2077.415462,80.90725963578822
drag1,67,800.25903,1362.3146,0.81,1818.4962309999999,47.141051010903865
drag1,9,396.63275,808.57886,0.85999995,3005.734308,69.87855520751454
drag1,53,84.92137,1066.4446,0.85999995,2464.247616,64.22294581800152
drag1,16,369.6577,1070.4425,0.77,1902.250231,66.53806018293469
drag1,52,100.90657,830.5674,0.91999996,2018.3010769999999,71.28353406155469
drag1,74,944.1258,792.58716,0.88,2966.578462,69.24014773953493
drag1,17,693.35803,1027.4648,0.84999996,4172.891462,64.78390679291681
drag1,75,929.1397,1066.4446,0.77,2177.752,67.81908337176662
drag1,7,706.4578,787.5898,1.0,4638.685308,62.38372013101191
drag1,70,943.1267,229.88026,1.1899999,3425.272,63.84065477484644
drag1,8,708.3441,449.76575,1.1899999,3442.626539,65.17213392772149
drag1,13,696.3552,263.86258,0.96,2195.4569229999997,73.91980907634198
drag1,71,929.1397,461.7595,0.97999996,1952.271231,60.23822114433855
drag1,78,988.0851,1333.3055,0.68,2119.675615,68.47761170518643
drag1,83,657.388,1618.1572,0.88,4125.47177,72.1176189751508
drag1,21,683.36725,1418.2612,0.83,2595.1856159999998,59.85590207646288
drag1,85,974.0981,1621.1556,0.64,2657.457461,77.17580365106163
drag1,19,678.3719,1196.3768,0.79999995,2911.179693,62.83315947794148
drag1,77,963.1082,1508.2145,0.79999995,2474.376308,58.9265449376131
drag1,76,972.0999,1234.357,0.72999996,2166.7622309999997,64.82019369772638
drag1,23,684.36633,1453.243,0.79999995,3166.8224619999996,69.15058642034955
drag1,15,651.39685,87.954185,0.96,3617.0176149999998,66.28528062599221
drag1,69,920.148,350.81726,1.05,2078.7829229999998,63.71697725831121
drag1,11,658.3904,395.79385,1.03,1989.8034619999999,59.24506761676412
drag1,68,936.13324,108.94325,0.94,1747.230615,84.36436394767934
drag1,21,651.39685,1383.2795,0.81,3534.586923,79.70073576754189
drag1,75,938.13135,1055.4503,0.83,2318.864846,80.09889376702189
drag1,17,676.3737,1065.4451,0.89,1900.096539,68.97184970557191
drag1,78,955.11566,1371.2858,0.76,1828.419692,64.17629174648178
drag1,54,123.88529,1244.374,0.79999995,2810.2763849999997,49.876735624691804
drag1,22,364.66235,1514.2113,0.9,1686.580616,49.30072024942308
drag1,18,390.6383,1239.3545,0.93,2588.222923,64.00394893967267
drag1,55,45.957447,1454.2328,0.82,3167.674923,73.75067905854854
drag1,67,809.2507,1366.2883,0.77,2840.475462,74.93543863476359
drag1,82,561.4801,1622.155,0.96,2864.8638459999997,65.12138315884974
drag1,84,813.247,1652.1395,0.9,2308.952154,63.144489290587494
drag1,44,516.5217,1374.2842,0.81,2456.549,63.81934866552151
drag1,38,554.4866,1153.899,0.97999996,2208.0807689999997,60.325762445976814
drag1,45,236.78076,1349.2972,1.04,2629.6403849999997,62.12788029123116
drag1,44,508.7381,1379.2816,0.78999996,1953.833154,59.9671897200665
drag1,39,270.7493,1067.444,0.97999996,2227.249077,67.84941664209249
drag1,56,91.914894,1316.3143,0.91999996,2002.0194609999999,80.42345945059078
drag1,81,380.64755,1607.1628,1.01,1787.882001,60.24058180600363
drag1,20,421.60962,1391.2754,0.81,2324.262615,70.83347194530167
drag1,79,83.922295,1644.1437,0.84999996,2197.574231,71.9898768763591
drag1,33,525.5134,660.6559,1.14,2789.047616,73.35848813808178
drag1,35,212.80296,878.5424,1.13,3747.083769,65.14244262561994
drag1,34,473.56152,940.51013,0.95,2115.607461,61.33806598132958
drag1,32,271.74838,619.67725,1.0699999,3005.588539,63.89783343801524
drag1,9,375.65216,735.6168,0.91999996,1419.828307,58.269652500809286
drag1,8,664.6233,530.7236,1.01,3245.300461,59.888564911231065
drag1,6,415.61517,516.73083,1.2099999,2243.436154,58.97980407346886
drag1,7,668.3811,762.6028,0.95,1942.507693,80.30927586656608
drag1,14,410.6198,109.94273,1.22,2809.80223,76.77375295675697
drag1,47,144.86586,319.8334,0.95,2242.013846,69.12568340901036
drag1,46,123.88529,92.951584,1.29,1492.5637689999999,75.05282191413522
drag1,10,341.68362,327.82925,0.96999997,1830.581692,67.5065697727328
drag1,4,610.4348,629.67206,1.1899999,1522.375615,69.24677222182527
drag1,73,987.08606,947.6046,0.82,1914.835077,47.261456487219455
drag1,72,964.1073,665.65326,0.88,1911.716385,55.392590593245345
drag1,3,702.3497,866.54865,0.9,2268.978462,74.95682498731647
