tap1,2,288,642,397.63184,706.63196,0.53,1567062301155
tap1,3,576,930,665.3839,1037.4596,0.77,1567062301922
tap1,4,576,642,655.3932,711.62933,0.81,1567062302657
tap1,5,288,930,357.66882,969.49506,0.59999996,1567062303452
tap1,9,288,786,374.6531,850.557,0.79999995,1567062304258
tap1,17,576,1074,627.41907,1164.3936,0.79999995,1567062304992
tap1,16,288,1074,300.72156,1139.4065,0.79999995,1567062305727
tap1,7,576,786,591.4524,883.5398,0.96999997,1567062306584
tap1,4,576,642,640.40704,736.61633,0.77,1567062307216
tap1,10,288,354,351.67438,380.80167,0.78,1567062307961
tap1,2,288,642,376.65125,749.60956,0.77,1567062308747
tap1,11,576,354,656.3922,426.7777,0.91999996,1567062309564
tap1,4,576,642,663.38574,749.60956,0.88,1567062310288
tap1,18,288,1218,324.69934,1315.315,0.90999997,1567062311053
tap1,2,288,642,434.5976,726.6215,0.65,1567062311818
tap1,19,576,1218,702.3497,1293.3264,0.78999996,1567062312624
tap1,13,576,210,647.4006,269.85944,0.93,1567062313451
tap1,6,288,498,327.6966,542.71735,0.88,1567062314278
tap1,12,288,210,312.71045,253.86777,0.58,1567062315104
tap1,8,576,498,697.3543,577.6991,0.78,1567062315829
tap1,19,576,1218,678.3719,1342.3009,0.78,1567062316614
tap1,22,288,1506,373.65402,1587.1733,0.75,1567062317267
tap1,18,288,1218,339.6855,1320.3123,0.75,1567062317951
tap1,23,576,1506,664.3848,1535.2004,0.74,1567062318706
tap1,14,288,66,376.65125,108.94325,0.76,1567062319665
tap1,11,576,354,677.3728,436.7725,0.93,1567062320390
tap1,10,288,354,345.67993,410.78604,0.88,1567062321104
tap1,15,576,66,653.395,147.92296,0.89,1567062322053
tap1,17,576,1074,677.3728,1200.3748,0.62,1567062322910
tap1,20,288,1362,374.6531,1468.2352,0.65,1567062323625
tap1,21,576,1362,684.36633,1481.2285,0.53,1567062324349
tap1,16,288,1074,342.6827,1152.3998,0.76,1567062325023
tap1,9,288,786,398.6309,845.5596,0.72999996,1567062325666
tap1,8,576,498,701.3506,589.6929,0.84,1567062326339
tap1,6,288,498,319.70398,556.71,0.88,1567062326992
tap1,7,576,786,689.3617,899.5315,0.87,1567062327645
tap1,24,144,66,219.79648,133.93024,0.32,1567062328431
tap1,26,432,354,201.81314,79.95835,0.75,1567062328553
tap1,27,144,354,244.77336,391.79593,0.9,1567062329339
tap1,25,432,66,461.57263,106.9443,0.88,1567062330186
tap1,66,720,1506,831.23035,1625.1536,0.84,1567062331043
tap1,41,432,1218,473.56152,1308.3186,0.71999997,1567062331676
tap1,42,432,1506,519.519,1610.1614,0.89,1567062332411
tap1,65,720,1218,837.2248,1294.3258,0.84,1567062333125
tap1,36,144,786,253.76503,860.55176,0.74,1567062333911
tap1,38,432,1074,520.51807,1172.3894,0.90999997,1567062334676
tap1,39,144,1074,220.79556,1157.3972,0.77,1567062335391
tap1,37,432,786,505.53192,854.5549,0.76,1567062336003
tap1,16,288,1074,381.64664,1178.3862,0.78999996,1567062336697
tap1,56,0,1362,113.89455,1452.2435,0.75,1567062337442
tap1,20,288,1362,355.6707,1447.2462,0.83,1567062338085
tap1,53,0,1074,67.937096,1129.4117,0.68,1567062338860
tap1,59,720,210,787.27106,269.85944,0.91999996,1567062339656
tap1,30,432,498,522.5162,567.7043,0.91999996,1567062340381
tap1,29,432,210,499.53748,268.85995,0.90999997,1567062341187
tap1,60,720,498,810.24976,598.6882,0.81,1567062341942
tap1,33,432,642,498.5384,685.6429,0.82,1567062342677
tap1,62,720,930,807.25256,1037.4596,0.83,1567062343412
tap1,61,720,642,768.28864,718.6257,0.74,1567062344136
tap1,34,432,930,529.5097,1013.4721,0.82,1567062344851
tap1,6,288,498,337.68732,570.70276,0.7,1567062345626
tap1,48,0,210,84.92137,309.83862,0.66999996,1567062346412
tap1,12,288,210,354.6716,271.8584,0.93,1567062347168
tap1,49,0,498,92.91397,604.68506,0.71,1567062347892
tap1,51,0,930,120.88807,1062.4467,0.22999999,1567062348576
tap1,2,288,642,385.6429,695.6377,0.53999996,1567062349515
tap1,5,288,930,375.65216,1071.4419,0.79999995,1567062350189
tap1,50,0,642,96.91027,643.66473,0.71,1567062350873
tap1,37,432,786,520.51807,871.546,0.85999995,1567062351546
tap1,64,720,1074,801.2581,1173.3888,0.84999996,1567062352138
tap1,38,432,1074,459.57446,1164.3936,0.78999996,1567062352781
tap1,63,720,786,782.2757,881.54083,0.91999996,1567062353537
tap1,29,432,210,494.54208,247.8709,0.84999996,1567062354302
tap1,31,144,498,177.83534,570.70276,0.88,1567062354996
tap1,28,144,210,251.76688,275.85632,0.88,1567062355701
tap1,30,432,498,512.52545,604.68506,0.9,1567062356384
tap1,42,432,1506,499.53748,1580.177,0.78999996,1567062357170
tap1,40,144,1218,212.80296,1359.292,0.75,1567062357854
tap1,41,432,1218,499.53748,1293.3264,0.88,1567062358436
tap1,43,144,1506,253.76503,1545.1952,0.68,1567062359130
tap1,45,144,1362,235.78168,1450.2446,0.78,1567062359773
tap1,82,432,1650,518.5199,1689.1202,0.71,1567062360498
tap1,80,144,1650,228.78816,1727.1005,0.84999996,1567062361120
tap1,44,432,1362,528.5106,1458.2405,0.85999995,1567062361763
tap1,57,720,66,791.26733,146.92348,0.90999997,1567062362631
tap1,26,432,354,513.52454,444.76834,0.93,1567062363356
tap1,58,720,354,820.24054,425.77823,0.88,1567062364040
tap1,25,432,66,498.5384,114.94013,0.90999997,1567062364754
tap1,64,720,1074,799.25995,1177.3867,0.81,1567062365581
tap1,44,432,1362,498.5384,1494.2217,0.84999996,1567062366265
tap1,38,432,1074,565.47644,1137.4076,0.84999996,1567062366836
tap1,67,720,1362,809.2507,1452.2435,0.84,1567062367592
tap1,9,288,786,359.667,884.5393,0.59,1567062368337
tap1,53,0,1074,125.88344,1122.4154,0.59999996,1567062369072
tap1,16,288,1074,370.6568,1148.4019,0.78,1567062369725
tap1,52,0,786,73.93155,831.5669,0.74,1567062370419
tap1,74,864,786,891.17487,867.54816,0.79999995,1567062371174
tap1,17,576,1074,676.3737,1143.4044,0.74,1567062371858
tap1,75,864,1074,940.1295,1167.392,0.75,1567062372522
tap1,7,576,786,687.3635,838.56323,0.9,1567062373195
tap1,38,288,66,323.7003,106.9443,0.83,1567062373950
tap1,45,0,354,81.92415,465.75742,0.84999996,1567062374706
tap1,44,0,66,70.93432,105.94482,0.88,1567062375471
tap1,39,288,354,398.6309,463.75845,0.72999996,1567062376165
tap1,14,288,1506,361.66513,1626.153,0.79999995,1567062376890
tap1,47,0,1794,117.89084,1876.0228,0.57,1567062377615
tap1,46,0,1506,84.92137,1524.206,0.52,1567062378350
tap1,10,288,1794,350.6753,1864.029,0.66999996,1567062379034
tap1,22,864,210,943.1267,244.87245,0.74,1567062379973
tap1,86,576,498,633.4135,557.70953,0.81,1567062380626
tap1,55,576,210,617.4283,230.87975,0.78999996,1567062381392
tap1,88,864,498,929.1397,634.66943,0.90999997,1567062382075
tap1,70,864,1362,983.0897,1469.2347,0.7,1567062382810
tap1,8,576,1650,650.39777,1726.101,0.7,1567062383454
tap1,13,576,1362,699.3525,1499.2191,0.76,1567062384137
tap1,71,864,1650,939.13043,1716.1062,0.68,1567062384872
tap1,78,576,1218,659.38947,1268.3394,0.66999996,1567062385464
tap1,83,864,1506,889.1767,1568.1832,0.71999997,1567062386261
tap1,21,864,1218,953.1175,1321.3118,0.71,1567062386883
tap1,85,576,1506,712.34045,1588.1727,0.74,1567062387557
tap1,19,576,66,628.41815,148.92244,0.87,1567062388496
tap1,77,864,354,968.10364,395.79385,0.78999996,1567062389190
tap1,76,576,354,646.4015,419.78134,0.90999997,1567062389915
tap1,23,864,66,908.1591,95.95003,0.85999995,1567062390782
tap1,15,576,1362,667.3821,1478.2301,0.76,1567062391660
tap1,69,864,1074,936.13324,1159.3961,0.81,1567062392313
tap1,11,576,1074,639.40796,1151.4003,0.84,1567062392885
tap1,68,864,1362,959.11194,1460.2394,0.76,1567062393691
tap1,21,0,1218,120.88807,1304.3207,0.74,1567062394457
tap1,75,288,1506,356.66974,1602.1655,0.87,1567062395141
tap1,17,288,1218,379.64847,1324.3102,0.75,1567062395763
tap1,78,0,1506,88.91767,1578.178,0.63,1567062396590
tap1,54,576,642,646.4015,755.60645,0.81,1567062397284
tap1,22,864,930,963.1082,969.49506,0.63,1567062397876
tap1,18,864,642,961.1101,712.62885,0.78,1567062398601
tap1,55,576,930,658.3904,998.4799,0.71999997,1567062399224
tap1,4,576,1794,663.38574,1868.027,0.65999997,1567062400020
tap1,73,864,1506,965.1064,1602.1655,0.77,1567062400765
tap1,72,576,1506,664.3848,1581.1764,0.84999996,1567062401572
tap1,3,864,1794,952.1184,1839.0421,0.65999997,1567062402265
tap1,90,720,1362,800.25903,1472.2332,0.71,1567062402970
tap1,77,432,1650,466.568,1730.0989,0.62,1567062403654
tap1,23,720,1650,826.235,1668.1311,0.69,1567062404297
tap1,92,432,1362,560.481,1438.2509,0.78,1567062404991
tap1,67,432,1074,510.52728,1165.393,0.83,1567062405645
tap1,82,144,1362,218.79741,1449.2451,0.63,1567062406461
tap1,84,432,1362,518.5199,1442.2488,0.71999997,1567062407257
tap1,44,144,1074,145.86494,1162.3945,0.78,1567062407962
tap1,38,432,1506,516.5217,1559.1879,0.78,1567062408687
tap1,45,144,1794,282.73822,1822.051,0.71,1567062409350
tap1,44,432,1794,478.5569,1900.0104,0.44,1567062410064
tap1,39,144,1506,255.76318,1538.1989,0.82,1567062410749
tap1,42,432,1506,534.50507,1568.1832,0.85999995,1567062411341
tap1,87,720,1794,768.28864,1879.0212,0.48,1567062412035
tap1,89,432,1794,542.4977,1819.0525,0.45,1567062412698
tap1,43,720,1506,840.22205,1572.1812,0.78999996,1567062413536
tap1,42,0,1362,84.92137,1439.2504,0.69,1567062414311
tap1,91,288,1650,352.67346,1707.1108,0.76,1567062415057
tap1,89,288,1362,344.68085,1457.241,0.79999995,1567062415700
tap1,66,0,1650,115.89269,1703.1129,0.7,1567062416537
tap1,56,432,642,538.5014,758.60486,0.77,1567062417364
tap1,81,144,930,214.80112,950.50494,0.74,1567062418088
tap1,20,432,930,481.5541,981.4888,0.72999996,1567062418629
tap1,79,144,642,245.77243,699.63556,0.7,1567062419477
tap2,6,138,480,160.85106,524.7267,0.56,1567062574642
tap2,7,759,1101,805.2544,1132.4102,0.57,1567062575665
tap2,8,138,1101,181.83163,1164.3936,0.62,1567062576614
tap2,9,759,480,799.25995,514.7319,0.74,1567062577573
tap2,164,0,687,83.922295,707.6314,0.59,1567062578685
tap2,183,621,1308,690.3608,1325.3097,0.63,1567062579798
tap2,182,0,1308,38.96392,1334.305,0.56,1567062581655
tap2,163,621,687,647.4006,745.61163,0.77,1567062582564
tap2,242,345,66,403.62628,70.963036,0.7,1567062584554
tap2,243,552,1032,592.4514,1120.4164,0.76,1567062585595
tap2,244,345,1032,369.6577,1092.431,0.65,1567062586503
tap2,245,552,66,618.42737,110.942215,0.74,1567062588167
tap2,42,69,411,110.897316,458.76105,0.47,1567062589340
tap2,43,690,1032,735.31915,1070.4425,0.69,1567062590504
tap2,45,690,411,720.333,488.74542,0.84,1567062591565
tap2,44,69,1032,105.90195,1096.429,0.48999998,1567062592657
tap2,322,345,756,363.66327,813.57623,0.81,1567062593545
tap2,321,483,1653,523.51526,1682.1239,0.81,1567062594555
tap2,316,345,1653,367.65958,1692.1187,0.74,1567062595331
tap2,323,483,756,521.5171,805.5804,0.85999995,1567062596138
tap2,2,138,549,144.86586,586.6944,0.74,1567062597025
tap2,3,759,1170,830.23126,1279.3336,0.58,1567062598117
tap2,4,138,1170,163.8483,1211.369,0.48,1567062599016
tap2,5,759,549,827.2341,574.7007,0.71,1567062599914
tap2,11,759,1032,785.2729,1082.4362,0.7,1567062600802
tap2,10,138,411,108.89917,403.78967,0.65999997,1567062601873
tap2,12,138,1032,172.83997,1085.4347,0.56,1567062602873
tap2,13,759,411,838.2239,515.7314,0.45999998,1567062603894
tap2,15,759,963,805.2544,1026.4653,0.71999997,1567062604711
tap2,14,138,342,142.86772,348.81833,0.56,1567062605752
tap2,17,759,342,817.2433,394.79437,0.61,1567062607069
tap2,16,138,963,186.82701,1002.47784,0.52,1567062608089
tap2,122,207,66,282.73822,90.95263,0.42,1567062609498
tap2,123,828,687,902.1647,753.6075,0.74,1567062610417
tap2,124,207,687,220.79556,665.65326,0.57,1567062611346
tap2,125,828,66,846.2165,129.93233,0.78,1567062612387
tap2,135,621,1170,706.346,1238.355,0.69,1567062613275
tap2,134,0,549,29.972248,561.70746,0.51,1567062614346
tap2,136,0,1170,63.940796,1223.3628,0.61,1567062615316
tap2,137,621,549,643.40424,601.6866,0.65,1567062616358
tap2,130,69,66,114.893616,99.947945,0.57,1567062617592
tap2,131,690,687,745.3099,748.6101,0.71,1567062618481
tap2,133,690,66,706.346,94.95055,0.89,1567062620441
tap2,132,69,687,84.92137,697.63666,0.55,1567062621431
tap2,127,759,687,792.2664,743.6127,0.78,1567062622411
tap2,126,138,66,204.81036,86.95471,0.44,1567062623728
tap2,128,138,687,172.83997,745.61163,0.64,1567062624718
tap2,129,759,66,787.27106,111.941696,0.74,1567062625953
tap2,18,138,273,180.83257,266.861,0.61,1567062627076
tap2,19,759,894,836.2257,952.5039,0.61,1567062627995
tap2,20,138,894,200.81406,939.5106,0.34,1567062629016
tap2,21,759,273,783.2748,321.83237,0.68,1567062630129
tap2,35,828,1170,860.2035,1245.3513,0.71999997,1567062630976
tap2,34,207,549,226.79001,612.6809,0.65,1567062631936
tap2,36,207,1170,249.76874,1233.3575,0.65999997,1567062632732
tap2,37,828,549,851.21185,571.7022,0.55,1567062633651
tap2,26,138,135,148.86217,166.91306,0.53,1567062634774
tap2,27,759,756,831.23035,753.6075,0.7,1567062636061
tap2,28,138,756,157.85384,759.6044,0.59999996,1567062637061
tap2,29,759,135,784.2738,190.90057,0.65999997,1567062638439
tap2,43,690,1032,756.29974,1068.4435,0.64,1567062639338
tap2,42,69,411,117.89084,428.77667,0.53999996,1567062640441
tap2,45,690,411,683.36725,426.7777,0.5,1567062641370
tap2,44,69,1032,46.95652,1070.4425,0.5,1567062642411
tap2,24,138,825,166.84552,841.56165,0.53999996,1567062643279
tap2,25,759,204,785.2729,252.86829,0.59,1567062644259
tap2,22,138,204,147.8631,206.89224,0.56,1567062645310
tap2,23,759,825,829.2322,874.5445,0.56,1567062646240
tap2,38,69,480,110.897316,521.7283,0.65,1567062647261
tap2,39,690,1101,765.2914,1116.4185,0.45999998,1567062648159
tap2,40,69,1101,74.93062,1161.395,0.56,1567062649149
tap2,41,690,480,712.34045,506.73605,0.7,1567062650112
tap2,33,690,549,720.333,602.6861,0.63,1567062650896
tap2,32,69,1170,128.88066,1175.3878,0.32999998,1567062651845
tap2,30,69,549,91.914894,536.72046,0.69,1567062652948
tap2,31,690,1170,733.321,1182.3842,0.59999996,1567062653928
tap2,46,69,342,130.87881,331.82718,0.7,1567062655286
tap2,47,690,963,791.26733,990.4841,0.59999996,1567062656144
tap2,48,69,963,79.925995,1005.4763,0.61,1567062657093
tap2,49,690,342,699.3525,340.82248,0.65999997,1567062658094
tap2,108,276,963,330.69382,1001.4784,0.44,1567062659013
tap2,231,897,1584,926.14246,1567.1837,0.42999998,1567062660044
tap2,230,276,1584,331.69287,1581.1764,0.39999998,1567062661178
tap2,107,897,963,960.111,965.49713,0.52,1567062662127
tap2,143,621,1032,683.36725,1056.4497,0.57,1567062663087
tap2,232,0,1653,39.962997,1678.126,0.42,1567062664537
tap2,233,621,1653,637.4098,1682.1239,0.42999998,1567062665579
tap2,144,0,1032,34.96762,1080.4373,0.45999998,1567062666916
tap2,44,69,1032,74.93062,1061.4471,0.55,1567062667886
tap2,235,690,1653,693.35803,1699.115,0.63,1567062669091
tap2,43,690,1032,741.3136,1075.4398,0.64,1567062670061
tap2,234,69,1653,139.87048,1697.1161,0.35999998,1567062671317
tap2,12,138,1032,169.84274,1058.4487,0.53999996,1567062672144
tap2,237,759,1653,818.2424,1672.129,0.42,1567062673246
tap2,11,759,1032,796.2627,1081.4368,0.72999996,1567062674257
tap2,236,138,1653,194.81961,1692.1187,0.58,1567062675125
tap2,238,207,1653,269.75024,1718.1051,0.47,1567062675952
tap2,67,828,1032,862.20166,1046.455,0.57,1567062676698
tap2,68,207,1032,295.7262,1081.4368,0.39,1567062677667
tap2,239,828,1653,864.1998,1719.1046,0.51,1567062678709
tap2,104,276,1032,309.71323,1062.4467,0.56,1567062679679
tap2,241,897,1653,956.1147,1685.1223,0.44,1567062680649
tap2,240,276,1653,325.69843,1705.1119,0.64,1567062681435
tap2,103,897,1032,957.1138,1023.4669,0.59999996,1567062682170
tap2,50,69,273,96.91027,280.85373,0.57,1567062683600
tap2,51,690,894,748.3071,940.51013,0.53,1567062684417
tap2,52,69,894,92.91397,939.5106,0.58,1567062685366
tap2,53,690,273,764.2923,298.84433,0.57,1567062686540
tap2,55,690,825,730.3238,875.54395,0.61,1567062687368
tap2,54,69,204,90.91582,196.89745,0.58,1567062688562
tap2,56,69,825,107.90009,887.5377,0.52,1567062689511
tap2,57,690,204,727.32654,265.8615,0.65999997,1567062690594
tap2,59,690,756,728.3256,826.56946,0.55,1567062691492
tap2,58,69,135,118.889915,101.9469,0.57,1567062692758
tap2,61,690,135,745.3099,188.90161,0.65,1567062693851
tap2,60,69,756,103.90379,794.5861,0.59,1567062694811
tap2,62,207,480,273.74652,516.73083,0.59999996,1567062695801
tap2,63,828,1101,885.1804,1145.4034,0.56,1567062696730
tap2,64,207,1101,212.80296,1167.392,0.59,1567062697711
tap2,65,828,480,838.2239,518.7298,0.62,1567062698650
tap2,290,345,480,376.65125,536.72046,0.45999998,1567062699620
tap2,291,552,1446,590.4533,1501.218,0.37,1567062700529
tap2,293,552,480,588.45514,516.73083,0.64,1567062701805
tap2,292,345,1446,405.62442,1467.2357,0.62,1567062702704
tap2,141,621,480,624.4218,504.7371,0.72999996,1567062703735
tap2,295,414,1446,463.57077,1537.1993,0.59999996,1567062704715
tap2,294,414,480,440.59204,503.7376,0.68,1567062705879
tap2,203,621,1446,642.4052,1485.2264,0.63,1567062706910
tap2,297,483,1446,539.5005,1523.2067,0.56,1567062707768
tap2,41,690,480,728.3256,510.73398,0.57,1567062708667
tap2,296,483,480,517.5208,512.7329,0.7,1567062709514
tap2,205,690,1446,761.2951,1512.2124,0.65999997,1567062710454
tap2,319,414,1653,454.5791,1680.1249,0.42999998,1567062711424
tap2,325,552,756,590.4533,801.5825,0.59999996,1567062712230
tap2,324,414,756,468.56613,781.5929,0.62,1567062713078
tap2,315,552,1653,588.45514,1693.1182,0.47,1567062714099
tap2,298,345,549,366.6605,587.6939,0.71,1567062715100
tap2,299,552,1515,624.4218,1559.1879,0.55,1567062715947
tap2,301,552,549,597.44684,598.6882,0.57,1567062716754
tap2,300,345,1515,352.67346,1584.1749,0.61,1567062717612
tap2,326,345,825,391.6374,928.51636,0.5,1567062718449
tap2,256,483,135,513.52454,180.90578,0.71999997,1567062719634
tap2,250,345,135,383.64478,166.91306,0.55,1567062720716
tap2,327,483,825,537.5023,875.54395,0.68,1567062721625
tap2,67,828,1032,873.19147,1067.444,0.65,1567062722523
tap2,66,207,411,249.76874,452.76416,0.61,1567062723738
tap2,68,207,1032,235.78168,1048.4539,0.59,1567062724678
tap2,69,828,411,873.19147,505.73657,0.59999996,1567062725781
tap2,72,207,963,254.76411,1000.4789,0.55,1567062726690
tap2,73,828,342,857.2063,371.80634,0.79999995,1567062727895
tap2,70,207,342,257.76132,377.80322,0.59,1567062728752
tap2,71,828,963,859.20447,1019.469,0.47,1567062729590
tap2,76,207,894,213.80203,919.52106,0.52,1567062730519
tap2,77,828,273,858.2054,376.80374,0.7,1567062731601
tap2,74,207,273,271.74838,298.84433,0.72999996,1567062732796
tap2,75,828,894,861.2026,959.50024,0.66999996,1567062733634
tap2,80,207,825,231.78539,817.57416,0.64,1567062734726
tap2,81,828,204,834.2276,262.8631,0.74,1567062735758
tap2,78,207,204,233.78354,248.87038,0.56,1567062736769
tap2,79,828,825,868.1961,871.546,0.62,1567062737596
tap2,84,207,756,224.79185,743.6127,0.45999998,1567062738484
tap2,85,828,135,809.2507,180.90578,0.75,1567062739516
tap2,82,207,135,282.73822,166.91306,0.65,1567062740435
tap2,83,828,756,861.2026,794.5861,0.59,1567062741262
tap2,89,621,618,636.4107,648.6621,0.69,1567062742110
tap2,88,0,1239,24.976873,1292.3269,0.45,1567062744159
tap2,87,621,1239,679.371,1287.3295,0.64,1567062744969
tap2,86,0,618,42.96022,594.69025,0.56,1567062746184
tap2,305,483,1515,550.4903,1521.2076,0.56,1567062747165
tap2,33,690,549,778.27936,636.6684,0.65,1567062748043
tap2,304,483,549,547.49304,594.69025,0.66999996,1567062748942
tap2,215,690,1515,707.34503,1554.1904,0.56,1567062750055
tap2,309,552,618,593.4505,689.6408,0.79999995,1567062750974
tap2,308,345,1584,357.66882,1597.1681,0.65,1567062751852
tap2,307,552,1584,598.44586,1610.1614,0.52,1567062752598
tap2,306,345,618,396.63275,638.66736,0.42999998,1567062753507
tap2,258,345,204,383.64478,255.86673,0.72999996,1567062754538
tap2,331,483,894,572.4699,995.4815,0.68,1567062755396
tap2,330,345,894,401.6281,929.51587,0.69,1567062756213
tap2,264,483,204,526.5125,225.88235,0.53999996,1567062757378
tap2,223,621,1584,699.3525,1594.1697,0.58,1567062758276
tap2,310,414,618,452.58093,665.65326,0.62,1567062759042
tap2,89,621,618,687.3635,622.67566,0.72999996,1567062759900
tap2,311,414,1584,477.55783,1604.1644,0.65999997,1567062760891
tap2,261,552,204,611.43384,233.87819,0.41,1567062761871
tap2,322,345,756,369.6577,770.59863,0.59999996,1567062762739
tap2,262,414,204,470.5643,220.88495,0.72999996,1567062763740
tap2,333,552,894,619.42645,940.51013,0.63,1567062764537
tap2,312,483,618,487.54858,640.6663,0.72999996,1567062765528
tap2,225,690,1584,721.3321,1675.1274,0.63,1567062766467
tap2,93,690,618,758.29785,630.6715,0.59999996,1567062767407
tap2,313,483,1584,512.52545,1601.166,0.45999998,1567062768367
tap2,91,690,1239,729.3247,1224.3623,0.55,1567062769051
tap2,90,69,618,91.914894,622.67566,0.52,1567062770194
tap2,93,690,618,732.3219,595.68976,0.72999996,1567062771063
tap2,92,69,1239,114.893616,1280.3331,0.53999996,1567062772012
tap2,108,276,963,263.7558,914.5237,0.62,1567062772860
tap2,109,897,342,922.1462,330.8277,0.77,1567062773759
tap2,106,276,342,330.69382,387.798,0.71,1567062774637
tap2,107,897,963,943.1267,1047.4545,0.58,1567062775505
tap2,100,276,1101,284.73636,1138.4071,0.59999996,1567062776414
tap2,101,897,480,929.1397,556.71,0.48,1567062777476
tap2,99,897,1101,956.1147,1116.4185,0.69,1567062778314
tap2,98,276,480,302.7197,498.74023,0.52,1567062779325
tap2,105,897,411,915.15265,475.7522,0.65,1567062780121
tap2,104,276,1032,274.7456,1089.4326,0.62,1567062780948
tap2,102,276,411,308.71414,436.7725,0.56,1567062781929
tap2,103,897,1032,933.136,1135.4086,0.42,1567062782858
tap2,97,897,549,922.1462,593.6908,0.63,1567062783849
tap2,96,276,1170,344.68085,1167.392,0.56,1567062784717
tap2,94,276,549,215.80019,564.7059,0.64,1567062785769
tap2,95,897,1170,925.1434,1234.357,0.52,1567062786862
tap2,111,897,894,943.1267,921.52,0.65,1567062787597
tap2,110,276,273,285.73544,329.82822,0.62,1567062788802
tap2,112,276,894,274.7456,948.506,0.61,1567062789721
tap2,113,897,273,959.11194,294.84644,0.68,1567062790590
tap2,116,276,825,292.72894,866.54865,0.74,1567062791448
tap2,117,897,204,931.1378,210.89015,0.65999997,1567062792316
tap2,114,276,204,351.67438,256.8662,0.69,1567062793235
tap2,115,897,825,958.11285,848.55804,0.48999998,1567062794113
tap2,119,897,756,960.111,782.5924,0.69,1567062795043
tap2,118,276,135,355.6707,167.91254,0.58,1567062796412
tap2,121,897,135,947.12305,181.90526,0.59999996,1567062797555
tap2,120,276,756,314.70862,785.5908,0.64,1567062798505
tap2,152,0,894,53.950047,929.51587,0.47,1567062799762
tap2,213,621,1515,679.371,1531.2025,0.48999998,1567062800794
tap2,212,0,1515,49.953747,1553.191,0.45999998,1567062801937
tap2,151,621,894,664.3848,932.5143,0.58,1567062802785
tap2,56,69,825,95.911194,836.5643,0.64,1567062803899
tap2,205,690,1446,717.3358,1493.2223,0.62,1567062805033
tap2,204,69,1446,121.887146,1456.2415,0.53,1567062806718
tap2,55,690,825,718.3349,837.5637,0.65999997,1567062807525
tap2,24,138,825,143.86679,832.56635,0.71,1567062808526
tap2,207,759,1446,741.3136,1465.2368,0.34,1567062809466
tap2,206,138,1446,217.79834,1485.2264,0.63,1567062810334
tap2,23,759,825,819.24146,838.56323,0.71999997,1567062811152
tap2,80,207,825,233.78354,833.56586,0.59,1567062812009
tap2,209,828,1446,898.1684,1449.2451,0.59,1567062813235
tap2,208,207,1446,256.76227,1477.2306,0.5,1567062814032
tap2,79,828,825,853.21,819.5731,0.62,1567062814818
tap2,115,897,825,922.1462,838.56323,0.7,1567062815656
tap2,210,276,1446,314.70862,1513.2118,0.56,1567062816514
tap2,116,276,825,319.70398,827.569,0.59,1567062817546
tap2,211,897,1446,978.09436,1507.215,0.48,1567062818526
tap2,203,621,1446,684.36633,1485.2264,0.42,1567062819415
tap2,156,0,825,64.93987,846.5591,0.62,1567062820743
tap2,202,0,1446,44.958374,1450.2446,0.39,1567062821806
tap2,155,621,825,649.3987,840.5622,0.71,1567062822715
tap2,52,69,894,133.87604,919.52106,0.64,1567062823645
tap2,215,690,1515,730.3238,1550.1926,0.5,1567062824676
tap2,51,690,894,759.29694,961.4992,0.74,1567062825585
tap2,214,69,1515,151.85939,1524.206,0.35999998,1567062826515
tap2,216,138,1515,167.84459,1553.191,0.57,1567062827373
tap2,19,759,894,785.2729,899.5315,0.71999997,1567062828170
tap2,217,759,1515,777.2803,1543.1962,0.53999996,1567062829079
tap2,20,138,894,178.83441,904.5289,0.48,1567062830029
tap2,141,621,480,662.38666,467.75638,0.65999997,1567062830897
tap2,140,0,1101,67.937096,1120.4164,0.59,1567062831857
tap2,138,0,480,58.94542,522.7277,0.39999998,1567062833216
tap2,139,621,1101,657.3913,1090.432,0.47,1567062834176
tap2,142,0,411,30.971323,393.7949,0.53,1567062835443
tap2,143,621,1032,633.4135,1063.446,0.59,1567062836352
tap2,144,0,1032,70.93432,1069.443,0.63,1567062837312
tap2,145,621,411,666.383,427.7772,0.71,1567062838201
tap2,148,0,963,41.961147,997.48047,0.58,1567062839090
tap2,149,621,342,685.3654,359.8126,0.59,1567062839907
tap2,147,621,963,648.39966,1018.46954,0.63,1567062840734
tap2,146,0,342,66.93802,387.798,0.52,1567062841889
tap2,153,621,273,678.3719,288.84955,0.72999996,1567062842634
tap2,152,0,894,60.943573,944.50806,0.58,1567062843543
tap2,150,0,273,70.93432,267.86047,0.66999996,1567062844585
tap2,151,621,894,677.3728,937.5117,0.59,1567062845484
tap2,266,345,273,391.6374,275.85632,0.71,1567062846506
tap2,267,552,1239,623.4227,1281.3326,0.47,1567062847292
tap2,269,552,273,599.44495,278.85477,0.65999997,1567062848110
tap2,268,345,1239,382.6457,1295.3253,0.48999998,1567062848978
tap2,271,414,1239,429.60223,1254.3467,0.58,1567062849693
tap2,153,621,273,629.41724,282.85266,0.72999996,1567062850684
tap2,270,414,273,454.5791,292.84747,0.45999998,1567062851592
tap2,87,621,1239,676.3737,1293.3264,0.52,1567062852481
tap2,91,690,1239,751.3043,1260.3435,0.5,1567062853227
tap2,272,483,273,534.50507,292.84747,0.65999997,1567062854483
tap2,273,483,1239,662.38666,1026.4653,0.26,1567062855055
tap2,53,690,273,524.51434,1268.3394,0.61,1567062855423
tap2,277,552,342,586.457,412.785,0.72999996,1567062856149
tap2,276,345,1308,355.6707,1380.2811,0.57,1567062856925
tap2,274,345,342,340.68454,372.80582,0.42999998,1567062857967
tap2,275,552,1308,587.45605,1384.2789,0.31,1567062858968
tap2,183,621,1308,655.3932,1346.2988,0.45,1567062859908
tap2,278,414,342,503.53375,419.78134,0.56,1567062860838
tap2,149,621,342,651.39685,382.80063,0.71,1567062861706
tap2,279,414,1308,460.57355,1345.2993,0.65999997,1567062862564
tap2,281,483,1308,542.4977,1337.3035,0.64,1567062863279
tap2,49,690,342,707.34503,402.7902,0.71,1567062864280
tap2,280,483,342,579.46344,425.77823,0.63,1567062865200
tap2,185,690,1308,677.3728,1364.2894,0.48,1567062866140
tap2,156,0,825,110.897316,859.5523,0.53999996,1567062867151
tap2,157,621,204,627.41907,210.89015,0.71999997,1567062868183
tap2,155,621,825,611.43384,839.5627,0.77,1567062869001
tap2,154,0,204,33.968548,196.89745,0.39,1567062870277
tap2,158,0,135,34.96762,153.91983,0.57,1567062871381
tap2,159,621,756,669.3802,808.57886,0.64,1567062872351
tap2,160,0,756,90.91582,780.59344,0.62,1567062873301
tap2,161,621,135,596.44775,165.91359,0.78999996,1567062874353
tap2,162,0,66,57.946346,105.94482,0.59,1567062876619
tap2,163,621,687,666.383,750.609,0.64,1567062877592
tap2,164,0,687,70.93432,693.63873,0.56,1567062878521
tap2,165,621,66,646.4015,88.95367,0.71999997,1567062879778
tap2,169,897,66,946.12396,83.95627,0.59,1567062880728
tap2,168,276,687,297.72433,722.6236,0.56,1567062881617
tap2,166,276,66,291.7299,90.95263,0.75,1567062883486
tap2,167,897,687,943.1267,685.6429,0.41,1567062884355
tap2,170,138,618,148.86217,616.6788,0.59999996,1567062885305
tap2,171,759,1239,790.26825,1250.3488,0.42999998,1567062886265
tap2,173,759,618,830.23126,662.65485,0.59,1567062887195
tap2,172,138,1239,120.88807,1285.3306,0.62,1567062888400
tap2,177,828,618,866.198,650.6611,0.68,1567062889361
tap2,176,207,1239,301.72064,1226.3612,0.55,1567062890219
tap2,174,207,618,260.75854,706.63196,0.62,1567062891169
tap2,175,828,1239,889.1767,1227.3607,0.37,1567062892374
tap2,133,690,66,737.3173,117.93857,0.71,1567062893958
tap2,249,483,1032,541.4986,1084.4352,0.48999998,1567062894949
tap2,43,690,1032,763.2933,1074.4404,0.57,1567062895725
tap2,248,483,66,551.4894,70.963036,0.53999996,1567062897156
tap2,251,552,1101,542.4977,1124.4143,0.71,1567062898525
tap2,250,345,135,391.6374,132.93076,0.64,1567062899884
tap2,252,345,1101,330.69382,1178.3862,0.59999996,1567062900905
tap2,253,552,135,599.44495,171.91046,0.57,1567062902121
tap2,254,414,135,475.55966,146.92348,0.68,1567062903081
tap2,139,621,1101,636.4107,1138.4071,0.51,1567062904113
tap2,161,621,135,656.3922,124.93493,0.7,1567062905155
tap2,255,414,1101,447.58557,1118.4175,0.61,1567062906085
tap2,178,276,618,369.6577,594.69025,0.57,1567062907393
tap2,179,897,1239,963.1082,1227.3607,0.37,1567062908506
tap2,181,897,618,976.0962,663.65436,0.68,1567062909334
tap2,180,276,1239,309.71323,1275.3357,0.53999996,1567062910223
tap2,132,69,687,152.85846,707.6314,0.56,1567062911173
tap2,185,690,1308,746.30896,1335.3044,0.35,1567062912204
tap2,184,69,1308,141.86864,1322.3113,0.48,1567062913063
tap2,131,690,687,762.2942,700.6351,0.59999996,1567062913839
tap2,127,759,687,779.27844,738.6153,0.59999996,1567062914667
tap2,187,759,1308,818.2424,1319.3129,0.39999998,1567062915607
tap2,186,138,1308,175.83719,1332.306,0.51,1567062916465
tap2,126,138,66,144.86586,109.94273,0.59999996,1567062917844
tap2,123,828,687,853.21,744.6122,0.28,1567062918743
tap2,188,207,1308,236.78076,1331.3065,0.55,1567062919540
tap2,124,207,687,245.77243,711.62933,0.58,1567062920511
tap2,189,828,1308,876.1887,1317.3138,0.37,1567062921512
tap2,317,552,687,613.432,716.6267,0.66999996,1567062922411
tap2,316,345,1653,366.6605,1678.126,0.41,1567062923330
tap2,314,345,687,381.64664,705.63245,0.55,1567062924240
tap2,315,552,1653,621.4246,1667.1317,0.42,1567062925210
tap2,266,345,273,388.64014,266.861,0.7,1567062926181
tap2,335,483,963,536.50323,1036.4602,0.5,1567062927018
tap2,272,483,273,498.5384,283.85214,0.64,1567062928152
tap2,334,345,963,387.64108,971.494,0.53999996,1567062928969
tap2,318,414,687,436.59573,712.62885,0.5,1567062929899
tap2,233,621,1653,640.40704,1703.1129,0.52,1567062930849
tap2,163,621,687,654.3941,732.6184,0.59,1567062931667
tap2,319,414,1653,430.6013,1666.1322,0.51,1567062932351
tap2,269,552,273,593.4505,297.84488,0.65,1567062933230
tap2,336,414,963,459.57446,1005.4763,0.35999998,1567062934067
tap2,337,552,963,607.43756,982.4883,0.59,1567062934844
tap2,270,414,273,454.5791,289.84903,0.58,1567062935804
tap2,168,276,687,306.716,702.63403,0.58,1567062936683
tap2,191,897,1308,959.11194,1368.2874,0.56,1567062937623
tap2,167,897,687,932.1369,726.6215,0.64,1567062938491
tap2,190,276,1308,304.71786,1367.2878,0.38,1567062939452
tap2,192,0,1377,59.944496,1405.2681,0.39999998,1567062940299
tap2,160,0,756,66.93802,745.61163,0.47,1567062941270
tap2,193,621,1377,687.3635,1431.2545,0.47,1567062942261
tap2,159,621,756,678.3719,766.6007,0.62,1567062943007
tap2,194,69,1377,91.914894,1436.252,0.52,1567062944008
tap2,59,690,756,754.3016,762.6028,0.69,1567062944713
tap2,60,69,756,91.914894,778.5945,0.35999998,1567062945653
tap2,195,690,1377,718.3349,1352.2957,0.44,1567062946521
tap2,28,138,756,158.85292,753.6075,0.32999998,1567062947400
tap2,197,759,1377,772.2849,1392.2748,0.48,1567062948483
tap2,27,759,756,787.27106,804.58093,0.65999997,1567062949464
tap2,196,138,1377,203.81128,1365.2888,0.58,1567062950240
tap2,84,207,756,222.79372,770.59863,0.69,1567062951272
tap2,199,828,1377,818.2424,1390.2759,0.56,1567062952089
tap2,83,828,756,771.2858,778.5945,0.7,1567062953060
tap2,198,207,1377,281.73914,1423.2587,0.65999997,1567062954654
tap2,200,276,1377,353.67252,1405.2681,0.42999998,1567062955696
tap2,119,897,756,954.1166,777.595,0.66999996,1567062956656
tap2,120,276,756,351.67438,801.5825,0.48,1567062957708
tap2,201,897,1377,944.1258,1397.2722,0.51,1567062958699
tap2,242,345,66,373.65402,66.96512,0.59,1567062960140
tap2,347,966,687,998.07587,717.6262,0.61,1567062960947
tap2,338,966,66,1046.0315,104.945335,0.58,1567062963487
tap2,314,345,687,370.6568,748.6101,0.56,1567062964451
tap2,322,345,756,387.64108,755.60645,0.61,1567062965299
tap2,339,966,135,1001.07306,141.92607,0.63,1567062967046
tap2,348,966,756,1015.0601,794.5861,0.61,1567062967986
tap2,250,345,135,400.62906,166.91306,0.64,1567062969773
tap2,258,345,204,379.64847,239.87506,0.72999996,1567062970775
tap2,349,966,825,1004.0703,859.5523,0.59999996,1567062971776
tap2,340,966,204,943.1267,230.87975,0.58,1567062972818
tap2,326,345,825,435.59668,815.5752,0.55,1567062973604
tap2,330,345,894,369.6577,989.4846,0.63,1567062974391
tap2,341,966,273,976.0962,297.84488,0.63,1567062975403
tap2,266,345,273,391.6374,308.83914,0.71,1567062976353
tap2,350,966,894,1031.0453,912.5247,0.64,1567062977742
tap2,76,207,894,260.75854,907.5273,0.61,1567062978703
tap2,219,828,1515,872.19244,1552.1915,0.57,1567062979541
tap2,218,207,1515,244.77336,1531.2025,0.59,1567062980358
tap2,75,828,894,867.197,959.50024,0.61,1567062981196
tap2,220,276,1515,288.73267,1554.1904,0.63,1567062982105
tap2,111,897,894,962.1092,901.53046,0.68,1567062983586
tap2,112,276,894,305.71692,930.5153,0.58,1567062984465
tap2,221,897,1515,939.13043,1539.1982,0.44,1567062985680
tap2,225,690,1584,704.34784,1615.1587,0.63,1567062986590
tap2,48,69,963,122.886215,941.5096,0.45999998,1567062987479
tap2,47,690,963,792.2664,976.4914,0.52,1567062988286
tap2,224,69,1584,101.90564,1586.1738,0.55,1567062989123
tap2,165,621,66,645.4024,88.95367,0.81,1567062991228
tap2,247,414,1032,487.54858,1057.4492,0.68,1567062992127
tap2,143,621,1032,728.3256,1071.4419,0.65999997,1567062992904
tap2,246,414,66,444.58835,70.963036,0.7,1567062994985
tap2,15,759,963,771.2858,1022.46747,0.58,1567062995867
tap2,226,138,1584,169.84274,1615.1587,0.57,1567062996674
tap2,227,759,1584,785.2729,1581.1764,0.56,1567062997430
tap2,16,138,963,129.87975,1039.4586,0.53999996,1567062998482
tap2,72,207,963,215.80019,1002.47784,0.59999996,1567062999474
tap2,229,828,1584,814.2461,1626.153,0.7,1567063001047
tap2,71,828,963,881.1841,1013.4721,0.62,1567063001966
tap2,228,207,1584,199.81499,1633.1494,0.58,1567063002957
tap2,242,345,66,378.6494,84.95575,0.74,1567063004909
tap2,243,552,1032,606.4385,1096.429,0.71,1567063005828
tap2,244,345,1032,342.6827,1054.4508,0.68,1567063006564
tap2,245,552,66,582.4607,86.95471,0.82,1567063007800
tap2,148,0,963,27.974098,1006.47577,0.44,1567063008975
tap2,223,621,1584,670.3793,1619.1566,0.71999997,1567063010528
tap2,147,621,963,656.3922,1011.47314,0.58,1567063011314
tap2,222,0,1584,48.954674,1646.1426,0.61,1567063012908
tap2,252,345,1101,446.5865,1105.4242,0.59999996,1567063013746
tap2,344,966,480,1014.06104,508.73502,0.59,1567063014747
tap2,290,345,480,349.67624,499.73972,0.51,1567063015728
tap2,353,966,1101,1016.0592,1120.4164,0.5,1567063016627
tap2,345,966,549,1040.037,548.7142,0.53999996,1567063017700
tap2,260,345,1170,392.63644,1179.3857,0.57,1567063018569
tap2,354,966,1170,1043.0342,1199.3752,0.47,1567063019468
tap2,298,345,549,378.6494,578.6986,0.48999998,1567063020490
tap2,346,966,618,1000.07404,634.66943,0.53999996,1567063021440
tap2,268,345,1239,365.66144,1280.3331,0.55,1567063022380
tap2,355,966,1239,1009.0657,1280.3331,0.58,1567063023575
tap2,306,345,618,388.64014,630.6715,0.39999998,1567063024658
tap2,314,345,687,384.64386,716.6267,0.52,1567063025700
tap2,356,966,1308,1024.0518,1344.2998,0.55,1567063026569
tap2,347,966,687,1005.0694,721.62415,0.64,1567063027580
tap2,276,345,1308,386.642,1343.3003,0.59999996,1567063028510
tap2,257,483,1101,503.53375,1117.418,0.59,1567063029327
tap2,61,690,135,746.30896,174.90889,0.59,1567063030523
tap2,39,690,1101,747.30804,1180.3851,0.65,1567063031340
tap2,256,483,135,512.52545,136.92868,0.65999997,1567063032852
tap2,258,345,204,413.61703,245.87193,0.32999998,1567063034497
tap2,259,552,1170,614.4311,1223.3628,0.56,1567063035407
tap2,260,345,1170,424.60684,1282.332,0.61,1567063036265
tap2,261,552,204,594.4496,191.90005,0.64,1567063037777
tap2,157,621,204,638.4089,170.91098,0.66999996,1567063038789
tap2,263,414,1170,529.5097,1197.3763,0.62,1567063039637
tap2,262,414,204,438.5939,216.88704,0.65999997,1567063041016
tap2,135,621,1170,736.31824,1203.3732,0.65,1567063041895
tap2,244,345,1032,378.6494,1026.4653,0.5,1567063042804
tap2,361,966,1653,1004.0703,1669.1306,0.57,1567063043959
tap2,352,966,1032,1026.0499,1055.4503,0.51,1567063044705
tap2,316,345,1653,404.62534,1695.1171,0.62,1567063045553
tap2,282,345,411,375.65216,418.78186,0.58,1567063046749
tap2,283,552,1377,620.42554,1427.2566,0.59,1567063047750
tap2,284,345,1377,373.65402,1438.2509,0.58,1567063048894
tap2,285,552,411,579.46344,376.80374,0.63,1567063049794
tap2,145,621,411,704.34784,441.7699,0.65999997,1567063050672
tap2,287,414,1377,441.59113,1446.2467,0.29999998,1567063051725
tap2,193,621,1377,714.33856,1426.2571,0.47,1567063052726
tap2,286,414,411,472.56244,416.78293,0.65,1567063053748
tap2,288,483,411,537.5023,436.7725,0.57,1567063055025
tap2,195,690,1377,696.3552,1450.2446,0.71999997,1567063056047
tap2,289,483,1377,515.52264,1448.2457,0.69,1567063056885
tap2,45,690,411,661.38763,501.73868,0.38,1567063058100
tap2,31,690,1170,800.25903,1198.3759,0.61,1567063058949
tap2,264,483,204,535.50415,173.90942,0.78,1567063060573
tap2,57,690,204,725.3284,227.8813,0.74,1567063061483
tap2,265,483,1170,569.4727,1151.4003,0.66999996,1567063062484
tap2,300,345,1515,482.5532,1573.1805,0.7,1567063063404
tap2,350,966,894,1019.05646,913.5242,0.76,1567063064824
tap2,330,345,894,393.63553,907.5273,0.7,1567063065856
tap2,359,966,1515,1014.06104,1574.18,0.59999996,1567063066806
tap2,351,966,963,980.0925,1024.4664,0.65,1567063067889
tap2,308,345,1584,358.6679,1658.1364,0.64,1567063068727
tap2,360,966,1584,992.0814,1602.1655,0.65,1567063070362
tap2,334,345,963,379.64847,1004.4768,0.66999996,1567063071455
tap2,137,621,549,677.3728,593.6908,0.74,1567063072528
tap2,303,414,1515,474.5606,1563.1858,0.53,1567063073335
tap2,213,621,1515,682.36816,1586.1738,0.68,1567063074040
tap2,302,414,549,472.56244,556.71,0.48,1567063075225
tap2,254,414,135,438.5939,174.90889,0.48,1567063076226
tap2,329,552,825,609.4357,875.54395,0.66999996,1567063077095
tap2,253,552,135,618.42737,131.93129,0.62,1567063078178
tap2,328,414,825,454.5791,858.5528,0.53999996,1567063079036
tap2,334,345,963,383.64478,1050.4529,0.44,1567063079894
tap2,342,966,342,969.10266,357.81363,0.59,1567063080886
tap2,274,345,342,337.68732,406.78812,0.59999996,1567063081918
tap2,351,966,963,987.08606,993.48254,0.61,1567063082827
tap2,282,345,411,342.6827,380.80167,0.55,1567063083879
tap2,352,966,1032,967.10455,1062.4467,0.48999998,1567063084738
tap2,343,966,411,981.0916,446.7673,0.64,1567063085616
tap2,244,345,1032,382.6457,1126.4133,0.53,1567063086516
tap2,322,345,756,412.61795,787.5898,0.35,1567063087353
tap2,357,966,1377,1051.0269,1414.2634,0.42999998,1567063088191
tap2,348,966,756,1031.0453,749.60956,0.53,1567063089019
tap2,284,345,1377,406.6235,1455.2421,0.55,1567063089877
tap2,292,345,1446,418.6124,1495.2212,0.61,1567063090633
tap2,349,966,825,1053.025,870.5466,0.48,1567063091461
tap2,326,345,825,423.6078,837.5637,0.69,1567063092503
tap2,358,966,1446,965.1064,1484.2269,0.34,1567063093473
tap2,131,690,687,764.2923,691.6398,0.72999996,1567063094352
tap2,321,483,1653,506.531,1747.09,0.61,1567063095231
tap2,320,483,687,518.5199,717.6262,0.53,1567063096202
tap2,235,690,1653,709.3432,1669.1306,0.56,1567063097060
tap2,362,0,1722,64.93987,1795.0651,0.56,1567063098572
tap2,139,621,1101,607.43756,1112.4205,0.66999996,1567063099441
tap2,140,0,1101,44.958374,1152.3998,0.53999996,1567063100442
tap2,371,621,1722,679.371,1725.1014,0.59,1567063101270
tap2,39,690,1101,756.29974,1113.42,0.62,1567063102067
tap2,363,69,1722,152.85846,1749.089,0.56,1567063103671
tap2,372,690,1722,750.3053,1703.1129,0.38,1567063104601
tap2,40,69,1101,130.87881,1120.4164,0.48999998,1567063105551
tap2,136,0,1170,33.968548,1209.3701,0.48,1567063106542
tap2,386,621,1791,683.36725,1799.063,0.29,1567063107472
tap2,135,621,1170,647.4006,1191.3795,0.65,1567063108484
tap2,377,0,1791,94.91212,1823.0504,0.53,1567063109577
tap2,31,690,1170,751.3043,1222.3633,0.65,1567063110456
tap2,378,69,1791,160.85106,1808.0582,0.59999996,1567063112244
tap2,32,69,1170,95.911194,1224.3623,0.68,1567063113215
tap2,387,690,1791,711.3414,1850.0364,0.47,1567063114186
tap2,8,138,1101,220.79556,1102.4258,0.56,1567063115115
tap2,373,759,1722,843.21924,1796.0645,0.52,1567063116209
tap2,7,759,1101,874.19055,1187.3816,0.45999998,1567063116986
tap2,364,138,1722,199.81499,1736.0957,0.53,1567063117946
tap2,374,828,1722,949.1212,1715.1067,0.48,1567063118886
tap2,64,207,1101,240.77705,1177.3867,0.42999998,1567063120000
tap2,365,207,1722,222.79372,1780.0729,0.59999996,1567063121063
tap2,63,828,1101,894.17206,1134.4092,0.63,1567063121952
tap2,379,138,1791,149.86124,1833.0453,0.56,1567063122810
tap2,3,759,1170,825.2359,1219.3649,0.71,1567063123505
tap2,4,138,1170,132.87697,1180.3851,0.58,1567063124476
tap2,388,759,1791,787.27106,1787.0692,0.45999998,1567063125508
tap2,380,207,1791,251.76688,1826.0488,0.62,1567063126519
tap2,35,828,1170,874.19055,1184.383,0.72999996,1567063127378
tap2,389,828,1791,864.1998,1807.0588,0.32999998,1567063128686
tap2,36,207,1170,254.76411,1157.3972,0.68,1567063129698
tap2,100,276,1101,283.73727,1123.4149,0.56,1567063130781
tap2,375,897,1722,976.0962,1701.114,0.39,1567063131761
tap2,99,897,1101,933.136,1152.3998,0.69,1567063132640
tap2,366,276,1722,277.74283,1786.0697,0.52,1567063133785
tap2,368,414,1722,421.60962,1778.0739,0.45,1567063134612
tap2,159,621,756,619.42645,797.5846,0.65,1567063135644
tap2,371,621,1722,685.3654,1750.0885,0.58,1567063136574
tap2,324,414,756,419.61148,776.5955,0.71,1567063137882
tap2,96,276,1170,329.69473,1270.3384,0.5,1567063138883
tap2,390,897,1791,991.08234,1726.101,0.37,1567063139843
tap2,95,897,1170,940.1295,1227.3607,0.66999996,1567063140794
tap2,381,276,1791,339.6855,1798.0635,0.61,1567063141734
tap2,385,552,1791,575.46716,1853.0348,0.42999998,1567063142592
tap2,326,345,825,336.68826,828.5684,0.62,1567063143675
tap2,382,345,1791,420.61053,1816.0541,0.51,1567063144513
tap2,329,552,825,567.47455,863.55023,0.79999995,1567063145565
tap2,323,483,756,493.54303,815.5752,0.63,1567063146516
tap2,372,690,1722,755.30066,1770.078,0.52,1567063147323
tap2,59,690,756,698.3534,805.5804,0.68,1567063148345
tap2,369,483,1722,564.47736,1796.0645,0.53,1567063149479
tap2,353,966,1101,994.0796,1186.3821,0.53999996,1567063150623
tap2,367,345,1722,392.63644,1791.0671,0.59999996,1567063151431
tap2,252,345,1101,398.6309,1141.4055,0.59,1567063152391
tap2,376,966,1722,1011.06384,1682.1239,0.42,1567063153321
tap2,383,414,1791,437.59482,1840.0416,0.55,1567063154138
tap2,155,621,825,675.37463,897.53253,0.7,1567063155140
tap2,328,414,825,408.62164,862.5507,0.69,1567063156274
tap2,386,621,1791,660.38855,1828.0479,0.52,1567063157203
tap2,55,690,825,760.296,871.546,0.48999998,1567063158195
tap2,384,483,1791,516.5217,1822.051,0.38,1567063159135
tap2,327,483,825,471.56335,855.5544,0.63,1567063160095
tap2,387,690,1791,766.29047,1827.0483,0.34,1567063161066
drag1,2,387.64108,661.6554,0.82,3082.77561563.105625187673446
drag1,3,705.97375,922.20593,0.71999997,3641.35084686.30615225349476
drag1,4,687.3635,643.66473,1.35,2609.3767781.87228532819758
drag1,5,730.5217,1143.7014,1.06,1500.750769413.4186108348505
drag1,9,729.3247,1220.3644,0.96999997,694.002308420.91027064353864
drag1,2,382.6457,618.67773,1.09,2869.79384674.14059187656724
drag1,3,659.38947,908.42017,1.05,2856.04092383.30124136778663
drag1,4,689.3617,686.64233,1.01,3696.468384999999762.858514851501994
drag1,5,386.642,908.5268,1.17,3908.04446276.29056282824772
drag1,9,374.6531,819.5731,1.37,4501.205691999999585.93810684393527
drag1,17,623.7437,1085.3986,0.78999996,5268.19723182.87870149060785
drag1,16,413.46365,1045.6876,1.12,3482.144923115.70489187170152
drag1,7,653.395,805.5804,1.17,3378.48723182.97500719492233
drag1,4,696.3552,681.64496,1.24,2776.99207771.70473201125164
drag1,10,379.64847,370.80685,1.14,6229.15369281.65366103010528
drag1,2,392.63644,651.6606,0.91999996,3131.43369376.43774666672314
drag1,11,696.3552,623.6752,0.9,1041.930539202.67900394882932
drag1,4,687.5524,666.6528,0.96999997,1787.5352383.01147728387585
drag1,18,369.6577,1194.3779,0.74,2087.87723154.623409086581376
drag1,2,348.2472,1260.0588,0.65999997,421.75046199999997597.3056578802638
drag1,19,655.3932,1198.3759,0.93,3170.662153999999676.94923037215143
drag1,13,663.88525,236.87662,0.78999996,4036.984307999999687.62869937576787
drag1,6,386.82224,483.56775,0.65,2224.33676970.70612769774927
drag1,12,438.5939,251.8688,1.01,2086.69530770.67476823911402
drag1,8,691.35986,473.75323,1.36,3895.999615999999689.18410041742206
drag1,19,631.41534,1221.3639,0.96,3549.39046273.35600971926611
drag1,22,387.64108,1505.216,1.15,3788.935538999999690.39921790635476
drag1,18,394.6346,1253.3472,0.79999995,1942.62623165.75520521354747
drag1,23,682.36816,1446.2467,1.0,3499.819231109.36655425850581
drag1,14,415.61517,107.94378,1.1,4180.26246268.23791900364427
drag1,11,650.39777,290.8485,0.83,3825.212001113.15258550004498
drag1,10,414.6161,298.84433,0.96,4278.916154112.34903963774988
drag1,15,645.4024,40.978657,0.96999997,6125.000693125.81470734978988
drag1,17,705.2793,1064.6484,0.93,3260.57361587.37126006244328
drag1,20,421.60962,1354.2946,1.1,3991.72484782.88601401534754
drag1,21,685.3654,1364.2894,0.94,3398.96561671.63628325061372
drag1,16,371.65588,1108.4227,0.94,2788.40569283.83965248778277
drag1,24,270.96594,59.968765,0.91999996,3091.678615103.4947192530772
drag1,26,494.54208,335.82507,0.89,3080.30884693.14143392640831
drag1,27,237.77983,352.81622,0.94,2780.006153999999783.0023226893133
drag1,25,560.481,80.95783,1.09,2612.319768999999785.00798597002132
drag1,66,811.24884,1471.2336,1.05,4930.30623175.76009220583569
drag1,41,554.4866,1252.3477,0.90999997,2564.99577.93146537617078
drag1,42,534.50507,1504.1063,1.0799999,2464.319537999999786.27376479519273
drag1,65,816.2442,1231.3271,0.90999997,3672.471076999999783.9821563219163
drag1,36,226.79001,805.5804,0.96,3325.679460999999794.31660231273955
drag1,38,798.26086,469.7553,0.19,4170.913154763.2770545584129
drag1,39,262.7567,1085.4347,0.84999996,3621.89407788.34825860613537
drag1,37,537.5023,814.57574,0.84,3205.66407874.46162096410711
drag1,16,390.41443,1071.5455,0.97999996,2949.77284685.98031125265027
drag1,56,111.89639,1357.2931,0.84999996,2886.595000999999767.63290269013974
drag1,20,391.6374,1356.2936,0.81,2144.44507774.01319387545554
drag1,53,95.911194,1067.444,0.9,1604.85946277.84671979143576
drag1,59,815.2451,231.87923,0.95,3788.46984789.46786417144442
drag1,30,547.49304,491.74387,1.27,2476.57961571.12691254136963
drag1,29,571.4709,263.86258,1.12,2408.04084680.43433104501894
drag1,60,828.2331,449.76575,0.85999995,3828.510077110.53096683911892
drag1,33,547.49304,634.66943,1.05,2761.64561596.16348737628293
drag1,62,800.25903,885.53876,0.85999995,2567.42961584.2047594005474
drag1,61,834.2276,659.65643,0.87,2989.86253867.89083918879537
drag1,34,503.53375,913.5242,1.05,3814.151845999999878.17861926865798
drag1,6,406.6235,536.72046,0.96999997,2575.34030880.17966910597431
drag1,48,85.92044,237.8761,0.95,4221.02507882.08911141106455
drag1,12,357.66882,208.8912,1.13,2085.24146277.7869649472518
drag1,49,97.90935,453.1228,1.0699999,3255.50530876.790029961341
drag1,51,36.965775,925.51794,0.62,4174.24730894.40837380413882
drag1,2,411.61887,646.6632,1.1,3419.60130873.76196622678209
drag1,5,421.60962,942.5091,0.96999997,2510.83892360.13078474755324
drag1,50,74.93062,656.65796,0.78999996,2147.09338588.59168834983996
drag1,37,476.55875,809.5783,1.01,4204.65330872.55890874332222
drag1,64,789.2692,1095.4294,0.91999996,3948.527307999999775.1346324726206
drag1,38,539.5005,1057.4492,0.83,1963.438614999999889.14302548321977
drag1,63,824.2368,809.5783,0.96,2658.58969281.86476985570262
drag1,29,535.50415,255.51042,0.94,2833.00015468.23269900006109
drag1,31,229.97615,478.53436,1.28,4091.33207785.32475669476085
drag1,28,224.29231,239.87506,1.18,2982.855076999999787.33246382044833
drag1,30,479.55597,424.77875,1.5,2872.9542309999997108.23221915704157
drag1,42,527.5116,1494.2217,1.14,2653.24976985.59601240488463
drag1,40,225.79094,1242.7572,0.78,1737.37815480.42406369173152
drag1,41,478.5569,1239.3545,0.75,1676.27438574.97233902208657
drag1,43,241.77614,1557.5454,0.85999995,2238.46515476.79145400382244
drag1,45,236.78076,1386.2407,0.82,1664.54946279.95131804199208
drag1,82,518.5199,1695.1171,0.65999997,4415.09592466.22793498669655
drag1,80,226.29047,1675.6272,0.71999997,4323.94938598.52134255095649
drag1,44,837.2248,784.7898,0.22,5283.585846999999764.6626492698418
drag1,57,812.2479,55.970848,0.81,6555.552385110.88851573896801
drag1,26,545.49493,328.82874,1.25,8070.39953999.3645046311934
drag1,58,802.2572,337.82404,1.03,7917.26869384.02542137907912
drag1,25,517.5208,81.95731,1.17,5349.702999999999583.81556120998252
drag1,64,821.2396,1092.431,0.97999996,6648.23353979.9534295318392
drag1,44,540.4995,1364.2894,0.91999996,5900.38123099999984.8878618383653
drag1,38,561.4801,1054.4508,1.01,5298.22569286.95859298599126
drag1,67,872.19244,1382.28,0.94,5971.54023170.47445606024928
drag1,9,396.63275,803.5814,0.90999997,3979.14407784.91343088344617
drag1,53,95.911194,1111.4211,0.85999995,3204.786691999999757.195664831886525
drag1,16,368.65866,1108.4146,0.93,2984.07707766.13888346628185
drag1,52,104.90287,813.57623,0.77,2192.21330868.50777781671566
drag1,74,950.398,827.569,0.93,4722.17676959.72576587524963
drag1,17,658.3904,1059.4481,0.82,7112.475077999999587.4423358505908
drag1,75,959.9072,1098.02,0.71,4574.97253899999969.78921701641991
drag1,7,697.3543,793.5867,0.88,4655.54438585.86966341671452
drag1,70,985.0879,179.9063,1.04,5175.62261680.71471391536343
drag1,8,662.06616,446.8801,1.26,4814.599615999999591.04519964648563
drag1,13,709.55206,199.478,1.17,3831.62407785.84503129343913
drag1,71,937.13226,465.75742,1.05,4181.73738499.41021017639598
drag1,78,957.1138,1388.2769,0.89,3683.50176971.87715298208757
drag1,83,673.3765,1669.1306,0.77,2646.23830870.16948214418194
drag1,21,700.3515,1378.2821,0.72999996,2916.280923999999776.75476474108095
drag1,85,951.1193,1680.1249,0.64,3388.35359.21383771492203
drag1,19,667.3821,1205.3722,0.89,2657.166230999999779.02667837198466
drag1,77,961.1101,1510.2134,0.7,4621.03615399999963.12781642931217
drag1,76,1001.07306,1253.3472,0.69,3323.94169276.34082787086847
drag1,23,707.34503,1465.2368,0.83,3501.2197.64561747309118
drag1,15,683.36725,71.68008,1.25,5698.66015482.50620321250517
drag1,69,1026.0499,329.82822,0.90999997,5847.24269391.76434325057507
drag1,11,701.3506,359.8126,1.43,3483.02176981.99939602850436
drag1,68,997.0768,81.95731,1.1999999,3665.39538470.17719621716579
drag1,21,609.4357,1353.2952,1.0699999,5554.23276980.77090532826091
drag1,75,1001.07306,1107.4232,0.93,6054.61523286.33473200834942
drag1,17,704.94696,1061.8473,0.77,4647.931308109.095851335299
drag1,78,951.1193,1402.2697,0.87,5432.95199999999957.42987201359661
drag1,54,94.91212,1209.3701,0.95,6891.99461596.77301009441639
drag1,22,366.6605,1525.2056,0.83,10020.0797766.15389521075147
drag1,18,416.61426,1188.381,0.69,10754.51415499999981.03043564208123
drag1,55,112.89547,1504.2166,0.64,4373.80923166.37140694255679
drag1,67,814.2461,1375.2837,0.65999997,10103.50730882.88500011892826
drag1,82,539.5005,1662.1343,0.75,6204.767538999999572.61411579034106
drag1,84,769.2877,1689.1202,0.96,7508.32523167.535816770019
drag1,44,543.49677,1382.28,0.68,9677.39869370.13685551255314
drag1,38,542.0285,1106.9539,0.79999995,4623.26838499999970.58660519080404
drag1,45,263.7558,1342.3009,1.09,5147.73799999999973.47460737339681
drag1,44,540.4995,1356.2936,0.91999996,3166.697077999999785.15314836803091
drag1,39,243.77429,1086.4341,0.91999996,4484.71481.59862346852961
drag1,56,100.90657,1369.2867,0.82,3341.29830869.29190796738361
drag1,81,341.68362,1640.1458,0.71,5233.97007781.19557865320552
drag1,20,399.62997,1398.2717,0.78,2246.21979.04509645397961
drag1,79,100.90656,1672.1292,0.82,3566.14746270.24984725134527
drag1,33,534.50507,659.65643,1.0799999,5243.04215477.80892121636751
drag1,35,253.76503,954.50287,1.05,2709.20353982.24914976423432
drag1,34,505.53192,940.51013,0.83,1788.832999999999971.02420330077966
drag1,32,254.76411,655.6585,0.69,1360.187999999999987.29980728376347
drag1,9,381.64664,790.5882,0.90999997,2465.14346282.7595077985849
drag1,8,706.346,523.72723,0.83,3646.07330877.86652536200154
drag1,6,377.65033,549.7137,0.81,3806.53369380.24150403899951
drag1,7,697.3543,818.57367,0.9,3398.03284671.48796091781263
drag1,14,409.1212,108.94325,1.02,2465.32146283.09950110751701
drag1,47,107.90009,364.81,0.95,3029.763153999999861.869188236574786
drag1,46,125.88344,70.963036,0.96999997,3063.353307999999766.89866348708118
drag1,10,377.65033,341.82196,0.79999995,2733.259307999999783.12499236098098
drag1,4,677.3728,633.6699,1.1899999,3336.35968.17864815874985
drag1,73,953.1175,926.5174,0.69,4501.97684694.60390181907292
drag1,72,968.07526,642.2081,1.05,2975.279076999999779.30586206147706
drag1,3,651.39685,945.5075,0.66999996,2764.297076999999780.11894230469203
scale1,27,-16.481518,4903.784307999999
scale1,46,-22.406479,4026.8390769999996
scale1,26,-18.650082,2300.896692
scale1,4,-9.653584,1738.0783079999999
scale1,43,-20.882538,2423.669
scale1,25,-27.395817,2922.750462
scale1,42,-14.189838,3096.3433849999997
scale1,23,-15.048677,1308.933077
scale1,5,-37.611572,1555.220077
scale1,24,-31.145811,3701.040615
scale1,19,-10.924667,3228.677616
scale1,2,-11.611467,2539.020461
scale1,44,51.58929,1460.8536159999999
scale1,65,-18.873465,3047.2761539999997
scale1,45,-24.03697,3476.171308
scale1,28,-13.666855,3315.1730009999997
scale1,13,-28.394285,5417.728693
scale1,56,-16.640081,1389.643077
scale1,40,-16.640081,21.596999999999998
scale1,41,-1.4968014,3966.208077
scale1,6,-8.967487,1502.589847
scale1,51,18.348919,1178.814615
scale1,36,-27.912346,3360.216615
scale1,21,-22.017374,3412.9973849999997
scale1,8,0.30493927,1431.849769
scale1,57,-10.812401,4405.665923
scale1,39,-29.299232,1512.675769
scale1,9,-7.349819,2913.478154
scale1,58,-7.2954884,2421.821231
scale1,47,-18.56032,2656.234308
scale1,1,-71.1409,3954.3449229999997
scale1,35,-71.1409,7.561538
scale1,3,-133.9352,805.2500769999999
scale1,17,-17.822365,1381.094154
scale1,27,-9.422167,2341.7091539999997
scale1,46,-15.4951515,2262.0205379999998
scale1,26,-15.4951515,51.547308
scale1,4,-142.67186,938.076615
scale1,27,-6.347145,3906.791385
scale1,46,-12.188507,2830.507769
scale1,26,-12.152493,1678.991616
scale1,4,-13.441978,1831.300616
scale1,43,-24.683619,2016.229308
scale1,25,-16.335949,2403.393
scale1,42,-8.361557,2330.061077
scale1,23,-8.021393,4598.477615
scale1,5,-8.021393,3196.984077
scale1,24,-6.3693066,3292.3631539999997
scale1,19,-10.3030815,1572.570769
scale1,2,-10.3030815,989.864462
scale1,44,3.7294464,1473.9234609999999
scale1,65,-19.837206,2086.359077
scale1,45,-5.084936,2411.417693
scale1,28,-11.658039,1890.648231
scale1,13,-10.052095,2799.9211539999997
scale1,56,-2.1695423,2227.265615
scale1,40,-7.2999,1971.962769
scale1,41,-9.867868,2310.6856159999998
scale1,6,-17.254148,3443.834077
scale1,51,-10.283701,1634.663307
scale1,36,-22.960087,2162.1262309999997
scale1,21,38.582474,2411.5236919999998
scale1,8,1.0313759,2791.2556919999997
scale1,57,-14.676052,1524.000077
scale1,39,-3.1451283,2995.105769
scale1,9,-7.7901134,2086.233154
scale1,58,-23.77608,3372.3843079999997
scale1,47,-11.9746,2484.9406919999997
scale1,1,-44.054764,2780.728385
scale1,35,-16.658415,3811.404693
scale1,3,-2.7842789,3341.031539
scale1,17,-8.409142,2904.632385
scale1,53,-1.2959404,2534.5641539999997
scale1,34,-13.985064,2574.50677
scale1,18,-6.837324,2034.768769
scale1,50,-7.7835903,1544.073539
scale1,62,1.3921738,2699.957308
scale1,66,-0.7234669,2433.859231
scale1,20,-6.305809,2727.684847
scale1,37,-4.3300896,2359.950539
scale1,32,-15.879364,1597.207461
scale1,31,-5.8746986,1729.124077
scale1,49,3.86911,1768.005154
scale1,7,-13.1042,1528.639539
scale1,15,-13.1042,14.287692
scale1,10,-3.624836,3053.104462
scale1,60,-11.115984,2466.155154
scale1,63,-9.656193,3014.939769
scale1,59,-17.18502,2871.130077
scale1,55,-3.7078514,1470.6517689999998
scale1,14,-11.028385,3076.8465389999997
scale1,12,-6.2241497,2330.119538
scale1,54,-10.689457,1473.3822309999998
scale1,52,26.538815,1187.3438469999999
scale1,48,-7.664749,3495.9636929999997
scale1,30,-24.184015,2721.518462
scale1,16,-20.758942,2419.521923
scale1,11,-16.126677,2553.752
scale1,61,3.085785,2475.0229999999997
scale1,38,-5.010229,3310.170769
scale1,29,-7.8074684,2380.593
scale1,64,-8.232468,3238.06677
scale1,22,1.0208702,2344.403308
scale1,33,-12.262785,3452.2273849999997
scale2,25,-10.112343,5509.325154
scale2,9,-10.792751,5261.391001
scale2,28,-90.51409,4106.032539
scale2,10,-13.91577,6220.811
scale2,29,-8.098812,8147.030846
scale2,12,-9.6868515,5715.898078
scale2,30,2.5458355,6713.667230999999
scale2,13,-14.609207,7949.052769999999
scale2,32,0.06653023,4046.893846
scale2,15,-16.231739,6947.018153999999
scale2,34,-6.075588,4750.039231
scale2,17,-10.071304,4713.105154
scale2,1,-3.4916096,4404.113923
scale2,20,-5.9055805,6001.420924
scale2,3,-7.895256,3239.015231
scale2,24,1.2680397,2832.271154
scale2,16,-3.3757324,7422.932924
scale2,2,-8.838261,3995.865
scale2,23,-5.9198685,6836.4141549999995
scale2,7,-18.496347,7175.9896929999995
scale2,11,-5.9240856,3904.8269229999996
scale2,14,-8.9873085,6244.46477
scale2,26,-2.0666542,6744.368077
scale2,35,-8.747623,3566.042923
scale2,21,-12.389666,8759.372384999999
scale2,22,-5.0361557,5806.527462
scale2,27,-16.81339,5612.243692999999
scale2,36,-9.829794,5856.364308
scale2,31,-14.234636,4024.060692
scale2,19,-300.24258,1504.881539
scale2,4,-300.24258,856.342
scale2,8,-68.7599,6150.436154
scale2,5,-12.400177,4322.9561539999995
scale2,33,-7.8093395,5272.675462
scale2,18,-13.39813,3576.762461
scale2,6,-8.561314,5805.027308
rotate1,9,0.73850155,2626.880462
rotate1,4,0.82770157,3958.0500009999996
rotate1,13,2.6195507,1906.6794619999998
rotate1,6,2.5754833,3433.9403079999997
rotate1,15,0.8394356,3394.5772309999998
rotate1,2,0.70910454,2272.6001539999997
rotate1,10,0.71397877,2251.006769
rotate1,5,2.5541325,2881.2519239999997
rotate1,14,-1.250844,1635.777692
rotate1,8,-0.9134741,2311.148539
rotate1,11,0.7859812,2954.008539
rotate1,7,1.1595612,7018.458769
rotate1,1,0.73031235,3096.476308
rotate1,12,2.0164528,2880.6440009999997
rotate1,3,2.7866287,5428.0416159999995
rotate2,2,2.7512665,6395.99177
rotate2,13,1.5352631,5752.843231
rotate2,8,1.2753677,4239.046846
rotate2,3,0.8667908,5395.350461999999
rotate2,7,1.4409103,11085.891924
rotate2,12,3.778389,3848.892078
rotate2,1,1.7961502,5334.014846
rotate2,11,-0.8862686,5312.378385
rotate2,6,-3.9579391,3994.555384
rotate2,10,-1.3952713,3660.857154
rotate2,5,-1.6543808,4413.961077
rotate2,15,-1.3986969,3162.378692
rotate2,9,-1.6822052,2495.494924
rotate2,4,2.6876144,4729.840999999999
rotate2,14,1.9115143,3412.019077
