scale2,25,40.596344,4571.452308
scale2,9,173.85582,2969.167384
scale2,28,12.693867,2877.163923
scale2,10,68.75197,3122.727308
scale2,29,38.061897,3175.585001
scale2,12,68.96403,3949.491462
scale2,30,30.659672,2989.634923
scale2,13,304.9506,2958.710231
scale2,32,69.82376,2704.624154
scale2,15,51.567158,3010.9874609999997
scale2,34,55.787766,2703.019461
scale2,17,266.18826,2062.045538
scale2,1,-18.477276,3306.901462
scale2,20,55.266853,3234.334231
scale2,3,213.6574,2429.607692
scale2,24,311.0868,2062.113769
scale2,16,25.71302,3786.0304619999997
scale2,2,178.30806,2216.955231
scale2,23,578.7947,2153.029154
scale2,7,31.271284,2612.724154
scale2,11,63.986973,2701.729077
scale2,14,173.85709,2224.5823849999997
scale2,26,130.89197,2123.1477689999997
scale2,35,254.92746,1867.828847
scale2,21,21.000515,3830.812692
scale2,22,115.43492,2522.956769
scale2,27,1.4559231,2941.886539
scale2,36,83.35614,1745.115846
scale2,31,33.400124,2520.12
scale2,19,5.123268,2216.289769
scale2,4,110.04314,2235.0809999999997
scale2,8,50.93169,2582.777769
scale2,5,-14.259939,2501.931616
scale2,33,312.97372,2164.7766149999998
scale2,18,346.52878,1765.471846
scale2,6,346.8718,1664.042692
scale1,27,8.381435,1378.3142309999998
scale1,46,-0.03062439,3147.162308
scale1,26,3.7515907,2124.603385
scale1,4,84.56146,1247.1916159999998
scale1,43,-1.7069321,2258.145923
scale1,25,-4.5497303,1724.508693
scale1,42,-10.968647,1674.963231
scale1,23,6.6464195,1235.934384
scale1,5,-1.2185211,1146.722385
scale1,24,-12.012228,1702.668308
scale1,19,-1.7795963,2206.819692
scale1,2,7.795349,1492.711846
scale1,44,-0.383543,1906.9721539999998
scale1,65,3.2683296,1735.423769
scale1,45,132.61418,856.672615
scale1,28,4.4383736,1408.5539999999999
scale1,13,14.6754,1361.898923
scale1,56,13.795155,1217.653
scale1,40,26.518147,907.7500769999999
scale1,41,2.3785057,1419.3931539999999
scale1,6,6.0830956,1125.297693
scale1,51,15.779972,1177.770693
scale1,36,175.78358,1601.281692
scale1,21,17.617641,1043.479539
scale1,8,5.113243,1390.241077
scale1,57,-6.357582,1151.257769
scale1,39,-6.115179,1376.261923
scale1,9,-12.052826,1247.249539
scale1,58,5.690403,1480.443769
scale1,47,14.177788,972.090616
scale1,1,42.39964,1722.8443069999998
scale1,35,14.366341,1667.499615
scale1,3,2.4615211,1216.338
scale1,17,5.7478065,1411.047077
scale1,53,18.465134,1350.647154
scale1,34,-6.4405804,1196.0698459999999
scale1,18,20.858368,775.93823
scale1,50,-2.711958,1447.034385
scale1,62,-4.9540443,1564.362539
scale1,66,-4.5398083,1073.730539
scale1,20,15.894642,818.262154
scale1,37,-3.578041,1253.283385
scale1,32,55.77206,753.2674609999999
scale1,31,45.27126,754.205154
scale1,49,-6.782255,1171.561539
scale1,7,-2.9737415,1329.159077
scale1,15,17.145092,919.776077
scale1,10,15.519012,866.467308
scale1,60,6.179123,977.8376149999999
scale1,63,0.010059357,1164.67577
scale1,59,3.4326782,1541.550461
scale1,55,-1.8898716,1380.225231
scale1,14,-1.8768082,2319.738231
scale1,12,12.951645,1113.415769
scale1,54,-9.9034195,2203.3384619999997
scale1,52,59.40874,664.604616
scale1,48,-8.684486,2643.450231
scale1,30,-2.817255,1757.0826929999998
scale1,16,-3.4820824,2510.194001
scale1,11,-10.188206,1234.4889229999999
scale1,61,5.185684,2400.902231
scale1,38,-5.4085007,1489.969846
scale1,29,-11.337805,2238.131077
scale1,64,-12.163376,2308.188231
scale1,22,-6.5407963,1258.334308
scale1,33,-3.1999397,1398.9250769999999
rotate2,2,2.8245163,6197.923307999999
rotate2,13,2.8245163,961.688231
rotate2,8,-66.30434,222.679923
rotate2,2,-1.2165909,1048.9335389999999
rotate2,13,-9.879288,1852.161923
rotate2,2,18.93982,4074.569001
rotate2,13,4.5104446,3003.641
rotate2,8,-1.0932312,3940.466462
rotate2,3,7.6388016,4860.091692
rotate2,7,1.9645691,3348.207846
rotate2,12,2.0870132,2737.175539
rotate2,1,6.61602,4309.657231
rotate2,11,0.986145,4237.176154
rotate2,6,6.114174,6139.622616
rotate2,10,0.12174225,3859.672769
rotate2,5,1.3823624,3718.216693
rotate2,15,16.40445,3552.7647699999998
rotate2,9,7.1056366,4852.865847
rotate2,4,-5.3450394,3544.1509229999997
scale1,33,-3.1999397,325.975693
rotate2,2,4.8756866,6523.174384999999
rotate2,13,-79.20569,5444.205539
rotate2,8,-79.20569,32.729307999999996
rotate2,2,5.1640167,1215.779
rotate2,13,-2.9456635,1338.451846
rotate2,2,-1.7350845,4933.07177
rotate2,13,-82.42016,6524.511847
rotate2,2,6.5041504,4043.880769
rotate2,13,6.5041504,338.674
rotate2,8,6.5041504,90.154923
rotate2,3,6.5041504,49.031307999999996
rotate2,7,-75.99309,592.005461
rotate2,2,1.5770187,1213.0980769999999
rotate2,13,3.9537888,1368.847462
rotate2,8,0.49165344,807.308308
rotate2,3,3.5830994,804.1258459999999
rotate2,7,2.2218475,783.732231
rotate2,12,-0.43476105,824.5543849999999
rotate2,1,3.746727,1029.269693
rotate2,11,-2.673706,915.9921539999999
rotate2,6,-4.84993,835.680846
rotate2,10,-6.1777267,1055.277
rotate2,2,-0.64546967,3592.65577
rotate2,13,-80.60158,5573.909924
rotate2,2,-0.97148895,1204.988231
rotate2,13,5.6505203,2583.672846
rotate2,8,-2.1079636,3138.142308
rotate2,2,-3.970169,1223.646154
rotate2,13,3.7546844,1972.077538
rotate2,2,3.3315887,4268.488462
rotate2,13,-4.155159,5279.848539
rotate2,8,-0.02130127,2777.847539
rotate2,3,6.9828415,3208.237231
rotate2,7,-0.6838074,3228.809308
rotate2,12,-12.295841,4686.993692999999
rotate2,1,-41.66124,3195.8369239999997
rotate2,2,-2.3063507,3020.2903079999996
rotate2,13,-1.030098,4046.0336159999997
rotate2,8,-1.9773178,2778.503077
rotate2,3,-0.72859955,2826.989001
rotate2,7,2.009346,3462.8056159999996
rotate2,12,1.2350388,2655.019308
rotate2,1,-1.804245,2910.495615
rotate2,11,-0.38030243,2962.243615
rotate2,6,1.0865707,3083.097385
rotate2,10,-2.5770721,2441.778308
rotate2,5,1.3316956,2574.188231
rotate2,15,3.4875107,2134.797693
rotate2,9,-1.7601471,2196.153231
rotate2,4,1.2019577,2662.699847
rotate2,14,11.76358,2582.686539
tap2,6,138,480,176.83626,544.7163,0.65,1567409488711
tap2,7,759,1101,808.25165,1120.4164,0.32,1567409489744
tap2,8,138,1101,146.86401,1129.4117,0.37,1567409490744
tap2,9,759,480,776.28125,486.74646,0.5,1567409491663
tap2,164,0,687,68.93617,719.6252,0.39999998,1567409492745
tap2,183,621,1308,666.383,1349.2972,0.34,1567409493920
tap2,182,0,1308,41.961147,1297.3242,0.29,1567409494920
tap2,163,621,687,677.3728,726.6215,0.53999996,1567409495839
tap2,242,345,66,395.63367,92.951584,0.59,1567409497197
tap2,243,552,1032,586.457,1032.4623,0.39,1567409498198
tap2,244,345,1032,432.59946,1044.4559,0.45,1567409499086
tap2,245,552,66,599.44495,87.954185,0.55,1567409500148
tap2,42,69,411,136.87326,448.76627,0.58,1567409501506
tap2,43,690,1032,737.3173,1051.4524,0.32999998,1567409502456
tap2,45,690,411,706.346,443.76886,0.45999998,1567409503344
tap2,44,69,1032,109.89824,1055.4503,0.37,1567409504243
tap2,322,345,756,368.65866,788.58923,0.45999998,1567409505213
tap2,321,483,1653,528.5106,1668.1311,0.22999999,1567409506325
tap2,316,345,1653,385.6429,1659.1359,0.29999998,1567409507255
tap2,323,483,756,535.50415,792.58716,0.42,1567409508235
tap2,2,138,549,162.84921,585.69495,0.52,1567409509205
tap2,3,759,1170,812.2479,1187.3816,0.25,1567409510174
tap2,4,138,1170,175.83719,1183.3837,0.35,1567409511175
tap2,5,759,549,836.2257,587.6939,0.39999998,1567409512155
tap2,11,759,1032,797.2618,1066.4446,0.29999998,1567409513309
tap2,10,138,411,190.82332,409.78656,0.45999998,1567409514411
tap2,12,138,1032,202.81221,1050.4529,0.32999998,1567409515392
tap2,13,759,411,804.2553,455.7626,0.42999998,1567409516402
tap2,15,759,963,814.2461,981.4888,0.38,1567409517331
tap2,14,138,342,218.79741,353.8157,0.57,1567409518526
tap2,17,759,342,813.247,364.81,0.42999998,1567409519628
tap2,16,138,963,194.81961,947.5065,0.45999998,1567409520660
tap2,122,207,66,277.74283,91.9521,0.51,1567409521905
tap2,123,828,687,882.18317,713.6283,0.35,1567409522906
tap2,124,207,687,264.75485,693.63873,0.44,1567409523763
tap2,125,828,66,895.17114,112.94118,0.38,1567409525162
tap2,135,621,1170,696.3552,1181.3846,0.34,1567409526142
tap2,134,0,549,68.93617,559.7085,0.48,1567409527184
tap2,136,0,1170,57.946346,1145.4034,0.28,1567409528327
tap2,137,621,549,658.3904,509.7345,0.39,1567409529205
tap2,130,69,66,171.84088,114.94013,0.34,1567409530829
tap2,131,690,687,770.2868,702.63403,0.35999998,1567409532033
tap2,133,690,66,787.27106,115.93961,0.55,1567409533085
tap2,132,69,687,157.85384,711.62933,0.35999998,1567409534290
tap2,127,759,687,810.24976,731.61896,0.42999998,1567409535311
tap2,126,138,66,326.6975,102.94638,0.31,1567409537461
tap2,128,138,687,172.83997,92.951584,0.58,1567409537750
tap2,129,759,66,833.2285,120.93701,0.42999998,1567409539129
tap2,18,138,273,208.80666,286.8506,0.35,1567409540262
tap2,19,759,894,831.23035,936.5122,0.17,1567409541405
tap2,20,138,894,205.80943,914.5237,0.29,1567409542334
tap2,21,759,273,783.2748,274.85684,0.42,1567409543406
tap2,35,828,1170,892.1739,1191.3795,0.19,1567409544345
tap2,34,207,549,281.73914,563.70636,0.32,1567409545295
tap2,36,207,1170,281.73914,1186.3821,0.26999998,1567409546346
tap2,37,828,549,888.1776,558.709,0.39,1567409547347
tap2,26,138,135,206.80852,152.92035,0.39999998,1567409548501
tap2,27,759,756,793.2655,777.595,0.35999998,1567409549481
tap2,28,138,756,187.82608,772.5976,0.38,1567409550379
tap2,29,759,135,773.284,143.92503,0.45999998,1567409551461
tap2,43,690,1032,746.30896,1072.4414,0.22999999,1567409552482
tap2,42,69,411,176.83626,430.77563,0.45,1567409553585
tap2,45,690,411,748.3071,430.77563,0.39,1567409554636
tap2,44,69,1032,127.88159,1041.4575,0.32,1567409555637
tap2,24,138,825,208.80666,847.55853,0.37,1567409556566
tap2,25,759,204,816.2442,220.88495,0.39999998,1567409557760
tap2,22,138,204,206.80852,238.87558,0.45,1567409558863
tap2,23,759,825,816.2442,863.55023,0.26999998,1567409559853
tap2,38,69,480,142.86772,485.747,0.42,1567409560792
tap2,39,690,1101,719.334,1130.4113,0.26,1567409561711
tap2,40,69,1101,121.887146,1116.4185,0.19999999,1567409562620
tap2,41,690,480,724.32935,510.73398,0.29999998,1567409563610
tap2,33,690,549,760.296,572.7017,0.35,1567409564375
tap2,32,69,1170,115.89269,1182.3842,0.26,1567409565335
tap2,30,69,549,149.86124,584.69543,0.37,1567409566407
tap2,31,690,1170,751.3043,1198.3759,0.17,1567409567356
tap2,46,69,342,145.86494,355.81467,0.35,1567409568285
tap2,47,690,963,792.2664,990.4841,0.19999999,1567409569204
tap2,48,69,963,121.887146,1002.47784,0.29,1567409570061
tap2,49,690,342,735.31915,387.798,0.39999998,1567409571113
tap2,108,276,963,341.68362,986.4862,0.34,1567409572073
tap2,231,897,1584,902.1647,1595.1692,0.17,1567409573073
tap2,230,276,1584,327.6966,1598.1676,0.26,1567409574747
tap2,107,897,963,915.15265,1018.46954,0.17,1567409575952
tap2,143,621,1032,683.36725,1034.4612,0.28,1567409576810
tap2,232,0,1653,98.90842,1658.1364,0.22,1567409577902
tap2,233,621,1653,691.35986,1685.1223,0.22,1567409578984
tap2,144,0,1032,53.950047,1035.4607,0.31,1567409580076
tap2,44,69,1032,136.87326,1038.4591,0.35,1567409581056
tap2,235,690,1653,763.2933,1683.1233,0.31,1567409582149
tap2,43,690,1032,734.32007,1066.4446,0.28,1567409583077
tap2,234,69,1653,142.86772,1646.1426,0.32,1567409584802
tap2,12,138,1032,221.79463,1052.4518,0.28,1567409585772
tap2,237,759,1653,815.2451,1685.1223,0.31,1567409586854
tap2,11,759,1032,816.2442,1057.4492,0.29999998,1567409587835
tap2,236,138,1653,210.80481,1684.1228,0.52,1567409589621
tap2,238,207,1653,278.7419,1616.1582,0.31,1567409590580
tap2,67,828,1032,894.17206,1051.4524,0.31,1567409591693
tap2,68,207,1032,276.74374,1084.4352,0.38,1567409592775
tap2,239,828,1653,897.1693,1662.1343,0.32999998,1567409594735
tap2,104,276,1032,315.70767,1086.4341,0.35,1567409595857
tap2,241,897,1653,995.0786,1668.1311,0.16,1567409596950
tap2,240,276,1653,351.67438,1656.1373,0.22999999,1567409598021
tap2,103,897,1032,974.0981,1025.4658,0.17999999,1567409599206
tap2,50,69,273,144.86586,317.83444,0.39999998,1567409600410
tap2,51,690,894,741.3136,941.5096,0.38,1567409601594
tap2,52,69,894,152.85846,946.507,0.32999998,1567409602544
tap2,53,690,273,741.3136,341.82196,0.34,1567409603707
tap2,55,690,825,780.2775,878.5424,0.32,1567409604677
tap2,54,69,204,150.86032,251.8688,0.38,1567409605933
tap2,56,69,825,164.84737,889.5367,0.31,1567409607025
tap2,57,690,204,745.3099,264.86203,0.32999998,1567409608311
tap2,59,690,756,786.272,779.59393,0.35999998,1567409609250
tap2,58,69,135,143.86679,183.9042,0.45,1567409610608
tap2,61,690,135,804.2553,188.90161,0.35999998,1567409611761
tap2,60,69,756,156.85477,802.582,0.37,1567409612843
tap2,62,207,480,270.7493,529.72406,0.39,1567409613935
tap2,63,828,1101,946.12396,1168.3915,0.29,1567409615079
tap2,64,207,1101,293.72803,1135.4086,0.39,1567409616089
tap2,65,828,480,928.1406,500.7392,0.34,1567409617151
tap2,290,345,480,436.59573,520.72876,0.29999998,1567409618233
tap2,291,552,1446,622.4237,1462.2384,0.21,1567409619274
tap2,293,552,480,612.4329,524.7267,0.35999998,1567409620274
tap2,292,345,1446,417.6133,1490.2238,0.25,1567409621397
tap2,141,621,480,672.37744,539.7189,0.31,1567409622418
tap2,295,414,1446,461.57263,1506.2155,0.21,1567409623826
tap2,294,414,480,458.5754,556.71,0.31,1567409624704
tap2,203,621,1446,681.3691,1472.2332,0.32,1567409625735
tap2,297,483,1446,538.5014,1460.2394,0.25,1567409626715
tap2,41,690,480,739.3154,518.7298,0.39,1567409627756
tap2,296,483,480,527.5116,490.7444,0.38,1567409628645
tap2,205,690,1446,774.2831,1493.2223,0.25,1567409629921
tap2,319,414,1653,465.5689,1644.1437,0.22999999,1567409630860
tap2,325,552,756,630.41626,752.608,0.38,1567409632442
tap2,324,414,756,496.54025,795.58563,0.37,1567409633289
tap2,315,552,1653,633.4135,1663.1338,0.26,1567409634320
tap2,298,345,549,415.61517,584.69543,0.41,1567409635423
tap2,299,552,1515,625.4209,1526.2051,0.26999998,1567409636433
tap2,301,552,549,643.40424,585.69495,0.35,1567409637464
tap2,300,345,1515,389.63922,1558.1884,0.26,1567409638444
tap2,326,345,825,359.667,871.546,0.35999998,1567409639577
tap2,256,483,135,549.4912,155.9188,0.34,1567409640670
tap2,250,345,135,421.60962,154.91931,0.35,1567409641578
tap2,327,483,825,528.5106,870.5466,0.32,1567409642712
tap2,67,828,1032,904.16284,1087.4336,0.28,1567409643538
tap2,66,207,411,266.75302,447.76678,0.34,1567409644630
tap2,68,207,1032,278.7419,1063.446,0.32999998,1567409645519
tap2,69,828,411,884.18134,463.75845,0.47,1567409646499
tap2,72,207,963,253.76503,1001.4784,0.35,1567409647509
tap2,73,828,342,913.1545,421.7803,0.32999998,1567409648489
tap2,70,207,342,318.7049,427.7772,0.31,1567409649520
tap2,71,828,963,907.16003,996.48096,0.32999998,1567409650684
tap2,76,207,894,292.72894,931.51483,0.31,1567409651735
tap2,77,828,273,925.1434,307.83966,0.39999998,1567409652756
tap2,74,207,273,304.71786,320.8329,0.19999999,1567409653797
tap2,75,828,894,910.1573,932.5143,0.31,1567409654818
tap2,80,207,825,290.7308,860.55176,0.35,1567409655676
tap2,81,828,204,898.1684,231.87923,0.52,1567409657666
tap2,78,207,204,314.70862,217.8865,0.39,1567409658677
tap2,79,828,825,913.1545,863.55023,0.29,1567409659738
tap2,84,207,756,253.76503,785.5908,0.39,1567409660687
tap2,85,828,135,888.1776,157.91774,0.42999998,1567409661820
tap2,82,207,135,278.7419,184.90369,0.51,1567409662913
tap2,83,828,756,933.136,794.5861,0.29,1567409663872
tap2,89,621,618,722.3312,643.66473,0.35999998,1567409664719
tap2,88,0,1239,96.91027,1279.3336,0.39,1567409665791
tap2,87,621,1239,681.3691,1255.3462,0.42999998,1567409667118
tap2,86,0,618,78.92692,622.67566,0.44,1567409668394
tap2,305,483,1515,557.4838,1530.203,0.28,1567409669435
tap2,33,690,549,763.2933,572.7017,0.32999998,1567409670292
tap2,304,483,549,572.4699,549.7137,0.26,1567409671221
tap2,215,690,1515,772.2849,1515.2108,0.29,1567409672191
tap2,309,552,618,609.4357,658.6569,0.39,1567409673110
tap2,308,345,1584,395.63367,1621.1556,0.32999998,1567409674121
tap2,307,552,1584,607.43756,1588.1727,0.29,1567409675049
tap2,306,345,618,471.56335,523.72723,0.32,1567409675805
tap2,258,345,204,384.64386,248.87038,0.5,1567409676836
tap2,331,483,894,561.4801,919.52106,0.22999999,1567409677764
tap2,330,345,894,439.59296,900.53094,0.45999998,1567409679204
tap2,264,483,204,571.4709,269.85944,0.41,1567409680378
tap2,223,621,1584,685.3654,1624.154,0.32,1567409681368
tap2,310,414,618,465.5689,656.65796,0.39,1567409682307
tap2,89,621,618,686.3645,650.6611,0.37,1567409683215
tap2,311,414,1584,490.5458,1599.1671,0.37,1567409684195
tap2,261,552,204,628.41815,236.87662,0.35,1567409685318
tap2,322,345,756,408.62164,783.59186,0.39999998,1567409686227
tap2,262,414,204,478.5569,255.86673,0.28,1567409687523
tap2,333,552,894,632.4144,909.52625,0.45,1567409688472
tap2,312,483,618,578.4644,658.6569,0.38,1567409689462
tap2,225,690,1584,761.2951,1604.1644,0.24,1567409690472
tap2,93,690,618,748.3071,658.6569,0.32999998,1567409691493
tap2,313,483,1584,521.5171,1610.1614,0.26,1567409692595
tap2,91,690,1239,737.3173,1265.341,0.26,1567409693483
tap2,90,69,618,91.914894,663.65436,0.39,1567409694504
tap2,93,690,618,774.2831,652.66003,0.34,1567409695423
tap2,92,69,1239,154.85661,1280.3331,0.26,1567409696402
tap2,108,276,963,347.67807,1011.47314,0.39,1567409697311
tap2,109,897,342,985.0879,379.8022,0.47,1567409698372
tap2,106,276,342,326.6975,382.80063,0.37,1567409699383
tap2,107,897,963,990.08325,979.4898,0.32,1567409700291
tap2,100,276,1101,345.67993,1140.406,0.37,1567409701159
tap2,101,897,480,986.087,528.7246,0.47,1567409702333
tap2,99,897,1101,974.0981,1152.3998,0.31,1567409703262
tap2,98,276,480,334.6901,526.72565,0.42999998,1567409704375
tap2,105,897,411,944.1258,460.76,0.42999998,1567409705814
tap2,104,276,1032,360.66605,1058.4487,0.26999998,1567409706712
tap2,102,276,411,361.66513,462.75897,0.39,1567409707784
tap2,103,897,1032,992.0814,1069.443,0.24,1567409708754
tap2,97,897,549,977.0953,607.6835,0.48,1567409709723
tap2,96,276,1170,382.6457,1214.3674,0.24,1567409710785
tap2,94,276,549,326.6975,592.6913,0.34,1567409711816
tap2,95,897,1170,967.10455,1166.3925,0.29999998,1567409712755
tap2,111,897,894,925.1434,896.533,0.32,1567409713664
tap2,110,276,273,322.7012,307.83966,0.32999998,1567409714613
tap2,112,276,894,332.69196,918.5216,0.45999998,1567409715552
tap2,113,897,273,941.1286,363.81052,0.32999998,1567409716767
tap2,116,276,825,364.66235,850.557,0.35,1567409717675
tap2,117,897,204,975.09717,196.89745,0.31,1567409718574
tap2,114,276,204,369.6577,222.88391,0.57,1567409719717
tap2,115,897,825,973.099,845.5596,0.29,1567409720707
tap2,119,897,756,974.0981,782.5924,0.42,1567409721596
tap2,118,276,135,351.67438,195.89796,0.42,1567409722627
tap2,121,897,135,953.1175,198.89641,0.37,1567409723862
tap2,120,276,756,365.66144,783.59186,0.35999998,1567409724872
tap2,152,0,894,67.937096,914.5237,0.38,1567409725924
tap2,213,621,1515,706.346,1534.2009,0.26,1567409726893
tap2,212,0,1515,95.911194,1557.189,0.19999999,1567409727934
tap2,151,621,894,697.3543,928.51636,0.35,1567409728853
tap2,56,69,825,135.87419,851.55646,0.32999998,1567409729772
tap2,205,690,1446,738.3164,1451.2441,0.32,1567409730864
tap2,204,69,1446,140.86957,1467.2357,0.25,1567409731997
tap2,55,690,825,746.30896,841.56165,0.29999998,1567409732906
tap2,24,138,825,242.7752,827.569,0.32999998,1567409733773
tap2,207,759,1446,785.2729,1460.2394,0.17999999,1567409734896
tap2,206,138,1446,182.83072,1448.2457,0.25,1567409735784
tap2,23,759,825,806.2535,812.5768,0.29,1567409736764
tap2,80,207,825,282.73822,871.546,0.32,1567409737723
tap2,209,828,1446,888.1776,1459.24,0.26,1567409738591
tap2,208,207,1446,258.7604,1470.2343,0.35,1567409739571
tap2,79,828,825,895.17114,827.569,0.29,1567409740724
tap2,115,897,825,966.10547,822.57153,0.35,1567409741592
tap2,210,276,1446,340.68454,1485.2264,0.17,1567409742572
tap2,116,276,825,368.65866,857.55334,0.31,1567409743501
tap2,211,897,1446,929.1397,1452.2435,0.21,1567409744512
tap2,203,621,1446,670.3793,1460.2394,0.19,1567409745430
tap2,156,0,825,32.969475,871.546,0.35999998,1567409746471
tap2,202,0,1446,96.91027,1432.254,0.35999998,1567409747951
tap2,155,621,825,681.3691,840.5622,0.32,1567409748860
tap2,52,69,894,145.86494,935.51276,0.35,1567409749768
tap2,215,690,1515,746.30896,1512.2124,0.29,1567409750708
tap2,51,690,894,774.2831,890.53613,0.35,1567409751463
tap2,214,69,1515,139.87048,1539.1982,0.38,1567409752412
tap2,216,138,1515,253.76503,1533.2014,0.39,1567409753341
tap2,19,759,894,825.2359,934.51324,0.32999998,1567409754168
tap2,217,759,1515,807.25256,1504.2166,0.32999998,1567409755158
tap2,20,138,894,207.80759,906.52783,0.41,1567409756066
tap2,141,621,480,673.3765,500.7392,0.48999998,1567409757036
tap2,140,0,1101,78.92692,1138.4071,0.41,1567409758087
tap2,138,0,480,67.937096,494.7423,0.14999999,1567409759527
tap2,139,621,1101,657.3913,1131.4106,0.32,1567409760435
tap2,142,0,411,74.93062,430.77563,0.42999998,1567409761302
tap2,143,621,1032,700.3515,1045.4554,0.41,1567409762110
tap2,144,0,1032,53.950047,1062.4467,0.26999998,1567409763079
tap2,145,621,411,702.3497,438.77145,0.48,1567409763977
tap2,148,0,963,91.914894,993.48254,0.32999998,1567409765048
tap2,149,621,342,695.35614,380.80167,0.59,1567409765947
tap2,147,621,963,715.33765,999.47943,0.35,1567409766825
tap2,146,0,342,53.950047,404.78915,0.48,1567409768162
tap2,153,621,273,675.37463,304.84122,0.56,1567409769071
tap2,152,0,894,79.925995,919.52106,0.38,1567409770112
tap2,150,0,273,106.90102,255.86673,0.48999998,1567409771091
tap2,151,621,894,712.34045,945.5075,0.35,1567409772041
tap2,266,345,273,413.61703,289.84903,0.29999998,1567409772959
tap2,267,552,1239,635.4117,1253.3472,0.35999998,1567409773807
tap2,269,552,273,638.4089,309.83862,0.45999998,1567409774654
tap2,268,345,1239,431.60037,1263.3419,0.32,1567409775491
tap2,271,414,1239,464.56985,1230.3591,0.32,1567409776389
tap2,153,621,273,697.3543,279.85425,0.39,1567409777236
tap2,270,414,273,519.519,286.8506,0.29,1567409778297
tap2,87,621,1239,681.3691,1244.3519,0.34,1567409779093
tap2,91,690,1239,749.3062,1272.3373,0.28,1567409780043
tap2,272,483,273,550.4903,283.85214,0.48,1567409780972
tap2,273,483,1239,560.481,1273.3368,0.29999998,1567409781747
tap2,53,690,273,773.284,286.8506,0.39999998,1567409782584
tap2,277,552,342,645.4024,367.8084,0.45,1567409783799
tap2,276,345,1308,457.57632,1312.3165,0.29999998,1567409784656
tap2,274,345,342,462.5717,367.8084,0.39999998,1567409785513
tap2,275,552,1308,647.4006,1329.3076,0.37,1567409786442
tap2,183,621,1308,692.35895,1359.292,0.29,1567409787320
tap2,278,414,342,449.5837,366.80893,0.38,1567409788208
tap2,149,621,342,657.3913,379.8022,0.41,1567409789075
tap2,279,414,1308,471.56335,1315.315,0.35,1567409790116
tap2,281,483,1308,511.52637,1329.3076,0.32999998,1567409791566
tap2,49,690,342,751.3043,369.80737,0.44,1567409792546
tap2,280,483,342,573.469,368.8079,0.39999998,1567409793638
tap2,185,690,1308,757.2988,1311.317,0.35,1567409794536
tap2,156,0,825,95.911194,849.5575,0.39999998,1567409796332
tap2,157,621,204,679.371,267.86047,0.48,1567409797506
tap2,155,621,825,674.3756,856.55383,0.39,1567409798415
tap2,154,0,204,107.90009,250.86934,0.45999998,1567409799894
tap2,158,0,135,45.957447,122.93597,0.47,1567409800935
tap2,159,621,756,687.3635,768.5997,0.26,1567409801864
tap2,160,0,756,71.933395,796.5851,0.41,1567409802793
tap2,161,621,135,677.3728,134.92972,0.41,1567409803732
tap2,162,0,66,94.91212,98.94846,0.45999998,1567409805426
tap2,163,621,687,684.36633,721.62415,0.35,1567409806498
tap2,164,0,687,49.953747,717.6262,0.29,1567409807488
tap2,165,621,66,630.41626,101.9469,0.45999998,1567409808641
tap2,169,897,66,967.10455,74.96095,0.41,1567409810172
tap2,168,276,687,364.66235,712.62885,0.37,1567409811346
tap2,166,276,66,344.68085,71.96252,0.51,1567409812305
tap2,167,897,687,964.1073,694.6382,0.31,1567409813224
tap2,170,138,618,187.82608,646.6632,0.45,1567409814142
tap2,171,759,1239,807.25256,1266.3405,0.28,1567409815122
tap2,173,759,618,794.2646,632.6705,0.26,1567409816173
tap2,172,138,1239,190.82332,1263.3419,0.29999998,1567409817112
tap2,177,828,618,901.1656,653.65955,0.32,1567409817959
tap2,176,207,1239,274.7456,1259.3441,0.31,1567409818837
tap2,174,207,618,268.75116,624.6746,0.37,1567409819848
tap2,175,828,1239,898.1684,1270.3384,0.28,1567409820694
tap2,133,690,66,728.3256,83.95627,0.44,1567409821838
tap2,249,483,1032,547.49304,1081.4368,0.28,1567409822695
tap2,43,690,1032,744.31085,1080.4373,0.22999999,1567409823460
tap2,248,483,66,526.5125,79.95835,0.42999998,1567409825073
tap2,251,552,1101,618.42737,1122.4154,0.26,1567409825992
tap2,250,345,135,425.60593,124.93493,0.42999998,1567409827074
tap2,252,345,1101,411.61887,1105.4242,0.32999998,1567409828574
tap2,253,552,135,590.4533,134.92972,0.39,1567409829431
tap2,254,414,135,470.5643,182.90474,0.42999998,1567409830401
tap2,139,621,1101,682.36816,1131.4106,0.29,1567409831228
tap2,161,621,135,692.35895,185.90317,0.56,1567409832545
tap2,255,414,1101,492.54395,1126.4133,0.35,1567409833453
tap2,178,276,618,346.67902,628.67255,0.44,1567409834351
tap2,179,897,1239,916.15173,1246.3508,0.35999998,1567409835433
tap2,181,897,618,936.13324,676.6476,0.34,1567409836403
tap2,180,276,1239,312.71045,1215.367,0.26,1567409837424
tap2,132,69,687,138.87141,726.6215,0.37,1567409838332
tap2,185,690,1308,753.3025,1313.3159,0.22,1567409839291
tap2,184,69,1308,112.89547,1331.3065,0.32,1567409840373
tap2,131,690,687,789.2692,707.6314,0.26,1567409841210
tap2,127,759,687,812.2479,699.63556,0.32,1567409842169
tap2,187,759,1308,777.2803,1329.3076,0.28,1567409843139
tap2,186,138,1308,185.82794,1313.3159,0.26,1567409844068
tap2,126,138,66,196.81776,69.96356,0.42999998,1567409845374
tap2,123,828,687,918.14984,720.62463,0.28,1567409846252
tap2,188,207,1308,300.72156,1330.3071,0.29999998,1567409847171
tap2,124,207,687,291.7299,733.61786,0.39999998,1567409848089
tap2,189,828,1308,862.20166,1338.303,0.19999999,1567409849079
tap2,317,552,687,605.4394,719.6252,0.32,1567409849988
tap2,316,345,1653,390.6383,1688.1207,0.29,1567409851070
tap2,314,345,687,420.61053,718.6257,0.39,1567409851968
tap2,315,552,1653,611.43384,1668.1311,0.24,1567409853285
tap2,266,345,273,442.5902,311.8376,0.51,1567409854510
tap2,335,483,963,547.49304,961.4992,0.38,1567409855500
tap2,272,483,273,586.457,362.81104,0.39999998,1567409856561
tap2,334,345,963,432.59946,955.5023,0.35999998,1567409857449
tap2,318,414,687,477.55783,726.6215,0.42,1567409858348
tap2,233,621,1653,684.36633,1652.1395,0.24,1567409859195
tap2,163,621,687,707.34503,699.63556,0.38,1567409860022
tap2,319,414,1653,459.57446,1663.1338,0.29,1567409860961
tap2,269,552,273,587.45605,308.83914,0.35,1567409861910
tap2,336,414,963,488.54764,931.51483,0.44,1567409862870
tap2,337,552,963,638.4089,995.4815,0.25,1567409863707
tap2,270,414,273,482.5532,333.8261,0.5,1567409864810
tap2,168,276,687,357.66882,736.61633,0.48,1567409865790
tap2,191,897,1308,951.1193,1291.3274,0.31,1567409866912
tap2,167,897,687,972.0999,716.6267,0.45999998,1567409867893
tap2,190,276,1308,323.7003,1311.317,0.39,1567409868730
tap2,192,0,1377,33.968548,1396.2727,0.26,1567409869872
tap2,160,0,756,45.957447,786.5903,0.39,1567409870842
tap2,193,621,1377,697.3543,1423.2587,0.17999999,1567409871751
tap2,159,621,756,681.3691,755.60645,0.22999999,1567409872557
tap2,194,69,1377,129.87975,1395.2733,0.32999998,1567409873558
tap2,59,690,756,793.2655,764.60175,0.39,1567409874405
tap2,60,69,756,123.88529,782.5924,0.35999998,1567409875456
tap2,195,690,1377,704.34784,1402.2697,0.26,1567409876416
tap2,28,138,756,180.83257,791.5877,0.39,1567409877294
tap2,197,759,1377,812.2479,1379.2816,0.32999998,1567409878141
tap2,27,759,756,796.2627,748.6101,0.31,1567409879029
tap2,196,138,1377,182.83072,1389.2764,0.44,1567409879978
tap2,84,207,756,271.74838,781.5929,0.38,1567409880968
tap2,199,828,1377,879.1859,1442.2488,0.26,1567409882050
tap2,83,828,756,852.21094,761.60333,0.32999998,1567409882887
tap2,198,207,1377,249.76874,1381.2805,0.34,1567409883847
tap2,200,276,1377,340.68454,1368.2874,0.31,1567409884694
tap2,119,897,756,949.1212,775.596,0.35,1567409885786
tap2,120,276,756,353.67252,782.5924,0.39999998,1567409886725
tap2,201,897,1377,960.111,1370.2863,0.26,1567409887787
tap2,242,345,66,436.59573,107.94378,0.48,1567409889757
tap2,347,966,687,1016.0592,721.62415,0.32,1567409890819
tap2,338,966,66,998.07587,80.95783,0.39,1567409892258
tap2,314,345,687,396.63275,696.63715,0.35999998,1567409893105
tap2,322,345,756,398.6309,764.60175,0.35999998,1567409894014
tap2,339,966,135,1049.0287,124.93493,0.41,1567409895392
tap2,348,966,756,1034.0426,780.59344,0.28,1567409896321
tap2,250,345,135,415.61517,164.91411,0.48999998,1567409897382
tap2,258,345,204,400.62906,189.9011,0.47,1567409898189
tap2,349,966,825,999.07495,822.57153,0.22,1567409899189
tap2,340,966,204,1008.0666,210.89015,0.35999998,1567409900383
tap2,326,345,825,406.6235,861.5513,0.29999998,1567409901271
tap2,330,345,894,397.63184,877.5429,0.31,1567409902149
tap2,341,966,273,1032.0444,308.83914,0.26999998,1567409903364
tap2,266,345,273,373.65402,286.8506,0.35999998,1567409904201
tap2,350,966,894,1001.07306,909.52625,0.29,1567409905273
tap2,76,207,894,234.78261,913.5242,0.39999998,1567409906120
tap2,219,828,1515,877.1878,1541.1973,0.22,1567409907039
tap2,218,207,1515,240.77705,1559.1879,0.31,1567409907917
tap2,75,828,894,884.18134,922.5195,0.26,1567409908927
tap2,220,276,1515,297.72433,1532.2019,0.29999998,1567409909846
tap2,111,897,894,918.14984,921.52,0.24,1567409910765
tap2,112,276,894,331.69287,941.5096,0.29,1567409911602
tap2,221,897,1515,918.14984,1524.206,0.26999998,1567409912847
tap2,225,690,1584,737.3173,1624.154,0.17999999,1567409913786
tap2,48,69,963,116.89177,991.4836,0.32999998,1567409914684
tap2,47,690,963,737.3173,992.48303,0.25,1567409915613
tap2,224,69,1584,108.89917,1565.1848,0.31,1567409916583
tap2,165,621,66,659.38947,96.9495,0.42,1567409918053
tap2,247,414,1032,477.55783,1079.4377,0.39999998,1567409918962
tap2,143,621,1032,678.3719,1049.4534,0.31,1567409919901
tap2,246,414,66,479.55597,117.93857,0.41,1567409920881
tap2,15,759,963,809.2507,994.482,0.32999998,1567409921810
tap2,226,138,1584,231.78539,1609.1619,0.29999998,1567409922657
tap2,227,759,1584,849.2137,1566.1842,0.26,1567409923606
tap2,16,138,963,218.79741,1007.4752,0.31,1567409924555
tap2,72,207,963,277.74283,965.49713,0.48999998,1567409925392
tap2,229,828,1584,874.19055,1587.1733,0.32999998,1567409926270
tap2,71,828,963,894.17206,977.49084,0.22999999,1567409927179
tap2,228,207,1584,275.7447,1596.1686,0.24,1567409928108
tap2,242,345,66,425.60593,85.95523,0.38,1567409929934
tap2,243,552,1032,623.4227,1046.455,0.28,1567409930976
tap2,244,345,1032,401.6281,1078.4382,0.29,1567409931792
tap2,245,552,66,583.4598,92.951584,0.48,1567409934324
tap2,148,0,963,48.954674,970.4945,0.28,1567409935426
tap2,223,621,1584,678.3719,1613.1598,0.17999999,1567409936376
tap2,147,621,963,663.38574,965.49713,0.32999998,1567409937172
tap2,222,0,1584,47.955597,1569.1827,0.26999998,1567409938192
tap2,252,345,1101,400.62906,1113.42,0.29999998,1567409939101
tap2,344,966,480,1031.0453,490.7444,0.32999998,1567409940285
tap2,290,345,480,410.6198,498.74023,0.41,1567409941214
tap2,353,966,1101,1037.0398,1133.4097,0.26999998,1567409942143
tap2,345,966,549,1000.07404,521.7283,0.39,1567409943113
tap2,260,345,1170,383.64478,1171.3899,0.34,1567409944011
tap2,354,966,1170,992.0814,1202.3738,0.26999998,1567409944951
tap2,298,345,549,394.6346,558.709,0.32999998,1567409945849
tap2,346,966,618,1039.038,654.659,0.29,1567409946665
tap2,268,345,1239,405.62442,1271.3378,0.32,1567409947461
tap2,355,966,1239,1003.0712,1245.3513,0.32,1567409948237
tap2,306,345,618,427.60406,626.6736,0.37,1567409949095
tap2,314,345,687,433.5985,723.6231,0.35,1567409949871
tap2,356,966,1308,1010.06476,1306.3196,0.31,1567409950718
tap2,347,966,687,988.0851,733.61786,0.24,1567409951780
tap2,276,345,1308,388.64014,1341.3014,0.22,1567409952688
tap2,257,483,1101,527.5116,1125.4138,0.25,1567409953535
tap2,61,690,135,711.3414,175.90837,0.35999998,1567409954556
tap2,39,690,1101,738.3164,1113.42,0.32,1567409955424
tap2,256,483,135,574.4681,178.90681,0.39,1567409956455
tap2,258,345,204,390.6383,242.8735,0.32,1567409957435
tap2,259,552,1170,628.41815,1143.4044,0.31,1567409958394
tap2,260,345,1170,451.58188,1202.3738,0.17999999,1567409959211
tap2,261,552,204,587.45605,258.86517,0.34,1567409960150
tap2,157,621,204,679.371,212.88911,0.51,1567409961039
tap2,263,414,1170,474.5606,1211.369,0.22999999,1567409961947
tap2,262,414,204,485.5504,211.88963,0.48,1567409962774
tap2,135,621,1170,686.3645,1179.3857,0.32,1567409963601
tap2,244,345,1032,412.61795,1063.446,0.26,1567409964418
tap2,361,966,1653,1013.062,1635.1483,0.21,1567409965602
tap2,352,966,1032,1001.07306,1073.4409,0.22,1567409966592
tap2,316,345,1653,391.6374,1669.1306,0.22,1567409967531
tap2,282,345,411,426.605,442.76938,0.39999998,1567409968480
tap2,283,552,1377,620.42554,1373.2847,0.26999998,1567409969512
tap2,284,345,1377,391.6374,1398.2717,0.29999998,1567409971267
tap2,285,552,411,638.4089,369.80737,0.42999998,1567409972053
tap2,145,621,411,683.36725,449.76575,0.39999998,1567409973003
tap2,287,414,1377,476.55875,1377.2826,0.29999998,1567409973901
tap2,193,621,1377,677.3728,1413.2639,0.26999998,1567409974922
tap2,286,414,411,470.5643,450.76523,0.42,1567409975892
tap2,288,483,411,535.50415,454.76312,0.32999998,1567409976800
tap2,195,690,1377,737.3173,1419.2607,0.31,1567409977617
tap2,289,483,1377,528.5106,1408.2665,0.29,1567409978556
tap2,45,690,411,779.27844,455.7626,0.26,1567409979363
tap2,31,690,1170,757.2988,1183.3837,0.32,1567409980169
tap2,264,483,204,542.4977,226.88182,0.44,1567409981109
tap2,57,690,204,756.29974,276.8558,0.26999998,1567409981966
tap2,265,483,1170,511.52637,1201.3743,0.26999998,1567409982824
tap2,300,345,1515,415.61517,1523.2067,0.28,1567409983793
tap2,350,966,894,1005.0694,907.5273,0.22999999,1567409985447
tap2,330,345,894,398.6309,906.52783,0.28,1567409986335
tap2,359,966,1515,1004.0703,1517.2097,0.21,1567409987438
tap2,351,966,963,1004.0703,1012.47266,0.17999999,1567409988479
tap2,308,345,1584,407.62256,1588.1727,0.25,1567409989439
tap2,360,966,1584,1054.024,1590.1718,0.21,1567409990388
tap2,334,345,963,409.62073,997.48047,0.38,1567409991338
tap2,137,621,549,683.36725,527.72516,0.34,1567409992196
tap2,303,414,1515,488.54764,1543.1962,0.42999998,1567409993982
tap2,213,621,1515,664.3848,1538.1989,0.39999998,1567409994779
tap2,302,414,549,482.5532,600.68713,0.45,1567409995728
tap2,254,414,135,479.55597,155.9188,0.58,1567409996647
tap2,329,552,825,623.4227,866.54865,0.42,1567409997433
tap2,253,552,135,658.3904,176.90785,0.56,1567409998525
tap2,328,414,825,487.54858,856.55383,0.42,1567409999434
tap2,334,345,963,429.60223,1013.4721,0.32,1567410000332
tap2,342,966,342,1021.05457,360.81207,0.41,1567410001884
tap2,274,345,342,405.62442,390.79645,0.41,1567410002894
tap2,351,966,963,1024.0518,989.4846,0.29999998,1567410003742
tap2,282,345,411,425.60593,443.76886,0.45999998,1567410004640
tap2,352,966,1032,1034.0426,1033.4617,0.29,1567410005600
tap2,343,966,411,983.0897,451.7647,0.45,1567410006611
tap2,244,345,1032,409.62073,1029.4637,0.39999998,1567410007530
tap2,322,345,756,405.62442,767.6002,0.41,1567410008377
tap2,357,966,1377,996.0777,1355.2941,0.29,1567410009255
tap2,348,966,756,993.0805,767.6002,0.32,1567410010337
tap2,284,345,1377,400.62906,1338.303,0.29,1567410011286
tap2,292,345,1446,386.642,1444.2478,0.29999998,1567410012256
tap2,349,966,825,1032.0444,860.55176,0.29999998,1567410013185
tap2,326,345,825,415.61517,859.5523,0.34,1567410014032
tap2,358,966,1446,994.0796,1449.2451,0.22,1567410015104
tap2,131,690,687,738.3164,723.6231,0.28,1567410016411
tap2,321,483,1653,532.50696,1655.138,0.29,1567410017371
tap2,320,483,687,538.5014,704.633,0.38,1567410018402
tap2,235,690,1653,765.2914,1670.1301,0.25,1567410019331
tap2,362,0,1722,41.961147,1719.1046,0.28,1567410021127
tap2,139,621,1101,667.3821,1089.4326,0.29999998,1567410022056
tap2,140,0,1101,29.972248,1097.4283,0.34,1567410023138
tap2,371,621,1722,658.3904,1744.0916,0.26,1567410024149
tap2,39,690,1101,746.30896,1132.4102,0.25,1567410025037
tap2,363,69,1722,98.90842,1741.0931,0.25,1567410026058
tap2,372,690,1722,756.29974,1752.0874,0.26999998,1567410027079
tap2,40,69,1101,122.886215,1119.417,0.25,1567410028131
tap2,136,0,1170,52.950974,1189.3805,0.29999998,1567410029090
tap2,386,621,1791,683.36725,1816.0541,0.29,1567410030030
tap2,135,621,1170,665.3839,1191.3795,0.35,1567410030867
tap2,377,0,1791,52.950974,1797.064,0.31,1567410032724
tap2,31,690,1170,771.2858,1173.3888,0.31,1567410033725
tap2,378,69,1791,117.89084,1797.064,0.31,1567410034899
tap2,32,69,1170,135.87419,1183.3837,0.38,1567410035807
tap2,387,690,1791,759.29694,1837.0432,0.22999999,1567410036777
tap2,8,138,1101,169.84274,1149.4014,0.29999998,1567410037747
tap2,373,759,1722,766.29047,1746.0906,0.25,1567410038574
tap2,7,759,1101,843.21924,1090.432,0.19,1567410039370
tap2,364,138,1722,210.80481,1726.101,0.29,1567410040493
tap2,374,828,1722,871.19336,1732.0978,0.16,1567410041422
tap2,64,207,1101,324.69934,1148.4019,0.24,1567410042270
tap2,365,207,1722,229.78723,1751.0879,0.31,1567410043158
tap2,63,828,1101,895.17114,1108.4227,0.32,1567410043985
tap2,379,138,1791,190.82332,1815.0546,0.26,1567410044944
tap2,3,759,1170,822.23865,1170.3904,0.28,1567410045782
tap2,4,138,1170,238.77892,1157.3972,0.35,1567410046608
tap2,388,759,1791,824.2368,1815.0546,0.21,1567410047527
tap2,380,207,1791,247.77058,1811.0566,0.32,1567410048385
tap2,35,828,1170,861.2026,1165.393,0.22999999,1567410049242
tap2,389,828,1791,826.235,1798.0635,0.24,1567410050253
tap2,36,207,1170,269.75024,1210.3696,0.34,1567410051070
tap2,100,276,1101,337.68732,1130.4113,0.28,1567410051897
tap2,375,897,1722,933.136,1749.089,0.22999999,1567410052775
tap2,99,897,1101,901.1656,1099.4274,0.35999998,1567410054081
tap2,366,276,1722,337.68732,1735.0963,0.29,1567410054980
tap2,368,414,1722,477.55783,1744.0916,0.25,1567410055786
tap2,159,621,756,673.3765,783.59186,0.42,1567410056634
tap2,371,621,1722,651.39685,1756.0853,0.22,1567410057522
tap2,324,414,756,502.5347,783.59186,0.45,1567410058369
tap2,96,276,1170,345.67993,1213.368,0.31,1567410059217
tap2,390,897,1791,920.148,1824.0499,0.19999999,1567410060227
tap2,95,897,1170,919.1489,1188.381,0.24,1567410061075
tap2,381,276,1791,336.68826,1799.063,0.19,1567410062126
tap2,385,552,1791,606.4385,1810.0573,0.21,1567410063075
tap2,326,345,825,458.5754,861.5513,0.29,1567410064106
tap2,382,345,1791,380.64755,1828.0479,0.26,1567410065189
tap2,329,552,825,621.4246,803.5814,0.41,1567410066077
tap2,323,483,756,603.4413,742.6132,0.39,1567410066832
tap2,372,690,1722,724.32935,1756.0853,0.29999998,1567410067731
tap2,59,690,756,789.2692,753.6075,0.38,1567410068568
tap2,369,483,1722,511.52637,1748.0895,0.31,1567410069395
tap2,353,966,1101,1032.0444,1076.4393,0.32999998,1567410070262
tap2,367,345,1722,419.61148,1745.0911,0.24,1567410071355
tap2,252,345,1101,416.61426,1122.4154,0.32,1567410072151
tap2,376,966,1722,994.0796,1760.0833,0.19999999,1567410073080
tap2,383,414,1791,475.55966,1798.0635,0.26,1567410073978
tap2,155,621,825,666.383,855.5544,0.41,1567410074836
tap2,328,414,825,507.53006,876.54346,0.35999998,1567410075612
tap2,386,621,1791,656.3922,1802.0614,0.26,1567410076408
tap2,55,690,825,749.3062,831.5669,0.29999998,1567410077307
tap2,384,483,1791,566.47546,1809.0577,0.19999999,1567410078144
tap2,327,483,825,558.4829,867.54816,0.35999998,1567410078971
tap2,387,690,1791,741.3136,1836.0437,0.26,1567410079828
tap1,2,288,642,381.64664,720.62463,0.34,1567410223024
tap1,3,576,930,683.36725,1027.4648,0.35999998,1567410227591
tap1,4,576,642,675.37463,738.6153,0.42999998,1567410228349
tap1,5,288,930,394.6346,1022.46747,0.45,1567410229216
tap1,9,288,786,388.64014,857.55334,0.48999998,1567410229951
tap1,17,576,1074,684.36633,1204.3727,0.32,1567410230736
tap1,16,288,1074,384.64386,1124.4143,0.41,1567410231390
tap1,7,576,786,665.3839,878.5424,0.42999998,1567410232144
tap1,4,576,642,686.3645,719.6252,0.39,1567410232940
tap1,10,288,354,383.64478,452.76416,0.42,1567410233696
tap1,2,288,642,377.65033,717.6262,0.39,1567410234491
tap1,11,576,354,645.4024,430.77563,0.47,1567410235257
tap1,4,576,642,693.35803,675.6481,0.52,1567410235971
tap1,18,288,1218,397.63184,1273.3368,0.41,1567410237094
tap1,2,288,642,401.6281,694.6382,0.44,1567410237839
tap1,19,576,1218,687.3635,1308.3186,0.48,1567410238614
tap1,13,576,210,656.3922,313.83655,0.47,1567410239420
tap1,6,288,498,392.63644,565.7053,0.38,1567410240227
tap1,12,288,210,386.642,257.8657,0.59999996,1567410241033
tap1,8,576,498,700.3515,583.696,0.39999998,1567410241829
tap1,19,576,1218,663.38574,1304.3207,0.42,1567410242594
tap1,22,288,1506,394.6346,1571.1816,0.34,1567410243308
tap1,18,288,1218,378.6494,1274.3363,0.32,1567410244063
tap1,23,576,1506,660.38855,1608.1624,0.26999998,1567410244768
tap1,14,288,66,395.63367,185.90317,0.35999998,1567410245839
tap1,11,576,354,670.3793,408.78708,0.45999998,1567410246757
tap1,10,288,354,365.66144,407.7876,0.44,1567410247564
tap1,15,576,66,678.3719,112.94118,0.48,1567410248431
tap1,17,576,1074,663.38574,1175.3878,0.35,1567410249370
tap1,20,288,1362,389.63922,1406.2676,0.42,1567410250054
tap1,21,576,1362,688.3626,1462.2384,0.29999998,1567410250717
tap1,16,288,1074,366.6605,1112.4205,0.39,1567410251431
tap1,9,288,786,407.62256,840.5622,0.39999998,1567410252156
tap1,8,576,498,724.32935,562.7069,0.45999998,1567410252901
tap1,6,288,498,376.65125,579.69806,0.35999998,1567410253605
tap1,7,576,786,708.3441,885.53876,0.32999998,1567410254381
tap1,24,144,66,252.76596,150.92139,0.52,1567410256419
tap1,26,432,354,513.52454,432.7746,0.62,1567410257351
tap1,27,144,354,255.76318,393.7949,0.41,1567410258198
tap1,25,432,66,521.5171,124.93493,0.5,1567410259004
tap1,66,720,1506,802.2572,1597.1681,0.38,1567410260106
tap1,41,432,1218,535.50415,1259.3441,0.41,1567410260800
tap1,42,432,1506,554.4866,1567.1837,0.35,1567410261463
tap1,65,720,1218,801.2581,1265.341,0.37,1567410262382
tap1,36,144,786,222.79372,835.5648,0.38,1567410263198
tap1,38,432,1074,506.531,1134.4092,0.42,1567410264035
tap1,39,144,1074,257.76132,1133.4097,0.32999998,1567410264810
tap1,37,432,786,526.5125,835.5648,0.41,1567410265596
tap1,16,288,1074,369.6577,1137.4076,0.44,1567410266403
tap1,56,0,1362,105.90195,1394.2738,0.39999998,1567410267137
tap1,20,288,1362,373.65402,1406.2676,0.39999998,1567410267964
tap1,53,0,1074,102.90472,1124.4143,0.39999998,1567410268739
tap1,59,720,210,844.2183,290.8485,0.35,1567410269719
tap1,30,432,498,569.4727,605.6845,0.45,1567410270730
tap1,29,432,210,550.4903,281.85318,0.48999998,1567410271556
tap1,60,720,498,812.2479,569.70325,0.44,1567410272342
tap1,33,432,642,554.4866,715.62726,0.42,1567410273118
tap1,62,720,930,811.24884,1002.47784,0.35999998,1567410273873
tap1,61,720,642,809.2507,683.6439,0.41,1567410274618
tap1,34,432,930,526.5125,1025.4658,0.39999998,1567410275342
tap1,6,288,498,404.62534,557.70953,0.41,1567410276129
tap1,48,0,210,131.8779,283.85214,0.37,1567410277016
tap1,12,288,210,400.62906,297.84488,0.38,1567410277874
tap1,49,0,498,78.92692,561.70746,0.38,1567410278700
tap1,51,0,930,111.89639,990.4841,0.37,1567410279496
tap1,2,288,642,371.65588,691.6398,0.25,1567410280415
tap1,5,288,930,394.6346,972.49347,0.44,1567410281191
tap1,50,0,642,88.91767,681.64496,0.41,1567410282027
tap1,37,432,786,579.46344,853.5554,0.32999998,1567410282783
tap1,64,720,1074,827.2341,1165.393,0.37,1567410283619
tap1,38,432,1074,541.4986,1138.4071,0.31,1567410284395
tap1,63,720,786,846.2165,852.55597,0.31,1567410285017
tap1,29,432,210,518.5199,261.86362,0.48999998,1567410285844
tap1,31,144,498,255.76318,611.6814,0.32999998,1567410286712
tap1,28,144,210,268.75116,260.86414,0.42999998,1567410287477
tap1,30,432,498,561.4801,619.67725,0.37,1567410288253
tap1,42,432,1506,550.4903,1609.1619,0.34,1567410289151
tap1,40,144,1218,272.74747,1255.3462,0.34,1567410289885
tap1,41,432,1218,558.4829,1298.3237,0.37,1567410290539
tap1,43,144,1506,246.77151,1568.1832,0.38,1567410291304
tap1,45,144,1362,238.77892,1399.2711,0.37,1567410292018
tap1,82,432,1650,540.4995,1689.1202,0.32999998,1567410292794
tap1,80,144,1650,253.76503,1706.1113,0.35999998,1567410293488
tap1,44,432,1362,530.5088,1407.267,0.32,1567410294294
tap1,57,720,66,815.2451,132.93076,0.45,1567410295244
tap1,26,432,354,522.5162,442.76938,0.34,1567410296152
tap1,58,720,354,785.2729,430.77563,0.41,1567410297122
tap1,25,432,66,554.4866,133.93024,0.37,1567410297877
tap1,64,720,1074,853.21,1167.392,0.37,1567410298806
tap1,44,432,1362,522.5162,1475.2316,0.31,1567410299561
tap1,38,432,1074,508.52914,1123.4149,0.39,1567410300245
tap1,67,720,1362,817.2433,1404.2686,0.29999998,1567410301021
tap1,9,288,786,377.65033,849.5575,0.44,1567410301868
tap1,53,0,1074,97.90935,1137.4076,0.31,1567410302694
tap1,16,288,1074,395.63367,1139.4065,0.45,1567410303460
tap1,52,0,786,81.92415,845.5596,0.29,1567410304378
tap1,74,864,786,960.111,864.5497,0.38,1567410305328
tap1,17,576,1074,677.3728,1192.3789,0.52,1567410306073
tap1,75,864,1074,907.16003,1163.394,0.39999998,1567410307257
tap1,7,576,786,728.3256,866.54865,0.52,1567410307941
tap1,38,288,66,471.56335,141.92607,0.35999998,1567410308818
tap1,45,0,354,86.91952,441.7699,0.44,1567410309819
tap1,44,0,66,148.86217,160.91618,0.37,1567410310860
tap1,39,288,354,395.63367,429.77615,0.45,1567410311717
tap1,14,288,1506,391.6374,1600.1665,0.32,1567410312595
tap1,47,0,1794,116.89177,1839.0421,0.29999998,1567410313350
tap1,46,0,1506,86.91952,1569.1827,0.38,1567410314166
tap1,10,288,1794,406.6235,1846.0385,0.32,1567410314901
tap1,22,864,210,969.10266,288.84955,0.52,1567410315810
tap1,86,576,498,680.37006,594.69025,0.57,1567410316943
tap1,55,576,210,681.3691,271.8584,0.51,1567410317923
tap1,88,864,498,967.10455,585.69495,0.45,1567410318902
tap1,70,864,1362,998.07587,1455.2421,0.28,1567410319739
tap1,8,576,1650,709.3432,1706.1113,0.19,1567410320423
tap1,13,576,1362,670.3793,1427.2566,0.37,1567410321260
tap1,71,864,1650,956.1147,1695.1171,0.29,1567410322056
tap1,78,576,1218,686.3645,1254.3467,0.45,1567410322842
tap1,83,864,1506,969.10266,1565.1848,0.19,1567410323485
tap1,21,864,1218,977.0953,1567.1837,0.32,1567410323597
tap1,85,576,1506,681.3691,1561.1869,0.37,1567410324342
tap1,19,576,66,674.3756,110.942215,0.51,1567410325261
tap1,77,864,354,980.0925,375.80426,0.45999998,1567410326118
tap1,76,576,354,685.3654,422.7798,0.55,1567410326843
tap1,23,864,66,935.13416,152.92035,0.59999996,1567410328609
tap1,15,576,1362,830.23126,1317.3138,0.26999998,1567410329262
tap1,69,864,1074,973.099,1174.3883,0.48,1567410330027
tap1,11,576,1074,693.35803,1148.4019,0.42,1567410330762
tap1,68,864,1362,956.1147,1436.252,0.29999998,1567410331487
tap1,21,0,1218,88.91767,1277.3347,0.35999998,1567410332324
tap1,75,288,1506,413.61703,1577.1785,0.38,1567410333110
tap1,17,288,1218,407.62256,1278.3342,0.42,1567410333845
tap1,78,0,1506,95.911194,1569.1827,0.45999998,1567410334733
tap1,54,576,642,667.3821,732.6184,0.35999998,1567410335610
tap1,22,864,930,977.0953,960.4997,0.35999998,1567410336366
tap1,18,864,642,958.11285,684.6434,0.41,1567410337151
tap1,55,576,930,677.3728,1012.47266,0.38,1567410337927
tap1,4,576,1794,674.3756,1877.0223,0.21,1567410338743
tap1,73,864,1506,986.087,1535.2004,0.19,1567410339591
tap1,72,576,1506,670.3793,1569.1827,0.32,1567410340468
tap1,3,864,1794,959.11194,1849.0369,0.26,1567410341275
tap1,90,720,1362,808.25165,1385.2784,0.29999998,1567410341989
tap1,77,432,1650,508.52914,1730.0989,0.32,1567410342796
tap1,23,720,1650,835.2266,1728.0999,0.34,1567410343530
tap1,92,432,1362,545.49493,1415.2628,0.29999998,1567410344249
tap1,67,432,1074,551.4894,1151.4003,0.38,1567410345082
tap1,82,144,1362,255.76318,1458.2405,0.44,1567410345929
tap1,84,432,1362,541.4986,1412.2644,0.45,1567410346715
tap1,44,144,1074,248.76965,1161.395,0.35999998,1567410347490
tap1,38,432,1506,541.4986,1596.1686,0.35999998,1567410348399
tap1,45,144,1794,255.76318,1868.027,0.32999998,1567410349125
tap1,44,432,1794,539.5005,1867.0276,0.26999998,1567410349807
tap1,39,144,1506,205.80943,1550.1926,0.39999998,1567410350511
tap1,42,432,1506,515.52264,1577.1785,0.42,1567410351226
tap1,87,720,1794,820.24054,1903.0088,0.24,1567410352022
tap1,89,432,1794,547.49304,1840.0416,0.29,1567410352828
tap1,43,720,1506,861.2026,1534.2009,0.28,1567410353695
tap1,42,0,1362,80.92507,1430.255,0.42,1567410354634
tap1,91,288,1650,410.6198,1683.1233,0.39999998,1567410355318
tap1,89,288,1362,398.6309,1408.2665,0.29,1567410356135
tap1,66,0,1650,103.90379,1682.1239,0.37,1567410356982
tap1,56,432,642,550.4903,740.61426,0.32999998,1567410357921
tap1,81,144,930,244.77336,1023.4669,0.35,1567410358758
tap1,20,432,930,502.5347,981.4888,0.42,1567410359687
tap1,79,144,642,232.78445,693.63873,0.39,1567410360463
drag1,2,390.5996,646.6632,0.47,2642.5516159999997,53.10326912707264
drag1,3,693.35803,929.51587,0.53999996,2378.989,66.45032240806196
drag1,4,657.3913,658.15717,0.42999998,2542.76277,79.36567142500479
drag1,5,413.8128,925.51794,0.45,3563.2269229999997,68.91871866960783
drag1,9,425.10638,810.0781,0.53,2960.7003849999996,80.94411415991577
drag1,17,662.2843,1077.5411,0.51,3162.709231,53.13402761890865
drag1,16,361.8022,1104.5619,0.55,4135.81077,55.351251481669124
drag1,7,674.3756,794.24426,0.53999996,2555.234923,80.21125422736858
drag1,4,700.851,674.6486,0.53,1775.887462,59.920261056941555
drag1,10,392.63644,357.80115,0.59,2812.8073839999997,91.09864878481312
drag1,2,398.6309,685.6429,0.56,2268.721846,58.141026590201335
drag1,11,668.30286,381.80115,0.63,4328.150539,70.81248014044505
drag1,4,709.3432,614.73267,0.58,2255.112385,58.14681594086902
drag1,18,404.62534,1232.3582,0.51,3506.0475389999997,80.26452200709493
drag1,2,388.0333,643.66473,0.65,2416.482077,79.2246288889379
drag1,19,680.37006,1233.3575,0.63,3043.294693,56.29162728653102
drag1,13,673.1813,242.8735,0.71,2991.6776919999998,65.43648453275836
drag1,6,384.64386,507.76563,0.66999996,2655.0655389999997,64.0907157541501
drag1,12,396.7632,192.89952,0.69,2491.792692,92.59112359274373
drag1,8,661.38763,534.7215,0.53999996,2498.460231,66.26901819059752
drag1,19,665.3839,1212.7607,0.53,2470.535538,64.1449646177811
drag1,22,404.62534,1510.5891,0.53,2726.770307,51.7513588460529
drag1,18,427.79007,1206.5579,0.55,2206.160461,87.73127484419946
drag1,23,689.3617,1529.7032,0.44,3512.562462,67.9279142129659
drag1,14,404.62534,71.96252,0.59,2886.7469229999997,91.2544246979027
drag1,11,694.35706,375.80426,0.57,2762.5996929999997,59.60804276396271
drag1,10,381.64664,339.823,0.59999996,2384.422,83.96197979349792
drag1,15,676.3737,54.971367,0.62,3182.676077,65.84788078041704
drag1,17,687.3635,1076.4393,0.75,3513.9852309999997,75.90776731161579
drag1,20,377.65033,1377.7822,0.48999998,2665.2639999999997,56.7202011902696
drag1,21,661.38763,1417.2618,0.45,2973.37777,34.052735698329066
drag1,16,373.04498,1070.4425,0.59,2909.627385,86.22318709099933
drag1,24,238.73228,68.96408,0.68,4215.203769,68.79658697863435
drag1,26,510.52728,373.92902,0.63,3237.0936149999998,41.024606383304956
drag1,27,232.78445,362.31128,0.57,2329.0879999999997,82.64345352929199
drag1,25,511.46863,57.854305,0.77,2217.83177,72.98516465184998
drag1,66,838.77106,1519.2087,0.78,2768.849001,60.672167998871764
drag1,41,557.4838,1176.3873,0.59999996,2483.238539,96.34543228878864
drag1,42,596.50745,1487.2253,0.42,2653.279923,67.8165127983155
drag1,65,834.14966,1236.3561,0.51,2420.2116929999997,84.80798498384294
drag1,36,202.31268,809.5783,0.63,2727.211538,65.0013995396464
drag1,38,517.5208,1083.4357,0.51,2089.847001,58.122585685513116
drag1,39,244.77336,1112.4205,0.75,2741.307616,54.09699834965309
drag1,37,496.67065,791.5877,0.72999996,2451.342001,85.18867599425741
drag1,16,359.667,1076.4393,0.55,2534.981077,69.94627424376432
drag1,56,79.925995,1359.292,0.52,2573.054769,72.37912742624418
drag1,20,369.04916,1361.291,0.37,1806.3831539999999,72.11656780834682
drag1,53,95.911194,1051.4524,0.48,2318.7270009999997,87.53806157985196
drag1,59,816.2442,220.88495,0.69,2711.398616,64.56840226257856
drag1,30,530.5088,557.2097,0.64,2920.374923,51.14135977576032
drag1,29,544.49585,217.8865,0.65999997,2644.716539,94.16174244082221
drag1,60,845.2174,492.74323,0.63,3656.066769,84.41661099250229
drag1,33,535.50415,655.0566,0.75,3206.3440769999997,59.384229251739626
drag1,62,778.27936,920.52527,0.61,3378.2984619999997,69.26783650491375
drag1,61,777.2803,666.1531,0.59,1634.3089229999998,104.37909158643313
drag1,34,572.6016,975.4919,0.61,2677.157616,51.01270538569652
drag1,6,422.6087,496.74127,0.64,2830.168693,82.95949122143276
drag1,48,75.929695,209.89067,0.65,2459.1629239999997,87.97533179614871
drag1,12,391.6374,169.9115,0.51,1655.307539,77.78701131974819
drag1,49,78.92692,532.73376,0.59,2154.065307,67.60484048800281
drag1,51,116.89177,899.5315,0.48999998,2129.913154,66.10931095427982
drag1,2,366.6605,602.591,0.63,2138.3036159999997,81.10553714428437
drag1,5,402.76044,917.3888,0.48999998,2985.984923,72.70954869219231
drag1,50,101.90564,641.6197,0.63,2184.70223,81.46637885342271
drag1,37,509.52823,745.61163,0.62,2582.412231,67.02068235678823
drag1,64,862.20166,1070.4425,0.48999998,3281.568692,58.84799565211991
drag1,38,526.5125,1079.4377,0.45,2057.975539,79.09477633900148
drag1,63,818.2424,797.5846,0.53999996,3403.457231,70.30776170839856
drag1,29,554.4866,225.88235,0.64,3247.229462,63.072987210475695
drag1,31,255.37802,478.44357,0.63,2630.3269999999998,69.50085739478271
drag1,28,273.74652,197.89693,0.69,2128.622539,87.63184974726443
drag1,30,553.4875,499.73972,0.57,2974.311769,60.996359595831905
drag1,42,545.49493,1480.229,0.58,3519.273539,70.66179252698349
drag1,40,230.78632,1201.3743,0.57,2272.4849999999997,86.30625487469294
drag1,41,508.7826,1224.4891,0.5,2778.368692,66.84863297344029
drag1,43,239.77798,1508.3704,0.48999998,2612.087,58.05610979690137
drag1,45,269.7669,1361.291,0.39,2104.640846,63.919301950766936
drag1,82,545.9945,1618.1572,0.47,3277.423,69.79806183236568
drag1,80,233.78354,1680.6246,0.57,4012.8409239999996,65.57470726957449
drag1,44,521.5171,1369.7864,0.53,2980.5263849999997,55.485562179630364
drag1,57,807.25256,90.95263,0.66999996,3240.684077,64.2988075506347
drag1,26,523.5696,367.8084,0.65,2960.389308,42.212618195820404
drag1,58,813.2035,369.80737,0.57,3583.572001,55.80503001776185
drag1,25,561.4801,69.57157,0.64,3532.814924,83.389528734901
drag1,64,838.2239,1047.4545,0.57,2531.48277,49.17285771993298
drag1,44,553.5397,1376.2832,0.47,3012.703385,52.11444593706741
drag1,38,558.4829,1043.6522,0.51,2470.9933849999998,73.61578786331744
drag1,67,821.2396,1355.2941,0.53,2617.844231,59.312159103287186
drag1,9,368.58734,778.6658,0.63,2524.005924,72.59071140402506
drag1,53,82.92322,1044.4559,0.75,2450.401692,69.6796450453876
drag1,16,385.1434,1043.4565,0.48,1694.8106149999999,85.26359249260828
drag1,52,103.90379,759.6044,0.59,2239.7723849999998,83.48863198041886
drag1,74,944.1258,812.5768,0.65999997,2712.6416919999997,56.57287941640369
drag1,17,683.36725,1074.8324,0.38,2317.537461,73.3207840588048
drag1,75,944.1258,1084.8268,0.48,2051.906692,59.15821437680676
drag1,7,673.3765,815.616,0.56,2817.363077,77.73635601878867
drag1,70,935.13416,226.88182,0.71999997,2261.3339229999997,84.01914652070006
drag1,8,707.34503,511.86365,0.65,2603.589846,48.889947572012865
drag1,13,707.34503,198.89035,0.77,1970.1035379999998,70.98689970520937
drag1,71,933.136,483.74805,0.78,2614.12823,57.05654770568008
drag1,78,982.09064,1331.7823,0.42,4161.7393839999995,72.0430400219303
drag1,83,670.3793,1662.4817,0.48999998,3910.377615,54.87433589284165
drag1,21,701.3506,1366.2394,0.59999996,2266.356385,77.01526822555357
drag1,85,1001.07306,1661.1348,0.39,3107.238461,56.15946955903464
drag1,19,667.3821,1214.3674,0.53,2873.742538,89.90520989429966
drag1,77,975.3789,1462.6743,0.45999998,3861.536154,81.68383848170429
drag1,76,954.1166,1232.9113,0.47,1857.993231,78.49338918292199
drag1,23,730.3238,1512.2124,0.47,2485.8476929999997,52.57705203657744
drag1,15,698.3534,77.9594,0.65,3064.588538,65.39890373840312
drag1,69,973.099,373.5265,0.57,3408.3213849999997,61.4012888721854
drag1,11,706.15137,367.8084,0.56,2491.1055389999997,71.99021412250349
drag1,68,998.07587,87.954185,0.66999996,3185.9472309999996,87.23659343641272
drag1,21,701.3506,1378.2821,0.68,4490.8158459999995,71.79269770319891
drag1,75,1005.0694,1038.9589,0.35,2562.8265389999997,78.19583337289995
drag1,17,673.48224,1076.3335,0.41,2023.9345389999999,57.09911023703554
drag1,78,953.1175,1391.2754,0.5,2374.863538,46.17734058456498
drag1,54,102.98989,1205.4575,0.41,2167.1413079999998,82.79414948679539
drag1,22,397.63184,1447.2462,0.39999998,2555.2719239999997,75.19061338817923
drag1,18,414.6161,1219.3649,0.45,1635.019077,81.81867680544163
drag1,55,83.922295,1508.7142,0.56,2397.418154,70.64663619127366
drag1,67,828.2331,1374.2842,0.48999998,2545.780923,75.34640454982518
drag1,82,571.4709,1662.1343,0.39,2454.4643849999998,61.36122549578247
drag1,84,825.2359,1619.1566,0.51,1981.807462,80.32930675684297
drag1,44,507.03052,1355.2941,0.56,2450.4423079999997,74.82561096314139
drag1,38,555.48566,1069.443,0.52,1744.4711539999998,96.88636436408356
drag1,45,270.7493,1372.2853,0.55,2914.065846,53.14354217854723
drag1,44,567.4745,1311.3169,0.45999998,2023.2665379999999,83.26244277301504
drag1,39,241.77614,1091.4315,0.56,2270.509847,78.86410757721158
drag1,56,286.12677,1086.4341,0.37,1274.422077,358.67265949783314
drag1,81,422.6087,1623.3109,0.39,2480.4710769999997,46.902847900661165
drag1,20,445.58743,1357.2931,0.55,2693.378308,88.08047006886099
drag1,79,101.90564,1657.1368,0.62,3158.951769,62.68177036962215
drag1,33,544.49585,610.68195,0.81,4732.027999999999,92.42619936652574
drag1,35,257.76132,1014.86096,0.57,3134.366615,56.14991864025411
drag1,34,550.4903,901.53046,0.53,1767.4948459999998,89.42981159065047
drag1,32,276.12683,643.51733,0.62,4134.5356919999995,88.00257841261408
drag1,9,384.79257,773.002,0.65999997,1830.599769,58.86212118189025
drag1,8,686.3645,496.74127,0.74,2885.040923,76.92478992153387
drag1,6,391.13788,525.22644,0.63,2256.262308,70.74403985145518
drag1,7,695.35614,816.5747,0.61,3197.856923,44.21358903962749
drag1,14,385.6429,46.715782,0.78999996,3544.406154,79.83282535460337
drag1,47,88.91767,361.96814,0.7,2644.295462,58.59280770021801
drag1,46,105.90195,50.97345,0.81,2166.448539,79.18799096680605
drag1,10,355.6707,310.8381,0.71,2272.640231,69.11789699727977
drag1,4,689.3617,650.6611,0.59,2075.909615,50.306899106101824
drag1,73,974.0981,943.50854,0.71,2354.4249999999997,61.3778494605725
drag1,72,977.0953,668.65173,0.52,1930.4494619999998,89.0762320504552
drag1,3,668.3811,962.49866,0.57,2279.470385,59.63468758201246
