scale2,25,54.837082,4086.381077
scale2,9,-3.9983597,3428.582231
scale2,28,34.30442,3889.2567689999996
scale2,10,44.900665,3298.4229229999996
scale2,29,-14.945698,4389.032462
scale2,12,18.852917,4234.684231
scale2,30,24.91793,6195.4
scale2,13,4.001129,6012.607923
scale2,32,34.96702,4674.856307999999
scale2,15,30.27012,4574.224692
scale2,34,32.446045,5790.863616
scale2,17,90.312675,6758.658539
scale2,1,45.147903,6260.238230999999
scale2,20,36.336266,3205.223154
scale2,3,51.221542,3931.205461
scale2,24,631.41626,1929.188385
scale2,16,25.369543,2143.692385
scale2,2,28.875818,2889.547
scale2,23,103.56705,2094.826769
scale2,7,15.013739,1869.2372309999998
scale2,11,7.9386864,1867.557462
scale2,14,47.186863,2123.853231
scale2,26,40.410725,2082.746462
scale2,35,73.39354,1694.484462
scale2,21,4.6961403,2094.075923
scale2,22,79.47253,3010.493846
scale2,27,114.921936,1613.062001
scale2,36,111.94086,1755.569385
scale2,31,292.93607,1257.37
scale2,19,95.01643,1244.4804609999999
scale2,4,41.029198,2605.263077
scale2,8,29.707037,2015.494231
scale2,5,1238.1704,1347.400615
scale2,33,76.2048,1992.8603839999998
scale2,18,27.619234,1349.4952309999999
scale2,6,97.12708,2907.718231
scale1,27,69.62029,1140.950077
scale1,46,80.96124,1141.597846
scale1,26,157.22452,1151.965539
scale1,4,119.97592,1168.06123
scale1,43,105.91349,1123.027615
scale1,25,82.37858,1090.529384
scale1,42,53.45508,1151.86877
scale1,23,55.837017,1029.349769
scale1,5,78.449524,1346.190308
scale1,24,212.5997,968.2460769999999
scale1,19,84.69374,1070.514923
scale1,2,47.65574,1519.720769
scale1,44,95.43164,1049.373539
scale1,65,90.4593,1294.815769
scale1,45,233.38765,957.9307699999999
scale1,28,99.65952,1018.708616
scale1,13,109.97019,1019.322692
scale1,56,101.57921,1183.589154
scale1,40,94.299225,1356.3804619999999
scale1,41,204.39635,948.026616
scale1,6,122.703415,1285.070616
scale1,51,119.7586,835.606846
scale1,36,85.981064,1111.245
scale1,21,69.04887,988.6477689999999
scale1,8,76.76415,1019.21777
scale1,57,43.984726,1090.802616
scale1,39,227.10509,1050.110154
scale1,9,45.80159,1111.350231
scale1,58,166.29692,1254.424847
scale1,47,73.960304,1103.193462
scale1,1,79.00299,1704.524692
scale1,35,139.58195,940.743923
scale1,3,70.857285,1275.606308
scale1,17,80.27666,1039.996693
scale1,53,77.98758,1264.362461
scale1,34,102.05358,855.941923
scale1,18,92.79664,825.2783079999999
scale1,50,113.51984,978.471
scale1,62,113.91438,1100.869231
scale1,66,57.244125,1295.4953839999998
scale1,20,132.15015,879.3961539999999
scale1,37,258.13354,774.181385
scale1,32,139.25517,855.608847
scale1,31,130.13913,876.284692
scale1,49,118.01871,866.479462
scale1,7,38.97139,1226.764616
scale1,15,101.448784,947.958846
scale1,10,64.51886,927.5997689999999
scale1,60,155.81377,876.3444619999999
scale1,63,124.67227,835.564538
scale1,59,120.268875,917.1775379999999
scale1,55,119.24197,804.852539
scale1,14,68.8358,937.5963069999999
scale1,12,64.57757,1019.6667689999999
scale1,54,44.452606,1009.148461
scale1,52,55.783115,1070.532846
scale1,48,2449.8154,1234.0777699999999
scale1,30,139.18463,983.682693
scale1,16,24.300316,855.8539999999999
scale1,11,51.86048,1182.6636919999999
scale1,61,102.69724,1113.167923
scale1,38,97.89543,1254.354692
scale1,29,41.14452,1039.571769
scale1,64,57.119637,1611.981769
scale1,22,9.65815,1685.865539
scale1,33,14.807098,1011.965077
rotate2,2,6.898842,3163.676
rotate2,13,5.003708,3055.112231
rotate2,8,3.1362534,3066.177385
rotate2,3,11.192406,3985.177538
rotate2,7,7.3576813,3554.0463849999996
rotate2,12,6.087738,4249.609539
rotate2,1,-63.82862,4034.524
rotate2,11,-2.4236755,4137.221308
rotate2,6,-0.09056091,3964.497077
rotate2,10,1.9096909,2780.118077
rotate2,5,7.9611893,3922.249231
rotate2,15,2.4756851,4044.309154
rotate2,9,11.3207855,3513.9577689999996
rotate2,4,-2.8547592,3003.3793849999997
rotate2,14,11.681595,3043.235693
rotate1,9,-3.1802988,2025.6902309999998
rotate1,4,-4.1575203,1489.929616
rotate1,13,-2.819065,1666.457077
rotate1,6,-4.2453346,1881.8495389999998
rotate1,15,1.1378727,3342.356692
rotate1,2,-0.29196072,2103.343077
rotate1,10,-1.351572,1418.684769
rotate1,5,-0.44194412,1656.086846
rotate1,14,2.0115623,1779.458923
rotate1,8,0.32317734,1573.84
rotate1,11,2.8368168,1689.824077
rotate1,7,-0.26398277,1597.131077
rotate1,1,-2.6660337,1963.8271539999998
rotate1,12,1.6576195,2082.887847
rotate1,3,-3.6346407,1715.621923
tap2,6,138,480,202.81221,492.74335,1.17,1567556547550
tap2,7,759,1101,810.24976,1140.406,0.87,1567556548829
tap2,8,138,1101,204.81036,1130.4113,0.96999997,1567556549932
tap2,9,759,480,839.22296,478.75064,0.5,1567556550922
tap2,164,0,687,98.90842,678.64655,0.82,1567556552076
tap2,183,621,1308,678.3719,1344.2998,0.87,1567556553292
tap2,182,0,1308,62.94172,1396.2727,0.75,1567556554374
tap2,163,621,687,688.3626,709.6304,0.91999996,1567556555468
tap2,242,345,66,382.6457,70.963036,1.01,1567556556693
tap2,243,552,1032,636.4107,1084.4352,0.78999996,1567556557847
tap2,244,345,1032,404.62534,1076.4393,0.87,1567556558910
tap2,245,552,66,599.44495,75.960434,0.78999996,1567556560166
tap2,42,69,411,129.87975,437.77197,0.85999995,1567556561300
tap2,43,690,1032,770.2868,1063.446,0.59999996,1567556562474
tap2,45,690,411,796.2627,428.77667,0.85999995,1567556563414
tap2,44,69,1032,133.87604,1094.4299,0.87,1567556564538
tap2,322,345,756,432.59946,767.6002,0.9,1567556565631
tap2,321,483,1653,564.47736,1693.1182,0.65,1567556566795
tap2,316,345,1653,382.6457,1685.1223,0.65999997,1567556567827
tap2,323,483,756,545.49493,790.5882,0.78,1567556568879
tap2,2,138,549,223.79279,573.7012,1.12,1567556569992
tap2,3,759,1170,847.2156,1202.3738,0.77,1567556571197
tap2,4,138,1170,203.81128,1203.3732,0.97999996,1567556572229
tap2,5,759,549,849.2137,542.71735,0.94,1567556573169
tap2,11,759,1032,825.2359,1053.4513,0.68,1567556574200
tap2,10,138,411,229.78723,450.76523,0.85999995,1567556575314
tap2,12,138,1032,173.83904,1078.4382,0.75,1567556576427
tap2,13,759,411,845.2174,418.78186,0.65,1567556577336
tap2,15,759,963,856.2072,1005.4763,0.48,1567556578225
tap2,14,138,342,182.83072,320.8329,0.93,1567556579318
tap2,17,759,342,855.2081,325.8303,0.9,1567556580206
tap2,16,138,963,204.81036,990.4841,0.94,1567556581156
tap2,122,207,66,223.79279,73.96148,0.88,1567556582474
tap2,123,828,687,945.1249,740.61426,0.65,1567556583352
tap2,124,207,687,295.7262,688.6413,0.84,1567556584220
tap2,125,828,66,874.19055,87.954185,0.98999995,1567556586141
tap2,135,621,1170,711.3414,1179.3857,0.48,1567556587152
tap2,134,0,549,91.914894,567.7043,0.82,1567556588183
tap2,136,0,1170,73.93155,1229.3596,0.71999997,1567556589297
tap2,137,621,549,671.37836,561.70746,0.77,1567556590247
tap2,130,69,66,139.87048,85.95523,0.72999996,1567556591574
tap2,131,690,687,733.321,735.6168,0.65,1567556592647
tap2,133,690,66,771.2858,80.95783,0.84,1567556593689
tap2,132,69,687,132.87697,720.62463,0.5,1567556594792
tap2,127,759,687,850.21277,743.6127,0.59,1567556595701
tap2,126,138,66,209.80574,101.9469,0.79999995,1567556596998
tap2,128,138,687,207.80759,714.6278,0.57,1567556597999
tap2,129,759,66,797.2618,75.960434,0.7,1567556599062
tap2,18,138,273,163.8483,275.85632,0.77,1567556600114
tap2,19,759,894,840.22205,899.5315,0.45,1567556601034
tap2,20,138,894,236.78076,919.52106,0.75,1567556602188
tap2,21,759,273,860.2035,285.8511,0.71999997,1567556603097
tap2,35,828,1170,911.1564,1208.3706,0.44,1567556604220
tap2,34,207,549,321.70212,556.71,0.96,1567556605324
tap2,36,207,1170,246.77151,1210.3696,0.63,1567556606335
tap2,37,828,549,877.1878,547.7147,0.71,1567556607356
tap2,26,138,135,202.81221,138.92764,0.78999996,1567556608490
tap2,27,759,756,851.21185,760.6038,0.66999996,1567556609491
tap2,28,138,756,216.79926,753.6075,0.98999995,1567556610512
tap2,29,759,135,837.2248,144.92451,0.94,1567556611554
tap2,43,690,1032,792.2664,1061.4471,0.47,1567556612504
tap2,42,69,411,118.889915,433.77408,0.96,1567556613699
tap2,45,690,411,776.28125,412.785,0.66999996,1567556614526
tap2,44,69,1032,132.87697,1056.4497,0.78999996,1567556615497
tap2,24,138,825,199.81499,854.5549,0.95,1567556616396
tap2,25,759,204,847.2156,220.88495,0.98999995,1567556617254
tap2,22,138,204,206.80852,202.89432,0.82,1567556618326
tap2,23,759,825,871.19336,877.5429,0.44,1567556619256
tap2,38,69,480,133.87604,462.75897,0.76,1567556620226
tap2,39,690,1101,761.2951,1142.405,0.48,1567556621319
tap2,40,69,1101,135.87419,1112.4205,0.74,1567556622187
tap2,41,690,480,763.2933,487.74594,0.72999996,1567556623106
tap2,33,690,549,752.3034,523.72723,0.65999997,1567556623954
tap2,32,69,1170,113.89455,1201.3743,0.68,1567556624915
tap2,30,69,549,145.86494,561.70746,1.0699999,1567556625885
tap2,31,690,1170,780.2775,1242.3529,0.53,1567556626855
tap2,46,69,342,137.87234,319.8334,0.98999995,1567556627999
tap2,47,690,963,775.28217,1002.47784,0.45,1567556628939
tap2,48,69,963,117.89084,972.49347,0.68,1567556629899
tap2,49,690,342,730.3238,340.82248,0.84,1567556630788
tap2,108,276,963,375.65216,930.5153,0.74,1567556631656
tap2,231,897,1584,933.136,1640.1458,0.38,1567556632790
tap2,230,276,1584,373.65402,1629.1515,0.65,1567556633587
tap2,107,897,963,992.0814,971.494,0.51,1567556634506
tap2,143,621,1032,712.34045,1040.4581,0.66999996,1567556635436
tap2,232,0,1653,75.929695,1654.1384,0.64,1567556636580
tap2,233,621,1653,662.38666,1680.1249,0.34,1567556637550
tap2,144,0,1032,76.92877,978.49036,0.79999995,1567556638531
tap2,44,69,1032,161.85014,998.4799,0.9,1567556639460
tap2,235,690,1653,795.2637,1650.1405,0.72999996,1567556640492
tap2,43,690,1032,774.2831,1025.4658,0.91999996,1567556641299
tap2,234,69,1653,130.87881,1691.1191,0.82,1567556642351
tap2,12,138,1032,207.80759,1024.4664,0.97999996,1567556643342
tap2,237,759,1653,811.24884,1722.103,0.53,1567556644404
tap2,11,759,1032,859.20447,1064.4456,0.72999996,1567556645283
tap2,236,138,1653,195.8187,1694.1176,0.77,1567556646274
tap2,238,207,1653,263.7558,1683.1233,0.78,1567556647142
tap2,67,828,1032,882.18317,1026.4653,0.75,1567556648133
tap2,68,207,1032,272.74747,1037.4596,1.17,1567556649103
tap2,239,828,1653,925.1434,1677.1265,0.53999996,1567556650196
tap2,104,276,1032,376.65125,1041.4575,1.09,1567556651156
tap2,241,897,1653,1006.0685,1681.1244,0.41,1567556652280
tap2,240,276,1653,326.6975,1675.1274,0.75,1567556653169
tap2,103,897,1032,965.1064,1030.4633,0.71999997,1567556654109
tap2,50,69,273,157.85384,258.86517,0.81,1567556655385
tap2,51,690,894,774.2831,931.51483,0.62,1567556656407
tap2,52,69,894,124.88437,937.5117,0.93,1567556657398
tap2,53,690,273,764.2923,292.84747,0.94,1567556658389
tap2,55,690,825,763.2933,843.5606,0.59999996,1567556659267
tap2,54,69,204,114.893616,249.86986,0.71,1567556660401
tap2,56,69,825,146.86401,857.55334,0.71999997,1567556661320
tap2,57,690,204,750.3053,179.9063,0.75,1567556662281
tap2,59,690,756,770.2868,754.60693,0.71999997,1567556663159
tap2,58,69,135,131.8779,144.92451,0.88,1567556664232
tap2,61,690,135,748.3071,131.93129,0.72999996,1567556665274
tap2,60,69,756,160.85106,781.5929,0.58,1567556666356
tap2,62,207,480,257.76132,450.76523,0.69,1567556667317
tap2,63,828,1101,860.2035,1084.4352,0.28,1567556668277
tap2,64,207,1101,252.76596,1089.4326,0.68,1567556669145
tap2,65,828,480,908.1591,449.76575,1.0,1567556669962
tap2,290,345,480,420.61053,468.75586,0.90999997,1567556670769
tap2,291,552,1446,637.4098,1497.2202,0.63,1567556671760
tap2,293,552,480,600.44403,491.74387,0.66999996,1567556672761
tap2,292,345,1446,408.62164,1507.215,0.65,1567556673732
tap2,141,621,480,712.34045,456.7621,0.82,1567556674682
tap2,295,414,1446,496.54025,1504.2166,0.65999997,1567556675714
tap2,294,414,480,510.52728,477.75116,0.53999996,1567556676694
tap2,203,621,1446,733.321,1480.229,0.51,1567556677685
tap2,297,483,1446,549.4912,1480.229,0.53999996,1567556678594
tap2,41,690,480,795.2637,529.72406,0.52,1567556679463
tap2,296,483,480,564.47736,479.75012,0.71999997,1567556680270
tap2,205,690,1446,772.2849,1499.2191,0.58,1567556681373
tap2,319,414,1653,492.54395,1654.1384,0.47,1567556682272
tap2,325,552,756,649.3987,742.6132,0.68,1567556683212
tap2,324,414,756,458.5754,788.58923,0.64,1567556684111
tap2,315,552,1653,616.42926,1687.1212,0.57,1567556685071
tap2,298,345,549,438.5939,534.7215,1.01,1567556686144
tap2,299,552,1515,630.41626,1527.2046,0.65999997,1567556687155
tap2,301,552,549,651.39685,578.6986,1.09,1567556688115
tap2,300,345,1515,399.62997,1542.1968,0.71,1567556689219
tap2,326,345,825,442.5902,836.5643,0.90999997,1567556690087
tap2,256,483,135,574.4681,128.93285,0.78999996,1567556691405
tap2,250,345,135,415.61517,130.93181,0.61,1567556692273
tap2,327,483,825,566.47546,851.55646,0.52,1567556693223
tap2,67,828,1032,924.1443,1045.4554,0.34,1567556694183
tap2,66,207,411,266.75302,396.79333,0.59,1567556695317
tap2,68,207,1032,262.7567,1057.4492,0.51,1567556696318
tap2,69,828,411,882.18317,396.79333,0.65999997,1567556697288
tap2,72,207,963,258.7604,968.49554,0.79999995,1567556698167
tap2,73,828,342,923.14526,326.82977,0.74,1567556699127
tap2,70,207,342,250.7678,343.82092,0.81,1567556700241
tap2,71,828,963,873.19147,983.48773,0.48999998,1567556701139
tap2,76,207,894,320.70306,890.53613,0.56,1567556702028
tap2,77,828,273,893.173,229.88026,0.66999996,1567556702855
tap2,74,207,273,249.76874,260.86414,0.78999996,1567556703744
tap2,75,828,894,897.1693,913.5242,0.48999998,1567556704571
tap2,80,207,825,294.7271,809.5783,0.63,1567556705409
tap2,81,828,204,890.1758,177.90733,0.74,1567556706236
tap2,78,207,204,236.78076,233.87819,0.61,1567556707227
tap2,79,828,825,888.1776,851.55646,0.39,1567556708208
tap2,84,207,756,251.76688,791.5877,0.53999996,1567556709005
tap2,85,828,135,881.1841,97.94898,0.64,1567556709975
tap2,82,207,135,244.77336,133.93024,0.62,1567556710976
tap2,83,828,756,891.17487,812.5768,0.61,1567556711988
tap2,89,621,618,666.383,574.7007,0.53,1567556712795
tap2,88,0,1239,69.93524,1230.3591,0.53,1567556713888
tap2,87,621,1239,687.3635,1261.343,0.65999997,1567556714776
tap2,86,0,618,82.92322,623.6752,0.59999996,1567556715920
tap2,305,483,1515,546.494,1537.1993,0.44,1567556716993
tap2,33,690,549,766.29047,551.71265,0.65,1567556717831
tap2,304,483,549,582.4607,558.709,0.68,1567556718679
tap2,215,690,1515,762.2942,1507.215,0.48,1567556719649
tap2,309,552,618,626.42,641.6658,0.59,1567556720507
tap2,308,345,1584,409.62073,1599.1671,0.47,1567556721478
tap2,307,552,1584,653.395,1569.1827,0.57,1567556722387
tap2,306,345,618,382.6457,615.6793,0.69,1567556723358
tap2,258,345,204,411.61887,193.899,0.51,1567556724328
tap2,331,483,894,607.43756,889.5367,0.53999996,1567556725186
tap2,330,345,894,404.62534,912.5247,0.59999996,1567556726056
tap2,264,483,204,542.4977,202.89432,0.64,1567556727107
tap2,223,621,1584,666.383,1651.14,0.51,1567556728098
tap2,310,414,618,458.5754,602.6861,0.53,1567556729017
tap2,89,621,618,693.35803,622.67566,0.47,1567556729844
tap2,311,414,1584,456.57724,1609.1619,0.48,1567556730784
tap2,261,552,204,595.44867,212.88911,0.75,1567556731755
tap2,322,345,756,390.6383,752.608,0.62,1567556732715
tap2,262,414,204,465.5689,183.9042,0.68,1567556733686
tap2,333,552,894,614.4311,917.5221,0.53,1567556734564
tap2,312,483,618,536.50323,601.6866,0.53999996,1567556735432
tap2,225,690,1584,768.28864,1615.1587,0.32,1567556736403
tap2,93,690,618,738.3164,635.6689,0.62,1567556737179
tap2,313,483,1584,548.4921,1623.1545,0.56,1567556738140
tap2,91,690,1239,781.2766,1189.3805,0.45999998,1567556738865
tap2,90,69,618,141.86864,607.6835,0.71999997,1567556739856
tap2,93,690,618,788.27014,598.6882,0.58,1567556740622
tap2,92,69,1239,118.889915,1256.3456,0.61,1567556741562
tap2,108,276,963,391.6374,933.5138,0.59,1567556742441
tap2,109,897,342,985.0879,307.83966,0.56,1567556743329
tap2,106,276,342,326.6975,354.8152,0.53,1567556744688
tap2,107,897,963,926.14246,931.51483,0.44,1567556745465
tap2,100,276,1101,319.70398,1138.4071,0.69,1567556746333
tap2,101,897,480,945.1249,497.74075,0.69,1567556747099
tap2,99,897,1101,924.1443,1105.4242,0.7,1567556748008
tap2,98,276,480,326.6975,494.7423,0.65999997,1567556748959
tap2,105,897,411,992.0814,404.78915,0.65999997,1567556749888
tap2,104,276,1032,314.70862,1015.47107,0.72999996,1567556750798
tap2,102,276,411,289.73172,382.80063,0.7,1567556751768
tap2,103,897,1032,959.11194,1047.4545,0.57,1567556752708
tap2,97,897,549,982.09064,536.72046,0.58,1567556753535
tap2,96,276,1170,340.68454,1199.3752,0.62,1567556754476
tap2,94,276,549,350.6753,537.7199,0.66999996,1567556755415
tap2,95,897,1170,958.11285,1184.383,0.48999998,1567556756335
tap2,111,897,894,951.1193,902.5299,0.53,1567556757356
tap2,110,276,273,381.64664,255.86673,0.65,1567556758306
tap2,112,276,894,365.66144,922.5195,0.65,1567556759369
tap2,113,897,273,986.087,298.84433,0.62,1567556760216
tap2,116,276,825,316.70676,846.5591,0.65,1567556761228
tap2,117,897,204,956.1147,204.89328,0.63,1567556762055
tap2,114,276,204,349.67624,187.90213,0.65999997,1567556763026
tap2,115,897,825,968.10364,863.55023,0.5,1567556763935
tap2,119,897,756,967.10455,748.6101,0.51,1567556764803
tap2,118,276,135,282.73822,122.93597,0.82,1567556765774
tap2,121,897,135,934.1351,115.93961,0.69,1567556766795
tap2,120,276,756,327.6966,759.6044,0.74,1567556767684
tap2,152,0,894,93.91304,936.5122,0.61,1567556768695
tap2,213,621,1515,669.3802,1532.2019,0.63,1567556769574
tap2,212,0,1515,58.94542,1504.2166,0.61,1567556770493
tap2,151,621,894,709.3432,839.5627,0.81,1567556771392
tap2,56,69,825,98.90842,824.5705,0.79999995,1567556772281
tap2,205,690,1446,746.30896,1514.2113,0.64,1567556773139
tap2,204,69,1446,149.86124,1487.2253,0.45999998,1567556774058
tap2,55,690,825,790.26825,867.54816,0.57,1567556774967
tap2,24,138,825,161.85014,829.56793,0.59,1567556775887
tap2,207,759,1446,838.2239,1473.2327,0.48999998,1567556776755
tap2,206,138,1446,163.8483,1459.24,0.59,1567556777562
tap2,23,759,825,855.2081,814.57574,0.64,1567556778461
tap2,80,207,825,254.76411,797.5846,0.63,1567556779412
tap2,209,828,1446,880.185,1478.2301,0.47,1567556780331
tap2,208,207,1446,262.7567,1488.2249,0.69,1567556781189
tap2,79,828,825,880.185,827.569,0.64,1567556782078
tap2,115,897,825,955.11566,825.57,0.66999996,1567556783018
tap2,210,276,1446,366.6605,1484.2269,0.55,1567556784009
tap2,116,276,825,335.68918,809.5783,0.59999996,1567556785010
tap2,211,897,1446,950.12024,1459.24,0.38,1567556785919
tap2,203,621,1446,694.35706,1449.2451,0.38,1567556786624
tap2,156,0,825,83.922295,828.5684,0.59,1567556787594
tap2,202,0,1446,67.937096,1445.2472,0.58,1567556788606
tap2,155,621,825,723.33026,822.57153,0.61,1567556789454
tap2,52,69,894,114.893616,898.532,0.63,1567556790444
tap2,215,690,1515,780.2775,1545.1952,0.55,1567556791272
tap2,51,690,894,784.2738,890.53613,0.63,1567556792038
tap2,214,69,1515,135.87419,1561.1869,0.57,1567556793009
tap2,216,138,1515,232.78445,1548.1936,0.39999998,1567556793959
tap2,19,759,894,869.1952,874.5445,0.59,1567556794756
tap2,217,759,1515,849.2137,1543.1962,0.41,1567556795757
tap2,20,138,894,168.84366,927.5169,0.72999996,1567556796646
tap2,141,621,480,691.35986,481.74908,0.65,1567556797524
tap2,140,0,1101,65.93895,1121.4159,0.59999996,1567556798474
tap2,138,0,480,83.922295,494.7423,0.37,1567556799608
tap2,139,621,1101,683.36725,1126.4133,0.58,1567556800558
tap2,142,0,411,72.93247,415.78345,0.55,1567556801570
tap2,143,621,1032,726.32745,1043.4565,0.51,1567556802428
tap2,144,0,1032,33.968548,1080.4373,0.26999998,1567556803398
tap2,145,621,411,658.3904,392.7954,0.59999996,1567556804246
tap2,148,0,963,45.957447,972.49347,0.51,1567556805186
tap2,149,621,342,675.37463,330.8277,0.68,1567556806055
tap2,147,621,963,678.3719,1013.4721,0.57,1567556806974
tap2,146,0,342,49.953747,327.82925,0.61,1567556808149
tap2,153,621,273,712.34045,239.87506,0.65,1567556809078
tap2,152,0,894,77.92784,888.5372,0.62,1567556809998
tap2,150,0,273,61.942646,270.85892,0.71,1567556811132
tap2,151,621,894,721.3321,908.5268,0.62,1567556812102
tap2,266,345,273,388.64014,282.85266,0.65,1567556813042
tap2,267,552,1239,627.41907,1260.3435,0.58,1567556813972
tap2,269,552,273,594.4496,250.86934,0.75,1567556814881
tap2,268,345,1239,443.58926,1267.3398,0.58,1567556815800
tap2,271,414,1239,503.53375,1247.3503,0.55,1567556816649
tap2,153,621,273,675.37463,262.8631,0.68,1567556817527
tap2,270,414,273,436.59573,297.84488,0.59,1567556818426
tap2,87,621,1239,691.35986,1258.3446,0.48,1567556819274
tap2,91,690,1239,744.31085,1258.3446,0.38,1567556820101
tap2,272,483,273,530.5088,255.86673,0.62,1567556821062
tap2,273,483,1239,582.4607,1264.3414,0.35999998,1567556822083
tap2,53,690,273,742.3127,276.8558,0.53,1567556823023
tap2,277,552,342,617.4283,329.82822,0.45999998,1567556823810
tap2,276,345,1308,403.62628,1276.3352,0.55,1567556824658
tap2,274,345,342,387.64108,312.83707,0.7,1567556825556
tap2,275,552,1308,627.41907,1294.3258,0.51,1567556826425
tap2,183,621,1308,674.3756,1286.33,0.42999998,1567556827344
tap2,278,414,342,451.58188,346.81937,0.69,1567556828192
tap2,149,621,342,667.3821,336.82455,0.65999997,1567556829132
tap2,279,414,1308,456.57724,1340.3019,0.58,1567556830021
tap2,281,483,1308,537.5023,1327.3087,0.53,1567556830889
tap2,49,690,342,746.30896,340.82248,0.5,1567556831870
tap2,280,483,342,545.49493,337.82404,0.64,1567556832738
tap2,185,690,1308,758.29785,1331.3065,0.42999998,1567556833617
tap2,156,0,825,94.91212,824.5705,0.58,1567556834577
tap2,157,621,204,690.3608,221.88443,0.7,1567556835558
tap2,155,621,825,687.3635,861.5513,0.41,1567556836436
tap2,154,0,204,80.92507,196.89745,0.66999996,1567556837468
tap2,158,0,135,48.954674,137.92816,0.53,1567556838520
tap2,159,621,756,703.34875,808.57886,0.47,1567556839389
tap2,160,0,756,60.943573,775.596,0.53,1567556840339
tap2,161,621,135,685.3654,109.94273,0.61,1567556841442
tap2,162,0,66,87.918594,75.960434,0.37,1567556842964
tap2,163,621,687,685.3654,689.6408,0.53999996,1567556843853
tap2,164,0,687,68.93617,657.6575,0.58,1567556844762
tap2,165,621,66,655.3932,66.96512,0.57,1567556846805
tap2,169,897,66,951.1193,113.94065,0.59999996,1567556848491
tap2,168,276,687,353.67252,680.6455,0.65,1567556849452
tap2,166,276,66,357.66882,79.95835,0.59999996,1567556851453
tap2,167,897,687,994.0796,686.64233,0.5,1567556852526
tap2,170,138,618,189.82423,611.6814,0.61,1567556853445
tap2,171,759,1239,823.23773,1279.3336,0.56,1567556854569
tap2,173,759,618,846.2165,593.6908,0.59999996,1567556855427
tap2,172,138,1239,193.82054,1241.3534,0.64,1567556856541
tap2,177,828,618,923.14526,603.68555,0.48,1567556857389
tap2,176,207,1239,255.76318,1266.3405,0.57,1567556858277
tap2,174,207,618,257.76132,625.67413,0.59999996,1567556859248
tap2,175,828,1239,899.1674,1269.3389,0.45999998,1567556860218
tap2,133,690,66,750.3053,98.94846,0.57,1567556862210
tap2,249,483,1032,552.48846,1047.4545,0.37,1567556863150
tap2,43,690,1032,750.3053,1005.4763,0.35,1567556864028
tap2,248,483,66,533.50604,73.96148,0.61,1567556865264
tap2,251,552,1101,605.4394,1097.4283,0.38,1567556866184
tap2,250,345,135,403.62628,119.93753,0.63,1567556867175
tap2,252,345,1101,395.63367,1088.4331,0.56,1567556868063
tap2,253,552,135,620.42554,140.92659,0.62,1567556869177
tap2,254,414,135,432.59946,122.93597,0.45999998,1567556870157
tap2,139,621,1101,688.3626,1153.3993,0.47,1567556871250
tap2,161,621,135,705.3469,124.93493,0.55,1567556872149
tap2,255,414,1101,484.55133,1082.4362,0.45999998,1567556873038
tap2,178,276,618,351.67438,579.69806,0.55,1567556873876
tap2,179,897,1239,965.1064,1273.3368,0.37,1567556875112
tap2,181,897,618,957.1138,608.683,0.35,1567556875991
tap2,180,276,1239,318.7049,1228.3602,0.48999998,1567556877012
tap2,132,69,687,129.87975,685.6429,0.53999996,1567556878095
tap2,185,690,1308,760.296,1338.303,0.39999998,1567556879198
tap2,184,69,1308,127.88159,1322.3113,0.48999998,1567556880138
tap2,131,690,687,767.28955,665.65326,0.39,1567556880925
tap2,127,759,687,830.23126,728.6205,0.5,1567556882304
tap2,187,759,1308,850.21277,1315.315,0.39,1567556883264
tap2,186,138,1308,198.81592,1307.3191,0.57,1567556884040
tap2,126,138,66,231.78539,73.96148,0.55,1567556885399
tap2,123,828,687,868.1961,702.63403,0.38,1567556886237
tap2,188,207,1308,275.7447,1328.3081,0.42,1567556887115
tap2,124,207,687,278.7419,685.6429,0.51,1567556888025
tap2,189,828,1308,912.1554,1311.317,0.26999998,1567556888984
tap2,317,552,687,619.42645,700.6351,0.53,1567556889873
tap2,316,345,1653,420.61053,1626.153,0.42999998,1567556890793
tap2,314,345,687,423.6078,655.6585,0.64,1567556891671
tap2,315,552,1653,646.4015,1620.1561,0.39999998,1567556892591
tap2,266,345,273,422.6087,292.84747,0.65999997,1567556893510
tap2,335,483,963,527.5116,968.49554,0.56,1567556894368
tap2,272,483,273,548.4921,267.86047,0.62,1567556895339
tap2,334,345,963,436.59573,1004.4768,0.58,1567556896218
tap2,318,414,687,532.50696,723.6231,0.62,1567556897065
tap2,233,621,1653,713.3395,1679.1254,0.35999998,1567556898076
tap2,163,621,687,681.3691,728.6205,0.57,1567556898832
tap2,319,414,1653,467.56708,1640.1458,0.48999998,1567556899752
tap2,269,552,273,604.4403,289.84903,0.42,1567556900661
tap2,336,414,963,475.55966,991.4836,0.53,1567556901489
tap2,337,552,963,628.41815,932.5143,0.53,1567556902337
tap2,270,414,273,484.55133,262.8631,0.65,1567556903185
tap2,168,276,687,323.7003,686.64233,0.7,1567556904053
tap2,191,897,1308,932.1369,1350.2966,0.35,1567556904880
tap2,167,897,687,941.1286,663.65436,0.56,1567556905596
tap2,190,276,1308,298.72342,1313.3159,0.59999996,1567556906474
tap2,192,0,1377,75.929695,1351.2961,0.58,1567556907404
tap2,160,0,756,77.92784,744.6122,0.56,1567556908497
tap2,193,621,1377,706.346,1412.2644,0.45999998,1567556909754
tap2,159,621,756,696.3552,752.608,0.5,1567556910499
tap2,194,69,1377,130.87881,1401.2701,0.64,1567556911439
tap2,59,690,756,791.26733,760.6038,0.51,1567556912328
tap2,60,69,756,143.86679,730.61945,0.66999996,1567556913227
tap2,195,690,1377,778.27936,1334.305,0.39999998,1567556914024
tap2,28,138,756,212.80296,765.60126,0.53999996,1567556914893
tap2,197,759,1377,795.2637,1390.2759,0.26,1567556915659
tap2,27,759,756,844.2183,734.6174,0.42,1567556916384
tap2,196,138,1377,195.8187,1375.2837,0.47,1567556917314
tap2,84,207,756,271.74838,729.62,0.65,1567556918172
tap2,199,828,1377,881.1841,1388.2769,0.41,1567556919081
tap2,83,828,756,873.19147,749.60956,0.48999998,1567556919776
tap2,198,207,1377,261.75763,1416.2623,0.56,1567556920665
tap2,200,276,1377,374.6531,1388.2769,0.53999996,1567556921533
tap2,119,897,756,947.12305,764.60175,0.64,1567556922453
tap2,120,276,756,335.68918,745.61163,0.69,1567556923290
tap2,201,897,1377,937.13226,1364.2894,0.62,1567556924199
tap2,242,345,66,445.58743,87.954185,0.78,1567556925272
tap2,347,966,687,1027.0491,702.63403,0.39,1567556926161
tap2,338,966,66,1054.024,112.94118,0.5,1567556927172
tap2,314,345,687,338.6864,684.6434,0.48,1567556927979
tap2,322,345,756,451.58188,749.60956,0.48999998,1567556928745
tap2,339,966,135,1058.0204,121.936485,0.45,1567556929675
tap2,348,966,756,1030.0463,714.6278,0.35999998,1567556930748
tap2,250,345,135,401.6281,80.95783,0.76,1567556931781
tap2,258,345,204,410.6198,215.88756,0.84,1567556932709
tap2,349,966,825,1026.0499,823.57104,0.44,1567556933680
tap2,340,966,204,1051.0269,250.86934,0.45,1567556934517
tap2,326,345,825,458.5754,850.557,0.5,1567556935406
tap2,330,345,894,422.6087,912.5247,0.48,1567556936265
tap2,341,966,273,1054.024,275.85632,0.39999998,1567556937245
tap2,266,345,273,395.63367,280.85373,0.75,1567556938298
tap2,350,966,894,1021.05457,895.53357,0.32999998,1567556939268
tap2,76,207,894,236.78076,912.5247,0.71,1567556940208
tap2,219,828,1515,868.1961,1556.1895,0.39999998,1567556941260
tap2,218,207,1515,265.75394,1533.2014,0.35,1567556942138
tap2,75,828,894,918.14984,891.53564,0.39,1567556942945
tap2,220,276,1515,318.7049,1583.1754,0.34,1567556943977
tap2,111,897,894,994.0796,885.53876,0.44,1567556944713
tap2,112,276,894,340.68454,914.5237,0.63,1567556945622
tap2,221,897,1515,934.1351,1527.2046,0.29,1567556946593
tap2,225,690,1584,756.29974,1613.1598,0.41,1567556947400
tap2,48,69,963,141.86864,972.49347,0.74,1567556948432
tap2,47,690,963,767.28955,975.4919,0.42999998,1567556949310
tap2,224,69,1584,112.89547,1617.1577,0.42999998,1567556950454
tap2,165,621,66,693.35803,71.96252,0.65999997,1567556952027
tap2,247,414,1032,511.52637,1037.4596,0.53,1567556952814
tap2,143,621,1032,728.3256,1058.4487,0.35999998,1567556953611
tap2,246,414,66,500.53653,86.95471,0.69,1567556954766
tap2,15,759,963,855.2081,955.5023,0.5,1567556955757
tap2,226,138,1584,135.87419,1583.1754,0.55,1567556956615
tap2,227,759,1584,804.2553,1555.19,0.32999998,1567556957585
tap2,16,138,963,200.81406,963.49817,0.64,1567556958495
tap2,72,207,963,256.76227,1004.4768,0.41,1567556959434
tap2,229,828,1584,929.1397,1594.1697,0.34,1567556960599
tap2,71,828,963,925.1434,919.52106,0.32999998,1567556961365
tap2,228,207,1584,265.75394,1572.1812,0.31,1567556962366
tap2,242,345,66,416.61426,91.9521,0.72999996,1567556964124
tap2,243,552,1032,614.4311,1094.4299,0.47,1567556964972
tap2,244,345,1032,403.62628,1033.4617,0.62,1567556965707
tap2,245,552,66,659.38947,94.95055,0.74,1567556967781
tap2,148,0,963,28.973173,1014.4716,0.41,1567556968762
tap2,223,621,1584,718.3349,1627.1525,0.48,1567556969814
tap2,147,621,963,683.36725,1000.4789,0.47,1567556970621
tap2,222,0,1584,39.962997,1608.1624,0.48,1567556971612
tap2,252,345,1101,419.61148,1099.4274,0.42,1567556972420
tap2,344,966,480,1055.0232,441.7699,0.38,1567556973605
tap2,290,345,480,419.61148,502.73816,0.64,1567556974463
tap2,353,966,1101,1030.0463,1106.4237,0.44,1567556976169
tap2,345,966,549,1045.0323,552.7121,0.47,1567556977068
tap2,260,345,1170,414.6161,1167.392,0.51,1567556977937
tap2,354,966,1170,1055.0232,1188.381,0.32999998,1567556979060
tap2,298,345,549,411.61887,580.6975,0.66999996,1567556980215
tap2,346,966,618,1042.0352,651.6606,0.45999998,1567556981349
tap2,268,345,1239,398.6309,1265.341,0.51,1567556982299
tap2,355,966,1239,1031.0453,1253.3472,0.35,1567556983331
tap2,306,345,618,411.61887,627.6731,0.77,1567556984261
tap2,314,345,687,455.5782,679.646,0.68,1567556985078
tap2,356,966,1308,1046.0315,1290.3279,0.32,1567556986089
tap2,347,966,687,1040.037,697.63666,0.37,1567556986958
tap2,276,345,1308,372.65494,1333.3055,0.53,1567556987898
tap2,257,483,1101,560.481,1135.4086,0.5,1567556988674
tap2,61,690,135,772.2849,135.9292,0.65999997,1567556989655
tap2,39,690,1101,766.29047,1134.4092,0.42999998,1567556990554
tap2,256,483,135,538.5014,119.93753,0.71999997,1567556991811
tap2,258,345,204,452.58093,212.88911,0.56,1567556992710
tap2,259,552,1170,653.395,1207.3711,0.47,1567556993691
tap2,260,345,1170,438.5939,1160.3956,0.5,1567556994549
tap2,261,552,204,631.41534,190.90057,0.56,1567556995571
tap2,157,621,204,725.3284,210.89015,0.57,1567556996551
tap2,263,414,1170,491.54486,1216.3665,0.57,1567556997573
tap2,262,414,204,490.5458,189.9011,0.76,1567556998533
tap2,135,621,1170,727.32654,1182.3842,0.53999996,1567556999453
tap2,244,345,1032,407.62256,1046.455,0.51,1567557000321
tap2,361,966,1653,1024.0518,1679.1254,0.31,1567557001516
tap2,352,966,1032,1042.0352,1013.4721,0.32,1567557003069
tap2,316,345,1653,389.63922,1675.1274,0.48999998,1567557004183
tap2,282,345,411,378.6494,377.80322,0.82,1567557005205
tap2,283,552,1377,628.41815,1384.2789,0.58,1567557006175
tap2,284,345,1377,415.61517,1382.28,0.58,1567557007013
tap2,285,552,411,627.41907,406.78812,0.71,1567557007942
tap2,145,621,411,723.33026,443.76886,0.56,1567557008852
tap2,287,414,1377,468.56613,1404.2686,0.62,1567557009853
tap2,193,621,1377,691.35986,1360.2915,0.57,1567557010701
tap2,286,414,411,483.55228,381.80115,0.75,1567557011620
tap2,288,483,411,593.4505,451.7647,0.74,1567557012652
tap2,195,690,1377,776.28125,1416.2623,0.64,1567557013561
tap2,289,483,1377,561.4801,1353.2952,0.62,1567557014358
tap2,45,690,411,775.28217,415.78345,0.75,1567557015217
tap2,31,690,1170,769.2877,1161.395,0.53,1567557016044
tap2,264,483,204,559.48193,197.89693,0.75,1567557017035
tap2,57,690,204,794.2646,245.87193,0.59999996,1567557017853
tap2,265,483,1170,556.48474,1189.3805,0.53,1567557018649
tap2,300,345,1515,456.57724,1523.2067,0.61,1567557019559
tap2,350,966,894,1003.0712,899.5315,0.58,1567557021010
tap2,330,345,894,406.6235,938.51117,0.65999997,1567557021806
tap2,359,966,1515,1041.0361,1540.1978,0.31,1567557023247
tap2,351,966,963,1012.0629,990.4841,0.48,1567557024064
tap2,308,345,1584,405.62442,1592.1707,0.55,1567557024984
tap2,360,966,1584,1040.037,1593.1702,0.38,1567557025985
tap2,334,345,963,415.61517,978.49036,0.61,1567557026823
tap2,137,621,549,724.32935,521.7283,0.64,1567557027600
tap2,303,414,1515,469.56522,1507.215,0.53,1567557028570
tap2,213,621,1515,700.3515,1525.2056,0.44,1567557029439
tap2,302,414,549,482.5532,533.722,0.65999997,1567557030399
tap2,254,414,135,471.56335,109.94273,0.77,1567557031319
tap2,329,552,825,614.4311,849.5575,0.57,1567557032177
tap2,253,552,135,626.42,126.93388,0.81,1567557033178
tap2,328,414,825,460.57355,818.57367,0.63,1567557034067
tap2,334,345,963,419.61148,986.4862,0.59999996,1567557035058
tap2,342,966,342,1043.0342,322.83185,0.55,1567557035957
tap2,274,345,342,415.61517,347.81885,0.84,1567557036959
tap2,351,966,963,1033.0435,954.50287,0.29999998,1567557038092
tap2,282,345,411,394.6346,422.7798,0.84,1567557038992
tap2,352,966,1032,1057.0212,1012.47266,0.32999998,1567557039860
tap2,343,966,411,1055.0232,372.80582,0.35999998,1567557040790
tap2,244,345,1032,404.62534,1048.4539,0.52,1567557041730
tap2,322,345,756,450.5828,740.61426,0.59999996,1567557042567
tap2,357,966,1377,1044.0333,1370.2863,0.29999998,1567557043538
tap2,348,966,756,1021.05457,745.61163,0.42999998,1567557044273
tap2,284,345,1377,390.6383,1409.266,0.61,1567557045132
tap2,292,345,1446,399.62997,1467.2357,0.59999996,1567557046113
tap2,349,966,825,1031.0453,786.5903,0.51,1567557046848
tap2,326,345,825,449.5837,833.56586,0.65,1567557047717
tap2,358,966,1446,1032.0444,1453.243,0.32,1567557048749
tap2,131,690,687,758.29785,697.63666,0.42,1567557049597
tap2,321,483,1653,510.52728,1676.127,0.57,1567557050608
tap2,320,483,687,623.4227,686.64233,0.62,1567557051426
tap2,235,690,1653,753.3025,1686.1218,0.45999998,1567557052448
tap2,362,0,1722,70.93432,1738.0947,0.48,1567557053612
tap2,139,621,1101,697.3543,1133.4097,0.38,1567557054440
tap2,140,0,1101,95.911194,1110.4216,0.52,1567557055503
tap2,371,621,1722,672.37744,1740.0936,0.38,1567557056596
tap2,39,690,1101,767.28955,1107.4232,0.5,1567557057352
tap2,363,69,1722,117.89084,1737.0952,0.45999998,1567557058486
tap2,372,690,1722,737.3173,1764.0812,0.47,1567557059559
tap2,40,69,1101,103.90379,1074.4404,0.65,1567557060458
tap2,136,0,1170,58.94542,1185.3826,0.44,1567557061357
tap2,386,621,1791,701.3506,1814.0552,0.34,1567557062512
tap2,135,621,1170,667.3821,1201.3743,0.48,1567557063339
tap2,377,0,1791,63.940796,1810.0573,0.47,1567557064545
tap2,31,690,1170,765.2914,1186.3821,0.45,1567557065577
tap2,378,69,1791,120.88807,1810.0573,0.47,1567557066619
tap2,32,69,1170,154.85661,1199.3752,0.59999996,1567557067702
tap2,387,690,1791,764.2923,1801.0619,0.38,1567557068724
tap2,8,138,1101,187.82608,1135.4086,0.58,1567557069643
tap2,373,759,1722,802.2572,1737.0952,0.48,1567557070573
tap2,7,759,1101,881.1841,1077.4388,0.41,1567557071319
tap2,364,138,1722,208.80666,1745.0911,0.48999998,1567557072259
tap2,374,828,1722,868.1961,1730.0989,0.47,1567557073189
tap2,64,207,1101,280.74005,1122.4154,0.5,1567557074068
tap2,365,207,1722,263.7558,1742.0927,0.45999998,1567557075049
tap2,63,828,1101,900.1665,1103.4253,0.39999998,1567557075948
tap2,379,138,1791,181.83163,1812.0562,0.45,1567557076888
tap2,3,759,1170,862.20166,1144.4039,0.41,1567557077716
tap2,4,138,1170,218.79741,1195.3773,0.66999996,1567557078635
tap2,388,759,1791,830.23126,1837.0432,0.48,1567557079647
tap2,380,207,1791,255.76318,1801.0619,0.47,1567557080587
tap2,35,828,1170,909.1582,1180.3851,0.29,1567557081486
tap2,389,828,1791,894.17206,1784.0708,0.35999998,1567557082508
tap2,36,207,1170,284.73636,1178.3862,0.41,1567557083468
tap2,100,276,1101,366.6605,1099.4274,0.41,1567557084337
tap2,375,897,1722,951.1193,1729.0994,0.35999998,1567557085307
tap2,99,897,1101,965.1064,1097.4283,0.44,1567557086114
tap2,366,276,1722,306.716,1755.0858,0.37,1567557087024
tap2,368,414,1722,469.56522,1741.0931,0.56,1567557087841
tap2,159,621,756,680.37006,717.6262,0.59,1567557088710
tap2,371,621,1722,686.3645,1763.0817,0.45999998,1567557089670
tap2,324,414,756,517.5208,724.62256,0.61,1567557090784
tap2,96,276,1170,359.667,1204.3727,0.64,1567557091775
tap2,390,897,1791,996.0777,1807.0588,0.39,1567557092694
tap2,95,897,1170,991.08234,1187.3816,0.42,1567557093389
tap2,381,276,1791,333.69104,1777.0743,0.39,1567557094288
tap2,385,552,1791,645.4024,1797.064,0.51,1567557095136
tap2,326,345,825,455.5782,825.57,0.65,1567557096036
tap2,382,345,1791,425.60593,1817.0536,0.45,1567557097057
tap2,329,552,825,624.4218,774.59656,0.58,1567557097875
tap2,323,483,756,597.44684,743.6127,0.48999998,1567557098682
tap2,372,690,1722,754.3016,1736.0957,0.34,1567557099510
tap2,59,690,756,789.2692,731.61896,0.53999996,1567557100286
tap2,369,483,1722,513.52454,1762.0822,0.45,1567557101370
tap2,353,966,1101,1038.0388,1108.4227,0.37,1567557102340
tap2,367,345,1722,400.62906,1729.0994,0.61,1567557103168
tap2,252,345,1101,434.5976,1121.4159,0.59999996,1567557103954
tap2,376,966,1722,1043.0342,1669.1306,0.5,1567557105630
tap2,383,414,1791,409.62073,1747.09,0.68,1567557106345
tap2,155,621,825,706.346,836.5643,0.81,1567557107071
tap2,328,414,825,447.58557,866.54865,0.71999997,1567557107786
tap2,386,621,1791,725.3284,1848.0375,0.61,1567557108573
tap2,55,690,825,789.2692,887.5377,0.57,1567557109278
tap2,384,483,1791,565.47644,1839.0421,0.55,1567557110034
tap2,327,483,825,525.5134,881.54083,0.71,1567557110749
tap2,387,690,1791,775.28217,1814.0552,0.51,1567557111515
tap1,2,288,642,524.51434,808.57886,0.42,1567557321985
tap1,3,576,930,698.3534,1017.47003,0.96,1567557322825
tap1,4,576,642,664.3848,726.6215,1.22,1567557323540
tap1,5,288,930,396.63275,1088.4331,0.96999997,1567557324337
tap1,9,288,786,389.63922,878.5424,1.24,1567557325144
tap1,17,576,1074,712.34045,1161.395,0.83,1567557326053
tap1,16,288,1074,380.64755,1114.4196,1.0,1567557326788
tap1,7,576,786,690.3608,845.5596,1.0699999,1567557327483
tap1,4,576,642,680.37006,704.633,1.02,1567557328197
tap1,10,288,354,379.64847,442.76938,1.1,1567557329025
tap1,2,288,642,404.62534,748.6101,1.01,1567557329822
tap1,11,576,354,699.3525,401.7907,1.0799999,1567557330629
tap1,4,576,642,717.3358,762.6028,0.97999996,1567557331384
tap1,18,288,1218,382.6457,1321.3118,0.97999996,1567557332110
tap1,2,288,642,411.61887,680.6455,1.11,1567557332998
tap1,19,576,1218,721.3321,1301.3221,0.88,1567557333754
tap1,13,576,210,697.3543,303.84174,0.88,1567557334622
tap1,6,288,498,368.65866,587.6939,0.96,1567557335450
tap1,12,288,210,383.64478,286.8506,0.90999997,1567557336277
tap1,8,576,498,716.33673,580.6975,0.85999995,1567557337125
tap1,19,576,1218,716.33673,1285.3306,0.9,1567557337890
tap1,22,288,1506,378.6494,1620.1561,0.87,1567557338739
tap1,18,288,1218,439.59296,1312.3165,0.98999995,1567557339453
tap1,23,576,1506,695.35614,1636.1478,1.03,1567557340281
tap1,14,288,66,435.59668,115.93961,0.9,1567557341261
tap1,11,576,354,712.34045,429.77615,0.84,1567557342109
tap1,10,288,354,403.62628,462.75897,0.72999996,1567557342957
tap1,15,576,66,649.3987,169.9115,0.91999996,1567557343794
tap1,17,576,1074,711.3414,1164.3936,0.89,1567557344601
tap1,20,288,1362,371.65588,1510.2134,0.83,1567557345439
tap1,21,576,1362,719.334,1482.228,0.91999996,1567557346123
tap1,16,288,1074,413.61703,1156.3977,0.85999995,1567557346818
tap1,9,288,786,404.62534,852.55597,0.68,1567557347564
tap1,8,576,498,677.3728,593.6908,0.71,1567557348320
tap1,6,288,498,413.61703,582.6965,0.7,1567557349198
tap1,7,576,786,721.3321,884.5393,0.85999995,1567557349882
tap1,24,144,66,291.7299,112.94118,0.90999997,1567557351006
tap1,26,432,354,572.4699,435.773,0.68,1567557351843
tap1,27,144,354,251.76688,455.7626,0.76,1567557352773
tap1,25,432,66,567.47455,157.91774,0.91999996,1567557353621
tap1,66,720,1506,860.2035,1585.1743,0.79999995,1567557354479
tap1,41,432,1218,542.4977,1309.318,0.9,1567557355296
tap1,42,432,1506,541.4986,1576.1791,0.84,1567557356165
tap1,65,720,1218,821.2396,1218.3654,0.58,1567557356859
tap1,36,144,786,229.78723,833.56586,0.75,1567557357738
tap1,38,432,1074,544.49585,1138.4071,0.85999995,1567557358555
tap1,39,144,1074,244.77336,1120.4164,0.69,1567557359311
tap1,37,432,786,584.45886,858.5528,1.05,1567557360077
tap1,16,288,1074,376.65125,1179.3857,0.91999996,1567557360884
tap1,56,0,1362,106.90102,1456.2415,0.83,1567557361834
tap1,20,288,1362,439.59296,1451.2441,0.76,1567557362733
tap1,53,0,1074,107.90009,1150.4008,0.69,1567557363561
tap1,59,720,210,837.2248,246.87141,0.79999995,1567557364511
tap1,30,432,498,548.4921,572.7017,1.0799999,1567557365430
tap1,29,432,210,554.4866,267.86047,0.98999995,1567557366288
tap1,60,720,498,835.2266,572.7017,0.81,1567557367115
tap1,33,432,642,562.4792,725.6221,0.98999995,1567557367892
tap1,62,720,930,865.1989,996.48096,1.03,1567557368760
tap1,61,720,642,812.2479,724.62256,0.76,1567557369608
tap1,34,432,930,552.48846,1048.4539,0.91999996,1567557370231
tap1,6,288,498,373.65402,579.69806,0.97999996,1567557371161
tap1,48,0,210,111.89639,296.8454,0.78999996,1567557372192
tap1,12,288,210,412.61795,279.85425,0.94,1567557373111
tap1,49,0,498,98.90842,594.69025,0.45999998,1567557373898
tap1,51,0,930,130.87881,1029.4637,0.79999995,1567557374746
tap1,2,288,642,443.58926,693.63873,1.01,1567557375542
tap1,5,288,930,397.63184,1042.457,0.7,1567557376298
tap1,50,0,642,82.92322,698.6361,1.0699999,1567557377105
tap1,37,432,786,553.4875,881.54083,0.96,1567557377913
tap1,64,720,1074,840.22205,1134.4092,0.94,1567557378658
tap1,38,432,1074,517.5208,1090.432,0.89,1567557379230
tap1,63,720,786,796.2627,830.5674,0.79999995,1567557380098
tap1,29,432,210,541.4986,234.87766,0.96,1567557380905
tap1,31,144,498,239.77798,598.6882,0.83,1567557381733
tap1,28,144,210,252.76596,251.8688,0.88,1567557382611
tap1,30,432,498,601.4431,539.7189,0.96,1567557383295
tap1,42,432,1506,519.519,1599.1671,0.87,1567557384154
tap1,40,144,1218,247.77058,1313.3159,0.9,1567557384828
tap1,41,432,1218,606.4385,1303.3212,0.96,1567557385533
tap1,43,144,1506,226.79001,1629.1515,0.88,1567557386289
tap1,45,144,1362,265.75394,1419.2607,0.81,1567557387034
tap1,82,432,1650,540.4995,1703.1129,0.82,1567557387842
tap1,80,144,1650,212.80296,1747.09,0.71999997,1567557388720
tap1,44,432,1362,539.5005,1431.2545,0.9,1567557389404
tap1,57,720,66,848.2146,165.91359,0.94,1567557391120
tap1,26,432,354,571.4709,403.78967,0.76,1567557391805
tap1,58,720,354,877.1878,458.76105,0.89,1567557392796
tap1,25,432,66,569.4727,130.93181,0.93,1567557393817
tap1,64,720,1074,831.23035,1211.369,0.84,1567557394655
tap1,44,432,1362,524.51434,1471.2336,0.7,1567557395411
tap1,38,432,1074,575.46716,1164.3936,0.9,1567557396086
tap1,67,720,1362,830.23126,1481.2285,0.68,1567557396882
tap1,9,288,786,414.6161,849.5575,0.78,1567557397821
tap1,53,0,1074,133.87604,1157.3972,0.78999996,1567557398700
tap1,16,288,1074,412.61795,1150.4008,0.84999996,1567557399476
tap1,52,0,786,107.90009,822.57153,0.93,1567557400304
tap1,74,864,786,1007.0675,821.5721,0.77,1567557401172
tap1,17,576,1074,682.36816,1147.4023,0.78999996,1567557401938
tap1,75,864,1074,986.087,1151.4003,0.87,1567557402949
tap1,7,576,786,684.36633,834.5653,0.87,1567557403644
tap1,38,288,66,401.6281,99.947945,0.93,1567557404676
tap1,45,0,354,142.86772,447.76678,0.94,1567557405585
tap1,44,0,66,124.88437,125.9344,1.01,1567557406514
tap1,39,288,354,417.6133,428.77667,0.84999996,1567557407312
tap1,14,288,1506,418.6124,1570.1821,0.88,1567557408129
tap1,47,0,1794,91.914894,1895.013,0.45999998,1567557409007
tap1,46,0,1506,124.88437,1567.1837,0.45999998,1567557409814
tap1,10,288,1794,412.61795,1864.029,0.62,1567557410529
tap1,22,864,210,991.08234,216.88704,0.96,1567557411438
tap1,86,576,498,714.33856,569.70325,0.90999997,1567557412102
tap1,55,576,210,702.3497,303.84174,0.85999995,1567557413013
tap1,88,864,498,1012.0629,638.66736,0.78999996,1567557413747
tap1,70,864,1362,948.12213,1396.2727,0.65,1567557414533
tap1,8,576,1650,627.41907,1764.0812,0.76,1567557415289
tap1,13,576,1362,699.3525,1413.2639,0.84999996,1567557415974
tap1,71,864,1650,937.13226,1673.1285,0.75,1567557416770
tap1,78,576,1218,711.3414,1265.341,0.9,1567557417659
tap1,83,864,1506,992.0814,1591.1713,0.81,1567557418364
tap1,21,864,1218,959.11194,1277.3347,0.84999996,1567557419079
tap1,85,576,1506,673.3765,1615.1587,0.85999995,1567557419754
tap1,19,576,66,685.3654,113.94065,1.0,1567557420888
tap1,77,864,354,1014.06104,411.78552,0.96,1567557421695
tap1,76,576,354,710.3423,429.77615,0.66999996,1567557422512
tap1,23,864,66,990.08325,126.93388,0.87,1567557423390
tap1,15,576,1362,704.34784,1387.2775,0.75,1567557424228
tap1,69,864,1074,982.09064,1153.3993,0.88,1567557425096
tap1,11,576,1074,705.3469,1128.4122,0.9,1567557425822
tap1,68,864,1362,984.0888,1443.2483,0.81,1567557426557
tap1,21,0,1218,119.88899,1280.3331,0.65999997,1567557427477
tap1,75,288,1506,403.62628,1592.1707,0.81,1567557428263
tap1,17,288,1218,428.60315,1288.329,0.85999995,1567557429111
tap1,78,0,1506,133.87604,1625.1536,0.85999995,1567557429980
tap1,54,576,642,718.3349,756.6059,0.85999995,1567557430899
tap1,22,864,930,1005.0694,1032.4623,1.02,1567557431706
tap1,18,864,642,994.0796,741.6137,1.0799999,1567557432503
tap1,55,576,930,704.34784,1071.4419,0.96999997,1567557433249
tap1,4,576,1794,693.35803,1889.0161,0.48,1567557434342
tap1,73,864,1506,974.0981,1604.1644,1.09,1567557434986
tap1,72,576,1506,644.4033,1577.1785,0.97999996,1567557435670
tap1,3,864,1794,979.09344,1835.0442,0.87,1567557436344
tap1,90,720,1362,854.20905,1428.2561,1.06,1567557437080
tap1,77,432,1650,524.51434,1743.092,1.05,1567557437795
tap1,23,720,1650,868.1961,1745.0911,1.04,1567557438490
tap1,92,432,1362,543.49677,1454.2426,1.16,1567557439287
tap1,67,432,1074,566.47546,1107.4232,0.76,1567557440074
tap1,82,144,1362,231.78539,1437.2513,1.02,1567557440891
tap1,84,432,1362,553.4875,1439.2504,0.84,1567557441636
tap1,44,144,1074,237.77983,1153.3993,0.74,1567557442434
tap1,38,432,1506,606.4385,1589.1722,0.94,1567557443097
tap1,45,144,1794,249.76874,1845.039,0.75,1567557443812
tap1,44,432,1794,532.50696,1852.0354,0.66999996,1567557444558
tap1,39,144,1506,219.79648,1561.1869,1.0699999,1567557445376
tap1,42,432,1506,558.4829,1574.18,1.04,1567557446132
tap1,87,720,1794,830.23126,1861.0306,0.7,1567557446826
tap1,89,432,1794,554.4866,1839.0421,0.88,1567557447490
tap1,43,720,1506,858.2054,1555.19,1.03,1567557448328
tap1,42,0,1362,89.91675,1433.2534,1.04,1567557449155
tap1,91,288,1650,374.6531,1770.078,1.05,1567557449942
tap1,89,288,1362,421.60962,1425.2577,1.03,1567557450709
tap1,66,0,1650,134.87512,1704.1124,0.96,1567557451536
tap1,56,432,642,592.4514,736.61633,0.82,1567557452517
tap1,81,144,930,277.74283,984.48724,0.89,1567557453273
tap1,20,432,930,595.44867,999.47943,0.95,1567557454008
tap1,79,144,642,240.77705,731.61896,1.03,1567557454744
drag1,2,385.6429,638.66736,0.84,1217.156,61.22287059366995
drag1,3,624.4218,927.5169,1.16,2268.983154,72.83643658944304
drag1,4,638.4089,675.6481,1.27,1652.610692,73.87559913821532
drag1,5,369.6577,899.5315,1.16,2697.3370769999997,63.79688270092548
drag1,9,370.6568,763.6023,1.41,2558.119538,73.86407489048638
drag1,17,645.4024,1046.4181,1.4599999,1715.649154,59.250297228409934
drag1,16,392.63644,1049.4534,1.13,2306.660769,88.97928840205356
drag1,7,627.41907,749.60956,1.06,3031.537616,84.44334503668686
drag1,4,670.3793,661.2671,1.1999999,2118.879846,66.47705075729344
drag1,10,392.63644,374.80478,1.13,2855.983077,76.92840134429134
drag1,2,420.61053,635.6689,1.04,2576.843924,67.30669208385416
drag1,11,475.55966,613.68036,1.01,609.151692,285.34730906176316
drag1,4,672.0158,590.6923,1.43,2613.409769,82.33524878065711
drag1,18,425.60593,1214.3674,1.0799999,1686.8960769999999,60.33913907293388
drag1,2,441.59113,637.66785,1.05,2017.0620769999998,77.12734377245104
drag1,19,639.40796,1226.3612,1.16,2559.090616,80.68590889247655
drag1,13,680.37006,225.88235,0.90999997,2405.5427689999997,70.44613696365656
drag1,6,426.605,436.519,1.15,2268.793847,73.94974518124167
drag1,12,427.63208,223.88339,1.18,1705.9405379999998,73.06556817258327
drag1,8,635.4117,454.76312,0.94,2821.4467689999997,79.54181167359336
drag1,19,665.3839,1185.3826,1.26,2201.043769,67.34716848030061
drag1,22,420.4571,1504.0631,1.06,3213.484462,71.43456806852512
drag1,18,364.66235,1270.3384,1.2099999,1839.228461,55.859889521004824
drag1,23,633.4135,1520.2081,0.84999996,2193.537231,67.89742970160358
drag1,14,394.6346,93.951065,1.0699999,2508.864769,68.25142975960932
drag1,11,620.92505,317.83444,1.0,2084.393769,66.11601817226041
drag1,10,423.6078,375.80426,0.78999996,2296.122924,65.06566187539913
drag1,15,411.61887,371.80634,0.90999997,348.460308,394.46799616698945
drag1,17,629.41724,1071.4419,0.85999995,1888.224461,75.5562606371046
drag1,20,358.6679,1338.303,0.77,2270.738154,75.621890172706
drag1,21,637.4098,1353.2952,0.77,2834.478462,76.35662205776434
drag1,16,337.68732,1087.4336,0.63,2077.565462,79.88056054905022
drag1,24,273.74652,23.487766,0.65999997,2268.368384,73.78784499436836
drag1,26,513.52454,315.58167,0.84,1677.7315389999999,64.83365632497215
drag1,27,251.76688,367.8084,0.91999996,2244.077308,63.14355089777317
drag1,25,548.4921,66.96512,1.02,2247.4232309999998,78.01810822726979
drag1,66,789.2692,1438.2509,0.84999996,3015.722692,81.12901795375124
drag1,41,531.0812,1243.925,0.90999997,2402.788078,67.32435352158676
drag1,42,520.51807,1520.2081,0.72999996,1952.4779239999998,70.29260798460015
drag1,65,824.2368,1193.2921,0.96999997,2313.353923,77.19220447356805
drag1,36,260.75854,807.57935,0.83,2413.117923,62.90614051259761
drag1,38,538.00183,1033.9614,0.9,2697.223539,83.63456465998381
drag1,39,235.78168,1001.4784,1.0,2443.041461,87.0069180484185
drag1,37,553.4875,783.59186,0.91999996,3870.102539,75.45087046955054
drag1,16,417.6133,1066.4446,1.06,1708.6573079999998,62.18791582637799
drag1,56,102.90472,1382.28,1.0,1686.7857689999998,61.44904491571237
drag1,20,383.64478,1342.3009,0.84999996,2548.060461,65.42133114075989
drag1,53,147.8631,1077.4388,0.72999996,1461.735154,70.94107545668335
drag1,59,826.235,202.89432,0.79999995,3212.2945379999996,65.5394628225352
drag1,30,561.4801,471.75427,0.77,2632.473462,65.22293301490087
drag1,29,566.47546,239.87506,0.85999995,1686.441846,51.749089391170024
drag1,60,798.26086,468.48526,0.90999997,1867.548615,65.4171506376755
drag1,33,590.4533,594.69025,0.90999997,2386.886462,76.75455290248084
drag1,62,790.26825,922.5195,0.75,2686.9386919999997,84.11425496019075
drag1,61,806.2535,616.179,0.97999996,2281.819692,75.38028789846761
drag1,34,503.47067,880.4152,1.13,2158.2453849999997,70.40826664803662
drag1,6,407.62256,493.74283,0.78,2158.574847,67.77571491092996
drag1,48,138.87141,230.87975,0.76,1758.1734609999999,74.83208520206581
drag1,12,374.6531,188.90161,0.76,2758.5913849999997,67.30682378497431
drag1,49,105.90195,455.7626,0.87,1644.253154,68.35500646141988
drag1,51,100.90657,890.53613,0.96999997,1648.2211539999998,65.26148905873927
drag1,2,391.6374,667.6522,0.79999995,2893.8051539999997,65.86780539057132
drag1,5,386.642,927.5169,0.65999997,2188.330462,62.50843464304929
drag1,50,99.90749,637.66785,0.69,1727.422693,69.8337084232472
drag1,37,527.5116,764.60175,0.87,1969.8524619999998,67.04485553002282
drag1,64,815.2451,1052.4518,0.87,4429.317693,76.25821759988627
drag1,38,540.4995,1046.455,0.84,2332.073,71.06650417283183
drag1,63,804.2553,794.5861,0.71999997,2762.195616,62.8327057999369
drag1,29,574.4681,206.89224,0.78999996,2167.7575389999997,73.24775540070453
drag1,31,249.76874,488.74542,0.7,2917.406615,71.21391631570363
drag1,28,253.76503,158.91722,0.78999996,2682.732308,83.904511338709
drag1,30,477.55783,452.76416,0.89,1380.3864609999998,70.12672029844248
drag1,42,537.5023,1483.2274,0.71,2297.659,71.66479019149897
drag1,40,268.75116,1253.3472,0.7,1696.1937699999999,59.268264519668364
drag1,41,537.5023,1202.3738,0.62,2364.768616,71.76600833074126
drag1,43,288.73267,1471.2336,0.72999996,2057.356539,79.44471788434717
drag1,45,246.77151,1373.2847,0.91999996,1969.488154,69.07781249013844
drag1,82,491.54486,1647.1421,0.81,1962.0194609999999,61.43911376207985
drag1,80,280.74005,1661.0687,0.84999996,2595.246462,69.31084151085389
drag1,44,545.49493,1359.292,0.85999995,2218.2286919999997,67.83902162174644
drag1,57,849.2137,63.46552,0.75,1839.351923,88.21433762043799
drag1,26,558.4829,327.82925,0.84999996,2398.0178459999997,73.1850760916543
drag1,58,795.2637,352.81622,0.72999996,2314.347846,65.1828310752936
drag1,25,523.51526,63.966682,0.78,1858.7046149999999,102.88403516413283
drag1,64,772.2849,1021.46796,0.66999996,3377.2087699999997,76.48871271637479
drag1,44,552.48846,1373.2847,0.66999996,1870.9182309999999,71.19362069923103
drag1,38,554.4866,1077.4388,0.74,1584.8134619999998,63.774821831860116
drag1,67,826.235,1341.3014,0.64,2288.5149229999997,71.20956483366487
drag1,9,375.65216,775.596,0.64,2852.1309229999997,56.77551673656789
drag1,53,108.89917,1067.444,0.61,1411.664846,61.88191713396461
drag1,16,399.62997,1056.4497,0.62,1829.985923,78.16755155519029
drag1,52,99.90749,772.5976,0.71,1370.257692,87.6205127440705
drag1,74,941.1286,756.6059,0.66999996,2571.083385,67.97973530977639
drag1,17,687.3635,1044.4398,0.79999995,2844.599616,82.3240358937768
drag1,75,928.1406,1049.4534,0.78999996,1962.563385,73.43735244829999
drag1,7,671.37836,734.6174,0.76,2393.415385,74.99885889759824
drag1,70,968.10364,240.87454,0.76,2304.783462,66.96284724091988
drag1,8,709.3432,450.2655,0.81,2881.614769,62.506766229026816
drag1,13,689.3617,259.86465,0.81,1717.57523,63.82215626187286
drag1,71,942.1277,447.76678,0.88,1594.8400769999998,75.37024569347545
drag1,78,984.0888,1318.3134,0.75,2612.6421539999997,73.44400155570082
drag1,83,684.26746,1668.23,0.68,1554.967308,66.02108893823232
drag1,21,696.3552,1362.2904,0.71,1718.567,69.39966292857687
drag1,85,933.136,1608.1624,0.87,1707.325462,74.12371502873901
drag1,19,684.36633,1225.3618,0.84999996,2375.4403079999997,57.814129478069596
drag1,77,976.0962,1490.2238,0.95,2620.194385,79.12362828506845
drag1,76,985.1536,1222.2318,0.48999998,1533.569693,65.45314300145398
drag1,23,695.35614,1484.2269,0.66999996,1747.682769,75.1138532098152
drag1,15,697.3543,52.97241,0.71,2284.745693,80.27141768056103
drag1,69,907.16003,302.84225,0.76,1798.775616,85.1235250476233
drag1,11,685.3654,334.8256,0.64,1451.4013069999999,75.99056846827118
drag1,68,947.12305,47.975014,0.79999995,1134.18277,85.61707680807173
drag1,21,662.38666,1340.3019,0.83,2444.463077,66.77722616665092
drag1,75,965.1064,1087.4336,0.66999996,2079.456384,78.02076124623039
drag1,17,712.34045,1074.4404,0.65999997,2016.8319239999998,68.47131772201696
drag1,78,968.10364,1332.306,0.87,1595.3242309999998,67.17192296468211
drag1,54,119.88899,1223.3628,0.71999997,1411.046769,56.3576916866511
drag1,22,391.91013,1460.2394,0.75,1256.96877,63.1437625005851
drag1,18,400.62906,1206.3717,0.65,1235.557231,74.81663247985432
drag1,55,103.90379,1509.2139,0.71999997,1061.0386919999999,70.76996940186592
drag1,67,830.23126,1372.897,0.85999995,1959.704924,72.28754328726612
drag1,82,551.4894,1601.166,0.71999997,1401.798308,55.97597620644366
drag1,84,819.24146,1647.1421,0.84,1309.8731539999999,70.28017783134291
drag1,44,579.46344,1342.3009,0.76,1797.8200769999999,60.533935082767115
drag1,38,534.50507,1089.4326,1.01,1432.081539,64.82068285483403
drag1,45,285.73544,1327.3087,0.82,2516.573923,72.945613656803
drag1,44,547.61804,1346.424,0.79999995,2106.1401539999997,61.91228630551395
drag1,39,265.75394,1052.0614,0.63,1174.814615,75.24884155630302
drag1,56,91.93568,1352.2749,0.75,1521.837462,56.177097458092945
drag1,81,413.61703,1637.1473,0.61,1729.625231,69.2098324793908
drag1,20,399.62997,1342.3009,0.82,2350.916846,72.5975611366396
drag1,79,96.91027,1652.5605,0.65999997,1286.029846,63.806420088951654
drag1,33,527.5116,663.65436,0.83,2425.4072309999997,54.485216242453795
drag1,35,272.74747,938.51117,1.13,1605.442,57.13998045426923
drag1,34,500.53653,873.545,0.96999997,2334.5360769999998,78.96488299372965
drag1,32,277.74283,639.6668,1.0,1543.776846,64.90501122591525
drag1,9,378.5344,745.61163,0.96999997,1400.319923,65.5003561336918
drag1,8,660.38855,479.33112,0.90999997,2709.192616,58.820687678003566
drag1,6,420.61053,502.73816,0.84999996,1759.367923,66.60735801877946
drag1,7,658.3904,749.60956,1.0,1422.5829999999999,66.25233968447264
drag1,14,435.59668,40.978657,0.63,1881.7446929999999,81.03158067064425
drag1,47,76.92877,307.83966,0.71,1574.985461,72.13288537848423
drag1,46,75.929695,79.95835,0.65999997,1013.858384,61.85371688167165
drag1,10,360.66605,334.8256,0.64,1633.662,57.5990223689425
drag1,4,623.60754,615.7542,0.65,1812.467078,79.05228089360966
drag1,73,939.13043,905.5283,0.85999995,1318.917,67.16053529825001
drag1,72,954.3703,621.5916,0.72999996,1245.884231,73.61363874000956
drag1,3,690.3608,879.5419,0.78,1809.568308,75.37580678589195
