tap2,6,138,480,214.80112,515.7314,0.58,1567493706440
tap2,7,759,1101,838.2239,1102.4258,0.53999996,1567493707494
tap2,8,138,1101,205.80943,1118.4175,0.55,1567493708382
tap2,9,759,480,853.21,504.7371,0.66999996,1567493709167
tap2,164,0,687,93.91304,710.6299,0.56,1567493710177
tap2,183,621,1308,720.333,1327.3087,0.34,1567493710973
tap2,182,0,1308,76.92877,1361.291,0.51,1567493711974
tap2,163,621,687,730.3238,685.6429,0.61,1567493712698
tap2,242,345,66,405.62442,77.9594,0.71999997,1567493713729
tap2,243,552,1032,574.4681,1017.47003,0.56,1567493714576
tap2,244,345,1032,379.64847,1051.4524,0.59999996,1567493715260
tap2,245,552,66,617.4283,104.945335,0.78,1567493716158
tap2,42,69,411,157.85384,453.76364,0.65999997,1567493717280
tap2,43,690,1032,738.3164,1053.4513,0.48999998,1567493718086
tap2,45,690,411,788.27014,477.75116,0.62,1567493718831
tap2,44,69,1032,136.87326,1012.47266,0.51,1567493719658
tap2,322,345,756,440.59204,787.5898,0.58,1567493720494
tap2,321,483,1653,531.5079,1673.1285,0.35,1567493721362
tap2,316,345,1653,399.62997,1688.1207,0.38,1567493722250
tap2,323,483,756,550.4903,785.5908,0.53,1567493723056
tap2,2,138,549,221.79463,566.70483,0.45,1567493723954
tap2,3,759,1170,836.2257,1223.3628,0.41,1567493724821
tap2,4,138,1170,211.8039,1194.3779,0.45999998,1567493725638
tap2,5,759,549,844.2183,591.69183,0.58,1567493726413
tap2,11,759,1032,806.2535,1055.4503,0.52,1567493727321
tap2,10,138,411,227.7891,411.78552,0.57,1567493728434
tap2,12,138,1032,225.79094,1025.4658,0.45999998,1567493729311
tap2,13,759,411,794.2646,420.78082,0.59,1567493730230
tap2,15,759,963,855.2081,979.4898,0.45,1567493731066
tap2,14,138,342,229.78723,404.78915,0.56,1567493731985
tap2,17,759,342,824.2368,397.79282,0.48999998,1567493732965
tap2,16,138,963,168.84366,944.50806,0.55,1567493733771
tap2,122,207,66,286.7345,103.94586,0.66999996,1567493735138
tap2,123,828,687,908.1591,765.60126,0.47,1567493735945
tap2,124,207,687,246.77151,724.62256,0.42999998,1567493736771
tap2,125,828,66,878.1869,136.92868,0.57,1567493737894
tap2,135,621,1170,683.36725,1177.3867,0.39,1567493738700
tap2,134,0,549,91.914894,544.7163,0.58,1567493739690
tap2,136,0,1170,63.940796,1193.3784,0.42,1567493740976
tap2,137,621,549,690.3608,616.6788,0.52,1567493741741
tap2,130,69,66,135.87419,114.94013,0.64,1567493742935
tap2,131,690,687,751.3043,734.6174,0.59999996,1567493743752
tap2,133,690,66,764.2923,112.94118,0.65,1567493745272
tap2,132,69,687,146.86401,691.6398,0.42999998,1567493746088
tap2,127,759,687,844.2183,746.61115,0.56,1567493746936
tap2,126,138,66,184.82886,120.93701,0.39999998,1567493748109
tap2,128,138,687,175.83719,715.62726,0.59999996,1567493749028
tap2,129,759,66,791.26733,84.95575,0.66999996,1567493750017
tap2,18,138,273,225.79094,319.8334,0.59,1567493750936
tap2,19,759,894,821.2396,886.53827,0.45999998,1567493751640
tap2,20,138,894,178.83441,929.51587,0.57,1567493752375
tap2,21,759,273,826.235,329.82822,0.65,1567493753099
tap2,35,828,1170,889.1767,1209.3701,0.52,1567493754059
tap2,34,207,549,264.75485,570.70276,0.48999998,1567493754855
tap2,36,207,1170,293.72803,1177.3867,0.45999998,1567493755773
tap2,37,828,549,912.1554,570.70276,0.52,1567493756509
tap2,26,138,135,207.80759,153.91983,0.59999996,1567493757549
tap2,27,759,756,855.2081,772.5976,0.52,1567493758254
tap2,28,138,756,199.81499,795.58563,0.48999998,1567493758978
tap2,29,759,135,805.2544,212.88911,0.74,1567493760295
tap2,43,690,1032,716.33673,1064.4456,0.51,1567493761142
tap2,42,69,411,138.87141,448.76627,0.55,1567493761949
tap2,45,690,411,790.26825,461.7595,0.53999996,1567493762622
tap2,44,69,1032,165.84644,1070.4425,0.48999998,1567493763429
tap2,24,138,825,170.84181,880.5414,0.53,1567493764317
tap2,25,759,204,852.21094,226.88182,0.59,1567493765072
tap2,22,138,204,259.7595,242.8735,0.48999998,1567493765950
tap2,23,759,825,857.2063,842.56116,0.53,1567493766756
tap2,38,69,480,94.91212,491.74387,0.59,1567493767573
tap2,39,690,1101,773.284,1123.4149,0.42,1567493768369
tap2,40,69,1101,132.87697,1117.418,0.44,1567493769287
tap2,41,690,480,772.2849,480.7496,0.29,1567493769961
tap2,33,690,549,736.31824,560.70795,0.48999998,1567493770931
tap2,32,69,1170,134.87512,1227.3607,0.53,1567493771768
tap2,30,69,549,147.8631,587.6939,0.53999996,1567493772646
tap2,31,690,1170,813.247,1207.3711,0.51,1567493773503
tap2,46,69,342,120.88807,370.80685,0.57,1567493774351
tap2,47,690,963,780.2775,986.4862,0.48,1567493775065
tap2,48,69,963,128.88066,964.4976,0.53,1567493775810
tap2,49,690,342,746.30896,370.80685,0.58,1567493776566
tap2,108,276,963,308.71414,971.494,0.47,1567493777311
tap2,231,897,1584,947.12305,1559.1879,0.45,1567493778189
tap2,230,276,1584,365.66144,1611.1608,0.53999996,1567493779036
tap2,107,897,963,1004.0703,1040.4581,0.45,1567493779873
tap2,143,621,1032,673.3765,1055.4503,0.32,1567493780823
tap2,232,0,1653,103.90379,1686.1218,0.44,1567493781690
tap2,233,621,1653,696.3552,1665.1327,0.47,1567493782752
tap2,144,0,1032,72.93247,1061.4471,0.51,1567493783660
tap2,44,69,1032,147.8631,1050.4529,0.45,1567493784579
tap2,235,690,1653,766.29047,1683.1233,0.42999998,1567493785396
tap2,43,690,1032,799.25995,1068.4435,0.5,1567493786131
tap2,234,69,1653,93.91304,1674.128,0.41,1567493786988
tap2,12,138,1032,197.81683,1083.4357,0.48,1567493787774
tap2,237,759,1653,840.22205,1691.1191,0.48,1567493788673
tap2,11,759,1032,847.2156,1061.4471,0.53,1567493789336
tap2,236,138,1653,199.81499,1680.1249,0.38,1567493790071
tap2,238,207,1653,253.76503,1706.1113,0.37,1567493790898
tap2,67,828,1032,900.1665,1093.4304,0.52,1567493791664
tap2,68,207,1032,259.7595,1041.4575,0.53999996,1567493792419
tap2,239,828,1653,895.17114,1632.1499,0.42,1567493793144
tap2,104,276,1032,315.70767,1106.4237,0.53999996,1567493793899
tap2,241,897,1653,944.1258,1654.1384,0.51,1567493794665
tap2,240,276,1653,369.6577,1718.1051,0.44,1567493795431
tap2,103,897,1032,972.0999,1039.4586,0.42999998,1567493796145
tap2,50,69,273,130.87881,310.8381,0.71,1567493797044
tap2,51,690,894,778.27936,927.5169,0.53999996,1567493797717
tap2,52,69,894,132.87697,893.5346,0.59999996,1567493798473
tap2,53,690,273,727.32654,235.87714,0.64,1567493799361
tap2,55,690,825,843.21924,811.5773,0.48999998,1567493800208
tap2,54,69,204,143.86679,263.86258,0.65,1567493801035
tap2,56,69,825,154.85661,832.56635,0.57,1567493801964
tap2,57,690,204,760.296,268.85995,0.58,1567493802812
tap2,59,690,756,727.32654,813.57623,0.55,1567493803741
tap2,58,69,135,153.85754,177.90733,0.53,1567493804771
tap2,61,690,135,720.333,135.9292,0.75,1567493805650
tap2,60,69,756,156.85477,743.6127,0.61,1567493806374
tap2,62,207,480,310.7123,539.7189,0.51,1567493807191
tap2,63,828,1101,934.1351,1164.3936,0.34,1567493808110
tap2,64,207,1101,292.72894,1170.3904,0.39,1567493808834
tap2,65,828,480,948.12213,523.72723,0.42,1567493809580
tap2,290,345,480,401.6281,510.73398,0.57,1567493810417
tap2,291,552,1446,616.42926,1487.2253,0.48999998,1567493811387
tap2,293,552,480,618.42737,536.72046,0.48,1567493812071
tap2,292,345,1446,437.59482,1507.215,0.47,1567493812990
tap2,141,621,480,688.3626,555.7106,0.51,1567493813745
tap2,295,414,1446,478.5569,1460.2394,0.39,1567493814704
tap2,294,414,480,474.5606,504.7371,0.61,1567493815480
tap2,203,621,1446,701.3506,1400.2706,0.42,1567493816216
tap2,297,483,1446,538.5014,1460.2394,0.45999998,1567493817053
tap2,41,690,480,742.3127,507.73553,0.61,1567493817839
tap2,296,483,480,569.4727,493.74283,0.56,1567493818717
tap2,205,690,1446,747.30804,1451.2441,0.45999998,1567493819646
tap2,319,414,1653,497.5393,1628.152,0.28,1567493820421
tap2,325,552,756,608.43665,841.56165,0.39,1567493821197
tap2,324,414,756,516.5217,760.6038,0.48,1567493821881
tap2,315,552,1653,634.4126,1710.1093,0.45,1567493822759
tap2,298,345,549,403.62628,542.71735,0.61,1567493823617
tap2,299,552,1515,632.4144,1555.19,0.47,1567493824382
tap2,301,552,549,610.4348,549.7137,0.61,1567493825189
tap2,300,345,1515,422.6087,1578.178,0.42999998,1567493826026
tap2,326,345,825,416.61426,835.5648,0.55,1567493826782
tap2,256,483,135,570.4718,191.90005,0.63,1567493827670
tap2,250,345,135,467.56708,162.91515,0.64,1567493828691
tap2,327,483,825,579.46344,823.57104,0.55,1567493829436
tap2,67,828,1032,881.1841,1096.429,0.48999998,1567493830355
tap2,66,207,411,284.73636,431.77512,0.65999997,1567493831417
tap2,68,207,1032,314.70862,1030.4633,0.47,1567493832264
tap2,69,828,411,917.1508,455.7626,0.68,1567493833305
tap2,72,207,963,288.73267,969.49506,0.53,1567493834030
tap2,73,828,342,910.1573,404.78915,0.65,1567493834786
tap2,70,207,342,308.71414,395.79385,0.35999998,1567493835766
tap2,71,828,963,924.1443,1007.4752,0.5,1567493836470
tap2,76,207,894,262.7567,869.5471,0.53,1567493837185
tap2,77,828,273,900.1665,293.84695,0.72999996,1567493838114
tap2,74,207,273,297.72433,313.83655,0.69,1567493838941
tap2,75,828,894,903.16376,875.54395,0.48999998,1567493839655
tap2,80,207,825,281.73914,820.5726,0.42,1567493840431
tap2,81,828,204,890.1758,243.87297,0.64,1567493841330
tap2,78,207,204,263.7558,275.85632,0.69,1567493842218
tap2,79,828,825,930.1388,825.57,0.5,1567493842943
tap2,84,207,756,296.72525,807.57935,0.45999998,1567493843709
tap2,85,828,135,887.1785,161.91566,0.62,1567493844495
tap2,82,207,135,293.72803,186.90265,0.58,1567493845506
tap2,83,828,756,903.16376,818.57367,0.58,1567493846210
tap2,89,621,618,678.3719,628.67255,0.63,1567493846945
tap2,88,0,1239,114.893616,1265.341,0.48999998,1567493847844
tap2,87,621,1239,641.4061,1324.3102,0.48999998,1567493848742
tap2,86,0,618,137.87234,655.6585,0.29999998,1567493849580
tap2,305,483,1515,550.4903,1579.1775,0.53,1567493850682
tap2,33,690,549,776.28125,606.684,0.64,1567493851468
tap2,304,483,549,573.469,571.7022,0.59,1567493852398
tap2,215,690,1515,801.2581,1514.2113,0.45999998,1567493853306
tap2,309,552,618,590.4533,621.6762,0.57,1567493854154
tap2,308,345,1584,416.61426,1617.1577,0.44,1567493854930
tap2,307,552,1584,621.4246,1647.1421,0.45999998,1567493855859
tap2,306,345,618,427.60406,659.65643,0.52,1567493856767
tap2,258,345,204,410.6198,242.8735,0.71,1567493857850
tap2,331,483,894,597.44684,940.51013,0.44,1567493858574
tap2,330,345,894,422.6087,930.5153,0.48,1567493859360
tap2,264,483,204,544.49585,223.88339,0.68,1567493860208
tap2,223,621,1584,734.32007,1606.1635,0.42999998,1567493861208
tap2,310,414,618,496.54025,653.65955,0.53,1567493862026
tap2,89,621,618,728.3256,664.6538,0.35999998,1567493862842
tap2,311,414,1584,474.5606,1603.165,0.29,1567493863689
tap2,261,552,204,626.42,236.87662,0.31,1567493864731
tap2,322,345,756,427.60406,734.6174,0.61,1567493865568
tap2,262,414,204,499.53748,218.88599,0.57,1567493866426
tap2,333,552,894,635.4117,909.52625,0.58,1567493867222
tap2,312,483,618,576.46625,671.65015,0.61,1567493867855
tap2,225,690,1584,813.247,1629.1515,0.44,1567493868672
tap2,93,690,618,797.2618,637.66785,0.66999996,1567493869560
tap2,313,483,1584,572.4699,1555.19,0.39999998,1567493870418
tap2,91,690,1239,765.2914,1267.3398,0.45,1567493871235
tap2,90,69,618,158.85292,661.6554,0.53999996,1567493872154
tap2,93,690,618,782.2757,702.63403,0.62,1567493872828
tap2,92,69,1239,135.87419,1259.3441,0.55,1567493873665
tap2,108,276,963,323.7003,1014.4716,0.58,1567493874430
tap2,109,897,342,940.1295,380.80167,0.62,1567493875278
tap2,106,276,342,308.71414,378.8027,0.69,1567493876126
tap2,107,897,963,939.13043,987.48566,0.59,1567493876840
tap2,100,276,1101,345.67993,1123.4149,0.62,1567493877596
tap2,101,897,480,976.0962,553.7116,0.61,1567493878341
tap2,99,897,1101,944.1258,1132.4102,0.61,1567493879393
tap2,98,276,480,314.70862,503.7376,0.62,1567493880200
tap2,105,897,411,980.0925,446.7673,0.58,1567493880945
tap2,104,276,1032,375.65216,1063.446,0.57,1567493881803
tap2,102,276,411,361.66513,441.7699,0.32999998,1567493882752
tap2,103,897,1032,942.1277,999.47943,0.38,1567493883539
tap2,97,897,549,994.0796,594.69025,0.61,1567493884396
tap2,96,276,1170,371.65588,1207.3711,0.52,1567493885295
tap2,94,276,549,330.69382,585.69495,0.59,1567493886142
tap2,95,897,1170,967.10455,1198.3759,0.53,1567493886979
tap2,111,897,894,968.10364,920.52057,0.55,1567493887929
tap2,110,276,273,352.67346,295.84592,0.62,1567493888766
tap2,112,276,894,336.68826,928.51636,0.5,1567493889593
tap2,113,897,273,981.0916,327.82925,0.61,1567493890379
tap2,116,276,825,368.65866,844.5601,0.64,1567493891155
tap2,117,897,204,950.12024,251.8688,0.78,1567493891972
tap2,114,276,204,362.6642,272.85788,0.69,1567493892860
tap2,115,897,825,971.1008,840.5622,0.58,1567493893585
tap2,119,897,756,945.1249,816.5747,0.63,1567493894637
tap2,118,276,135,352.67346,160.91618,0.7,1567493895413
tap2,121,897,135,989.08417,177.90733,0.56,1567493896291
tap2,120,276,756,365.66144,754.60693,0.59,1567493897077
tap2,152,0,894,96.91027,882.54034,0.44,1567493898037
tap2,213,621,1515,708.3441,1512.2124,0.44,1567493899048
tap2,212,0,1515,144.86586,1513.2118,0.35,1567493900161
tap2,151,621,894,680.37006,947.5065,0.78999996,1567493901018
tap2,56,69,825,101.90564,868.5476,0.59999996,1567493901917
tap2,205,690,1446,795.2637,1499.2191,0.56,1567493902673
tap2,204,69,1446,55.948196,1537.1993,0.51,1567493903530
tap2,55,690,825,756.29974,882.54034,0.77,1567493904358
tap2,24,138,825,180.83257,932.5143,0.48999998,1567493905113
tap2,207,759,1446,863.20074,1478.2301,0.63,1567493906093
tap2,206,138,1446,170.84181,1521.2076,0.57,1567493906900
tap2,23,759,825,881.1841,832.56635,0.63,1567493907625
tap2,80,207,825,253.76503,843.5606,0.61,1567493908412
tap2,209,828,1446,897.1693,1397.2722,0.48999998,1567493909238
tap2,208,207,1446,262.7567,1475.2316,0.56,1567493910117
tap2,79,828,825,930.1388,869.5471,0.59999996,1567493910882
tap2,115,897,825,983.0897,849.5575,0.53,1567493911831
tap2,210,276,1446,361.66513,1504.2166,0.53999996,1567493912577
tap2,116,276,825,301.72064,885.53876,0.57,1567493913435
tap2,211,897,1446,939.13043,1366.2883,0.48999998,1567493914108
tap2,203,621,1446,714.33856,1465.2368,0.51,1567493914905
tap2,156,0,825,110.897316,876.54346,0.5,1567493915875
tap2,202,0,1446,98.90842,1424.2582,0.55,1567493916988
tap2,155,621,825,681.3691,911.5252,0.68,1567493917815
tap2,52,69,894,133.87604,941.5096,0.61,1567493918570
tap2,215,690,1515,795.2637,1563.1858,0.56,1567493919285
tap2,51,690,894,775.28217,922.5195,0.59,1567493919959
tap2,214,69,1515,135.87419,1565.1848,0.51,1567493920725
tap2,216,138,1515,194.81961,1545.1952,0.56,1567493921766
tap2,19,759,894,864.1998,961.4992,0.65,1567493922583
tap2,217,759,1515,846.2165,1511.2129,0.59999996,1567493923553
tap2,20,138,894,237.77983,929.51587,0.61,1567493924278
tap2,141,621,480,717.3358,508.73502,0.74,1567493925136
tap2,140,0,1101,84.92137,1123.4149,0.48999998,1567493925963
tap2,138,0,480,120.88807,549.7137,0.57,1567493926953
tap2,139,621,1101,689.3617,1167.392,0.65,1567493927822
tap2,142,0,411,71.933395,427.7772,0.72999996,1567493928618
tap2,143,621,1032,745.3099,1111.4211,0.58,1567493929455
tap2,144,0,1032,92.91397,1008.47473,0.58,1567493930190
tap2,145,621,411,714.33856,443.76886,0.72999996,1567493930987
tap2,148,0,963,81.92415,990.4841,0.61,1567493931712
tap2,149,621,342,684.36633,365.80948,0.7,1567493932488
tap2,147,621,963,722.3312,1065.4451,0.56,1567493933346
tap2,146,0,342,101.90564,371.80634,0.65,1567493934203
tap2,153,621,273,671.37836,272.85788,0.71999997,1567493935000
tap2,152,0,894,61.942646,925.51794,0.59,1567493935766
tap2,150,0,273,77.92784,289.84903,0.62,1567493936817
tap2,151,621,894,708.3441,895.53357,0.57,1567493937593
tap2,266,345,273,405.62442,289.84903,0.74,1567493938410
tap2,267,552,1239,645.4024,1257.3451,0.53999996,1567493939217
tap2,269,552,273,643.40424,298.84433,0.68,1567493939952
tap2,268,345,1239,451.58188,1296.3248,0.52,1567493940738
tap2,271,414,1239,472.56244,1250.3488,0.52,1567493941535
tap2,153,621,273,672.37744,253.86777,0.7,1567493942382
tap2,270,414,273,482.5532,237.8761,0.62,1567493943189
tap2,87,621,1239,686.3645,1216.3665,0.57,1567493943996
tap2,91,690,1239,755.30066,1230.3591,0.45,1567493944761
tap2,272,483,273,521.5171,294.84644,0.75,1567493945558
tap2,273,483,1239,542.4977,1248.3497,0.48999998,1567493946313
tap2,53,690,273,779.27844,325.8303,0.59999996,1567493947059
tap2,277,552,342,630.41626,381.80115,0.64,1567493947967
tap2,276,345,1308,438.5939,1325.3097,0.39,1567493948794
tap2,274,345,342,435.59668,384.79956,0.65,1567493949601
tap2,275,552,1308,649.3987,1370.2863,0.5,1567493950387
tap2,183,621,1308,698.3534,1307.3191,0.48999998,1567493951255
tap2,278,414,342,469.56522,379.8022,0.63,1567493952010
tap2,149,621,342,697.3543,362.81104,0.58,1567493952889
tap2,279,414,1308,463.57077,1307.3191,0.52,1567493953777
tap2,281,483,1308,534.50507,1336.304,0.53999996,1567493954563
tap2,49,690,342,773.284,376.80374,0.56,1567493955390
tap2,280,483,342,580.4625,385.79904,0.65,1567493956288
tap2,185,690,1308,747.30804,1308.3186,0.48,1567493957085
tap2,156,0,825,106.90102,854.5549,0.57,1567493958218
tap2,157,621,204,704.34784,221.88443,0.63,1567493958953
tap2,155,621,825,715.33765,846.5591,0.69,1567493959668
tap2,154,0,204,61.942646,215.88756,0.64,1567493960556
tap2,158,0,135,52.950974,142.92555,0.56,1567493961863
tap2,159,621,756,690.3608,790.5882,0.55,1567493962731
tap2,160,0,756,37.964848,758.60486,0.48,1567493963558
tap2,161,621,135,682.36816,147.92296,0.91999996,1567493964446
tap2,162,0,66,57.946346,102.94638,0.66999996,1567493966253
tap2,163,621,687,721.3321,706.63196,0.68,1567493967091
tap2,164,0,687,70.93432,710.6299,0.64,1567493967887
tap2,165,621,66,678.3719,79.95835,0.77,1567493968837
tap2,169,897,66,973.099,79.95835,0.72999996,1567493970021
tap2,168,276,687,346.67902,716.6267,0.59999996,1567493970766
tap2,166,276,66,364.66235,119.93753,0.83,1567493971828
tap2,167,897,687,962.1092,708.6309,0.53999996,1567493972604
tap2,170,138,618,218.79741,669.6512,0.62,1567493973391
tap2,171,759,1239,853.21,1269.3389,0.57,1567493974289
tap2,173,759,618,867.197,683.6439,0.57,1567493975137
tap2,172,138,1239,227.7891,1294.3258,0.53,1567493975984
tap2,177,828,618,919.1489,697.63666,0.59999996,1567493976740
tap2,176,207,1239,273.74652,1265.341,0.56,1567493977536
tap2,174,207,618,225.79094,662.65485,0.65,1567493978373
tap2,175,828,1239,868.1961,1193.3784,0.45,1567493979098
tap2,133,690,66,779.27844,105.94482,0.7,1567493980160
tap2,249,483,1032,552.48846,1064.4456,0.51,1567493980865
tap2,43,690,1032,773.284,1058.4487,0.56,1567493981753
tap2,248,483,66,574.4681,90.95263,0.83,1567493982662
tap2,251,552,1101,646.4015,1140.406,0.47,1567493983458
tap2,250,345,135,451.58188,194.89848,0.72999996,1567493984163
tap2,252,345,1101,445.58743,1126.4133,0.62,1567493984888
tap2,253,552,135,623.4227,167.91254,0.75,1567493985510
tap2,254,414,135,494.54208,187.90213,0.77,1567493986471
tap2,139,621,1101,702.3497,1131.4106,0.52,1567493987185
tap2,161,621,135,668.3811,132.93076,0.65999997,1567493987982
tap2,255,414,1101,468.56613,1136.4081,0.58,1567493988768
tap2,178,276,618,342.6827,636.6684,0.59999996,1567493989565
tap2,179,897,1239,978.09436,1256.3456,0.45,1567493990453
tap2,181,897,618,959.11194,680.6455,0.48,1567493991341
tap2,180,276,1239,334.6901,1253.3472,0.55,1567493992179
tap2,132,69,687,128.88066,679.646,0.63,1567493993037
tap2,185,690,1308,726.32745,1336.304,0.55,1567493993945
tap2,184,69,1308,162.84921,1297.3242,0.53,1567493994875
tap2,131,690,687,793.2655,746.61115,0.58,1567493995548
tap2,127,759,687,816.2442,719.6252,0.56,1567493996406
tap2,187,759,1308,823.23773,1314.3154,0.48999998,1567493997141
tap2,186,138,1308,213.80203,1322.3113,0.5,1567493997968
tap2,126,138,66,207.80759,94.95055,0.78,1567493999122
tap2,123,828,687,902.1647,693.63873,0.63,1567493999827
tap2,188,207,1308,277.74283,1303.3212,0.59,1567494000531
tap2,124,207,687,224.79185,710.6299,0.59999996,1567494001318
tap2,189,828,1308,900.1665,1254.3467,0.51,1567494001981
tap2,317,552,687,618.42737,759.6044,0.53999996,1567494002860
tap2,316,345,1653,391.6374,1706.1113,0.52,1567494003646
tap2,314,345,687,390.6383,739.61475,0.7,1567494004422
tap2,315,552,1653,626.42,1650.1405,0.47,1567494005218
tap2,266,345,273,413.61703,275.85632,0.71999997,1567494005995
tap2,335,483,963,570.4718,981.4888,0.61,1567494006761
tap2,272,483,273,553.4875,247.8709,0.77,1567494007537
tap2,334,345,963,399.62997,1027.4648,0.64,1567494008333
tap2,318,414,687,503.53375,721.62415,0.72999996,1567494009007
tap2,233,621,1653,706.346,1651.14,0.53,1567494009814
tap2,163,621,687,700.3515,737.6158,0.47,1567494010559
tap2,319,414,1653,507.53006,1625.1536,0.42,1567494011376
tap2,269,552,273,596.44775,285.8511,0.77,1567494012244
tap2,336,414,963,467.56708,983.48773,0.65999997,1567494013010
tap2,337,552,963,634.4126,1017.47003,0.5,1567494013735
tap2,270,414,273,507.53006,299.8438,0.71999997,1567494014511
tap2,168,276,687,352.67346,721.62415,0.68,1567494015277
tap2,191,897,1308,964.1073,1315.315,0.48,1567494016094
tap2,167,897,687,961.1101,722.6236,0.57,1567494017217
tap2,190,276,1308,363.66327,1323.3108,0.53999996,1567494018003
tap2,192,0,1377,81.92415,1363.2899,0.44,1567494019187
tap2,160,0,756,86.91952,782.5924,0.51,1567494020198
tap2,193,621,1377,666.383,1418.2612,0.52,1567494021057
tap2,159,621,756,682.36816,818.57367,0.44,1567494021843
tap2,194,69,1377,147.8631,1332.306,0.52,1567494022670
tap2,59,690,756,792.2664,819.5731,0.57,1567494023395
tap2,60,69,756,143.86679,816.5747,0.51,1567494024232
tap2,195,690,1377,756.29974,1418.2612,0.53,1567494024968
tap2,28,138,756,207.80759,810.5778,0.62,1567494025764
tap2,197,759,1377,828.2331,1408.2665,0.52,1567494026489
tap2,27,759,756,857.2063,817.57416,0.59,1567494027234
tap2,196,138,1377,204.81036,1370.2863,0.56,1567494028143
tap2,84,207,756,273.74652,812.5768,0.51,1567494029032
tap2,199,828,1377,906.16095,1395.2733,0.48,1567494029716
tap2,83,828,756,898.1684,807.57935,0.53999996,1567494030431
tap2,198,207,1377,269.75024,1394.2738,0.5,1567494031339
tap2,200,276,1377,341.68362,1404.2686,0.45,1567494032238
tap2,119,897,756,959.11194,815.5752,0.51,1567494033116
tap2,120,276,756,339.6855,830.5674,0.57,1567494033872
tap2,201,897,1377,981.0916,1386.278,0.45999998,1567494034576
tap2,242,345,66,418.6124,103.94586,0.78999996,1567494035588
tap2,347,966,687,1045.0323,745.61163,0.42999998,1567494036476
tap2,338,966,66,1049.0287,117.93857,0.47,1567494037824
tap2,314,345,687,445.58743,703.6335,0.58,1567494038630
tap2,322,345,756,399.62997,784.5914,0.65,1567494039386
tap2,339,966,135,1033.0435,179.9063,0.59,1567494040519
tap2,348,966,756,1041.0361,797.5846,0.48,1567494041489
tap2,250,345,135,416.61426,156.91827,0.77,1567494042429
tap2,258,345,204,399.62997,191.90005,0.74,1567494043317
tap2,349,966,825,1016.0592,807.57935,0.48,1567494044052
tap2,340,966,204,955.11566,192.89952,0.63,1567494044849
tap2,326,345,825,409.62073,858.5528,0.64,1567494045605
tap2,330,345,894,460.57355,870.5466,0.53999996,1567494046391
tap2,341,966,273,1021.05457,295.84592,0.65,1567494048117
tap2,266,345,273,427.60406,310.8381,0.78,1567494049179
tap2,350,966,894,1007.0675,918.5216,0.45999998,1567494049883
tap2,76,207,894,240.77705,935.51276,0.66999996,1567494050649
tap2,219,828,1515,910.1573,1508.2145,0.53,1567494051548
tap2,218,207,1515,275.7447,1554.1904,0.48999998,1567494052354
tap2,75,828,894,898.1684,936.5122,0.56,1567494052977
tap2,220,276,1515,342.6827,1544.1957,0.5,1567494053896
tap2,111,897,894,957.1138,952.5039,0.51,1567494054601
tap2,112,276,894,373.65402,957.5013,0.56,1567494055336
tap2,221,897,1515,925.1434,1491.2233,0.42,1567494056041
tap2,225,690,1584,770.2868,1602.1655,0.48999998,1567494057062
tap2,48,69,963,132.87697,956.5018,0.53999996,1567494057920
tap2,47,690,963,773.284,1018.46954,0.61,1567494058676
tap2,224,69,1584,161.85014,1562.1863,0.56,1567494059513
tap2,165,621,66,728.3256,75.960434,0.64,1567494060442
tap2,247,414,1032,450.5828,1080.4373,0.66999996,1567494061259
tap2,143,621,1032,670.3793,1046.455,0.48999998,1567494061964
tap2,246,414,66,468.56613,104.945335,0.84,1567494062965
tap2,15,759,963,801.2581,1013.4721,0.58,1567494063670
tap2,226,138,1584,212.80296,1600.1665,0.47,1567494064466
tap2,227,759,1584,779.27844,1644.1437,0.53,1567494065232
tap2,16,138,963,176.83626,1033.4617,0.48999998,1567494066079
tap2,72,207,963,234.78261,1032.4623,0.56,1567494066815
tap2,229,828,1584,872.19244,1582.1759,0.52,1567494067540
tap2,71,828,963,918.14984,998.4799,0.5,1567494068254
tap2,228,207,1584,241.77614,1619.1566,0.38,1567494069092
tap2,242,345,66,438.5939,89.95315,0.65999997,1567494070093
tap2,243,552,1032,615.4302,1045.4554,0.48999998,1567494070869
tap2,244,345,1032,410.6198,1036.4602,0.53,1567494071543
tap2,245,552,66,666.383,86.95471,0.84,1567494072441
tap2,148,0,963,70.93432,977.49084,0.53999996,1567494073411
tap2,223,621,1584,693.35803,1645.1431,0.53999996,1567494074177
tap2,147,621,963,679.371,1048.4539,0.48999998,1567494074943
tap2,222,0,1584,105.90195,1545.1952,0.28,1567494075873
tap2,252,345,1101,368.65866,1141.4055,0.55,1567494076853
tap2,344,966,480,1024.0518,532.72253,0.48,1567494077619
tap2,290,345,480,389.63922,509.7345,0.66999996,1567494078354
tap2,353,966,1101,1002.07214,1103.4253,0.48999998,1567494079069
tap2,345,966,549,1054.024,543.7168,0.29999998,1567494080152
tap2,260,345,1170,408.62164,1175.3878,0.59,1567494080826
tap2,354,966,1170,1047.0305,1194.3779,0.37,1567494081632
tap2,298,345,549,420.61053,567.7043,0.62,1567494082429
tap2,346,966,618,1039.038,648.6621,0.51,1567494083307
tap2,268,345,1239,430.6013,1237.3555,0.51,1567494084032
tap2,355,966,1239,1057.0212,1259.3441,0.41,1567494084890
tap2,306,345,618,402.6272,655.6585,0.63,1567494085656
tap2,314,345,687,448.58466,715.62726,0.7,1567494086432
tap2,356,966,1308,1054.024,1327.3087,0.38,1567494087300
tap2,347,966,687,1001.07306,707.6314,0.62,1567494088127
tap2,276,345,1308,373.65402,1333.3055,0.64,1567494088903
tap2,257,483,1101,516.5217,1145.4034,0.58,1567494089648
tap2,61,690,135,780.2775,164.91411,0.76,1567494090496
tap2,39,690,1101,791.26733,1089.4326,0.63,1567494091190
tap2,256,483,135,520.51807,161.91566,0.65,1567494092109
tap2,258,345,204,441.59113,233.87819,0.76,1567494093028
tap2,259,552,1170,666.383,1187.3816,0.55,1567494093784
tap2,260,345,1170,410.6198,1102.4258,0.56,1567494094468
tap2,261,552,204,617.4283,246.87141,0.75,1567494095265
tap2,157,621,204,645.4024,223.88339,0.83,1567494096071
tap2,263,414,1170,516.5217,1192.3789,0.59999996,1567494096847
tap2,262,414,204,469.56522,215.88756,0.78,1567494097685
tap2,135,621,1170,712.34045,1199.3752,0.55,1567494098369
tap2,244,345,1032,401.6281,1045.4554,0.48,1567494099186
tap2,361,966,1653,1000.07404,1603.165,0.26999998,1567494100217
tap2,352,966,1032,1010.06476,1145.4034,0.56,1567494101156
tap2,316,345,1653,375.65216,1649.141,0.61,1567494102055
tap2,282,345,411,383.64478,455.7626,0.77,1567494102841
tap2,283,552,1377,633.4135,1429.2556,0.62,1567494103628
tap2,284,345,1377,460.57355,1392.2748,0.53,1567494104383
tap2,285,552,411,645.4024,460.76,0.59999996,1567494105221
tap2,145,621,411,717.3358,436.7725,0.72999996,1567494105976
tap2,287,414,1377,476.55875,1402.2697,0.61,1567494106732
tap2,193,621,1377,703.34875,1404.2686,0.48999998,1567494107497
tap2,286,414,411,453.58002,384.79956,0.74,1567494108345
tap2,288,483,411,594.4496,428.77667,0.76,1567494109091
tap2,195,690,1377,852.21094,1422.2592,0.61,1567494109877
tap2,289,483,1377,585.4579,1377.2826,0.55,1567494110581
tap2,45,690,411,778.27936,448.76627,0.65999997,1567494111306
tap2,31,690,1170,756.29974,1128.4122,0.59999996,1567494111919
tap2,264,483,204,544.49585,239.87506,0.66999996,1567494112746
tap2,57,690,204,794.2646,228.88078,0.71999997,1567494113563
tap2,265,483,1170,552.48846,1182.3842,0.55,1567494114441
tap2,300,345,1515,411.61887,1534.2009,0.55,1567494115299
tap2,350,966,894,1007.0675,967.4961,0.59999996,1567494116085
tap2,330,345,894,415.61517,961.4992,0.51,1567494116810
tap2,359,966,1515,1035.0416,1489.2244,0.48999998,1567494117627
tap2,351,966,963,987.08606,999.47943,0.5,1567494118413
tap2,308,345,1584,392.63644,1625.1536,0.53999996,1567494119302
tap2,360,966,1584,993.0805,1524.206,0.38,1567494120159
tap2,334,345,963,387.64108,1001.4784,0.56,1567494121171
tap2,137,621,549,703.34875,544.7163,0.44,1567494121916
tap2,303,414,1515,499.53748,1543.1962,0.52,1567494122672
tap2,213,621,1515,709.3432,1501.218,0.45,1567494123499
tap2,302,414,549,489.54672,639.6668,0.66999996,1567494124296
tap2,254,414,135,529.5097,218.88599,0.76,1567494125143
tap2,329,552,825,620.42554,823.57104,0.65,1567494125980
tap2,253,552,135,593.4505,87.954185,0.84,1567494126818
tap2,328,414,825,498.5384,827.569,0.74,1567494127655
tap2,334,345,963,433.5985,964.4976,0.71,1567494128380
tap2,342,966,342,1053.025,440.77042,0.47,1567494129299
tap2,274,345,342,463.57077,397.79282,0.65,1567494130249
tap2,351,966,963,1030.0463,916.52264,0.26999998,1567494130984
tap2,282,345,411,415.61517,397.79282,0.62,1567494132057
tap2,352,966,1032,1000.07404,1058.4487,0.41,1567494132822
tap2,343,966,411,1005.0694,490.7444,0.58,1567494133731
tap2,244,345,1032,422.6087,1034.4612,0.62,1567494134548
tap2,322,345,756,423.6078,813.57623,0.68,1567494135284
tap2,357,966,1377,1010.06476,1409.266,0.53,1567494136059
tap2,348,966,756,1014.06104,770.59863,0.61,1567494136897
tap2,284,345,1377,431.60037,1366.2883,0.55,1567494137765
tap2,292,345,1446,399.62997,1441.2493,0.52,1567494138633
tap2,349,966,825,1054.024,835.5648,0.39999998,1567494139348
tap2,326,345,825,414.6161,859.5523,0.57,1567494140236
tap2,358,966,1446,1054.024,1431.2545,0.42,1567494141135
tap2,131,690,687,802.2572,727.62103,0.62,1567494141891
tap2,321,483,1653,523.51526,1668.1311,0.53999996,1567494142718
tap2,320,483,687,577.46533,727.62103,0.58,1567494143392
tap2,235,690,1653,797.2618,1638.1467,0.56,1567494144178
tap2,362,0,1722,95.911194,1737.0952,0.51,1567494145414
tap2,139,621,1101,694.35706,1160.3956,0.59999996,1567494146221
tap2,140,0,1101,64.93987,1117.418,0.53999996,1567494147129
tap2,371,621,1722,646.4015,1734.0968,0.57,1567494148100
tap2,39,690,1101,772.2849,1147.4023,0.52,1567494148855
tap2,363,69,1722,139.87048,1733.0973,0.45999998,1567494149968
tap2,372,690,1722,760.296,1760.0833,0.56,1567494150908
tap2,40,69,1101,163.8483,1151.4003,0.55,1567494151868
tap2,136,0,1170,99.90749,1215.367,0.51,1567494152787
tap2,386,621,1791,667.3821,1833.0453,0.5,1567494153838
tap2,135,621,1170,674.3756,1244.3519,0.56,1567494154707
tap2,377,0,1791,37.964848,1796.0645,0.38,1567494156483
tap2,31,690,1170,737.3173,1190.38,0.61,1567494157443
tap2,378,69,1791,150.86032,1814.0552,0.59,1567494158321
tap2,32,69,1170,133.87604,1242.3529,0.63,1567494159149
tap2,387,690,1791,739.3154,1817.0536,0.56,1567494160210
tap2,8,138,1101,192.82146,1137.4076,0.56,1567494161119
tap2,373,759,1722,830.23126,1717.1056,0.58,1567494162059
tap2,7,759,1101,920.148,1109.4221,0.41,1567494162753
tap2,364,138,1722,813.247,1137.4076,0.71999997,1567494162968
tap2,374,828,1722,909.1582,1754.0864,0.62,1567494163815
tap2,64,207,1101,274.7456,1120.4164,0.61,1567494164591
tap2,365,207,1722,281.73914,1758.0842,0.59,1567494165357
tap2,63,828,1101,941.1286,1099.4274,0.63,1567494166062
tap2,379,138,1791,172.83997,1818.0531,0.62,1567494166950
tap2,3,759,1170,844.2183,1201.3743,0.58,1567494167634
tap2,4,138,1170,208.80666,1230.3591,0.63,1567494168451
tap2,388,759,1791,824.2368,1807.0588,0.64,1567494169391
tap2,380,207,1791,265.75394,1771.0775,0.58,1567494170259
tap2,35,828,1170,949.1212,1196.3768,0.53,1567494171004
tap2,389,828,1791,909.1582,1826.0488,0.58,1567494172219
tap2,36,207,1170,250.7678,1223.3628,0.62,1567494173057
tap2,100,276,1101,359.667,1182.3842,0.57,1567494173863
tap2,375,897,1722,945.1249,1731.0984,0.56,1567494174721
tap2,99,897,1101,974.0981,1157.3972,0.69,1567494176100
tap2,366,276,1722,353.67252,1724.1019,0.57,1567494176937
tap2,368,414,1722,448.58466,1737.0952,0.56,1567494177835
tap2,159,621,756,715.33765,785.5908,0.56,1567494178714
tap2,371,621,1722,709.3432,1759.0837,0.51,1567494179510
tap2,324,414,756,540.4995,824.5705,0.53,1567494180276
tap2,96,276,1170,341.68362,1196.3768,0.59,1567494181032
tap2,390,897,1791,925.1434,1793.066,0.65,1567494181879
tap2,95,897,1170,971.1008,1199.3752,0.59,1567494182543
tap2,381,276,1791,340.68454,1808.0582,0.55,1567494183411
tap2,385,552,1791,605.4394,1839.0421,0.5,1567494184167
tap2,326,345,825,427.60406,857.55334,0.68,1567494185055
tap2,382,345,1791,455.5782,1824.0499,0.62,1567494185862
tap2,329,552,825,629.41724,887.5377,0.64,1567494186577
tap2,323,483,756,564.47736,831.5669,0.59,1567494187353
tap2,372,690,1722,757.2988,1690.1196,0.51,1567494188017
tap2,59,690,756,772.2849,786.5903,0.68,1567494188752
tap2,369,483,1722,532.50696,1789.0681,0.56,1567494189539
tap2,353,966,1101,1005.0694,1133.4097,0.56,1567494190192
tap2,367,345,1722,421.60962,1722.103,0.53,1567494190989
tap2,252,345,1101,436.59573,1183.3837,0.59999996,1567494191796
tap2,376,966,1722,1000.07404,1676.127,0.5,1567494192684
tap2,383,414,1791,434.5976,1864.029,0.51,1567494193644
tap2,155,621,825,663.38574,858.5528,0.56,1567494194451
tap2,328,414,825,500.53653,853.5554,0.62,1567494195207
tap2,386,621,1791,678.3719,1811.0566,0.58,1567494196003
tap2,55,690,825,771.2858,826.56946,0.75,1567494196688
tap2,384,483,1791,548.4921,1784.0708,0.53999996,1567494197464
tap2,327,483,825,539.5005,811.5773,0.78999996,1567494198281
tap2,387,690,1791,772.2849,1790.0676,0.65,1567494199006
tap1,2,288,642,371.65588,697.63666,0.59,1567494379244
tap1,2,288,642,384.64386,703.6335,0.65999997,1567494390610
tap1,3,576,930,640.40704,1018.46954,0.58,1567494391298
tap1,4,576,642,675.37463,691.6398,0.71999997,1567494391931
tap1,5,288,930,399.62997,986.4862,0.48999998,1567494392554
tap1,9,288,786,393.63553,828.5684,0.53999996,1567494393259
tap1,17,576,1074,674.3756,1106.4237,0.39999998,1567494393851
tap1,16,288,1074,358.6679,1108.4227,0.42999998,1567494394464
tap1,7,576,786,681.3691,837.5637,0.52,1567494395026
tap1,4,576,642,689.3617,669.6512,0.69,1567494395608
tap1,10,288,354,367.65958,394.79437,0.74,1567494396323
tap1,2,288,642,386.642,695.6377,0.64,1567494396967
tap1,11,576,354,681.3691,439.77094,0.57,1567494397600
tap1,4,576,642,677.3728,698.6361,0.69,1567494398244
tap1,18,288,1218,387.64108,1240.354,0.35999998,1567494398866
tap1,2,288,642,378.6494,698.6361,0.59,1567494399531
tap1,19,576,1218,697.3543,1256.3456,0.48999998,1567494400225
tap1,13,576,210,673.3765,236.87662,0.84,1567494401011
tap1,6,288,498,373.65402,562.7069,0.61,1567494401696
tap1,12,288,210,371.65588,250.86934,0.65,1567494402523
tap1,8,576,498,686.3645,556.71,0.75,1567494403238
tap1,19,576,1218,623.4227,1259.3441,0.64,1567494403861
tap1,22,288,1506,373.65402,1560.1874,0.57,1567494404474
tap1,18,288,1218,393.63553,1268.3394,0.59,1567494405076
tap1,23,576,1506,678.3719,1503.217,0.51,1567494405791
tap1,14,288,66,359.667,80.95783,0.78999996,1567494406618
tap1,11,576,354,672.37744,415.78345,0.69,1567494407272
tap1,10,288,354,366.6605,409.78656,0.74,1567494407936
tap1,15,576,66,664.3848,121.936485,0.84,1567494408723
tap1,17,576,1074,665.3839,1126.4133,0.66999996,1567494409346
tap1,20,288,1362,387.64108,1418.2612,0.5,1567494409969
tap1,21,576,1362,643.40424,1375.2837,0.55,1567494410602
tap1,16,288,1074,375.65216,1188.381,0.68,1567494411337
tap1,9,288,786,415.61517,833.56586,0.56,1567494412042
tap1,8,576,498,652.39594,552.7121,0.59999996,1567494412614
tap1,6,288,498,365.66144,554.71106,0.59999996,1567494413237
tap1,7,576,786,693.35803,806.5799,0.56,1567494413819
tap1,24,144,66,258.7604,139.92712,0.82,1567494414565
tap1,26,432,354,519.519,414.78397,0.56,1567494415239
tap1,27,144,354,255.76318,392.7954,0.7,1567494415933
tap1,25,432,66,493.54303,119.93753,0.71999997,1567494416730
tap1,66,720,1506,838.2239,1586.1738,0.59,1567494417506
tap1,41,432,1218,506.531,1297.3242,0.59999996,1567494418068
tap1,42,432,1506,503.53375,1580.177,0.61,1567494418650
tap1,65,720,1218,795.2637,1266.3405,0.52,1567494419253
tap1,36,144,786,253.76503,806.5799,0.7,1567494419876
tap1,38,432,1074,525.5134,1112.4205,0.71,1567494420509
tap1,39,144,1074,258.7604,1095.4294,0.32999998,1567494421163
tap1,37,432,786,485.5504,843.5606,0.56,1567494421847
tap1,16,288,1074,361.66513,1114.4196,0.53,1567494422460
tap1,56,0,1362,141.86864,1406.2676,0.32999998,1567494423154
tap1,20,288,1362,368.65866,1397.2722,0.53,1567494423798
tap1,53,0,1074,131.8779,1100.4269,0.42999998,1567494424492
tap1,59,720,210,816.2442,228.88078,0.76,1567494425207
tap1,30,432,498,524.51434,551.71265,0.71999997,1567494425871
tap1,29,432,210,531.5079,282.85266,0.62,1567494426525
tap1,60,720,498,818.2424,521.7283,0.79999995,1567494427107
tap1,33,432,642,510.52728,700.6351,0.74,1567494427710
tap1,62,720,930,809.2507,984.48724,0.59999996,1567494428271
tap1,61,720,642,845.2174,712.62885,0.79999995,1567494428854
tap1,34,432,930,542.4977,995.4815,0.17,1567494429477
tap1,6,288,498,376.65125,505.73657,0.69,1567494430069
tap1,48,0,210,116.89177,241.87402,0.69,1567494430743
tap1,12,288,210,342.6827,252.86829,0.59999996,1567494431458
tap1,49,0,498,126.882515,543.7168,0.7,1567494432112
tap1,51,0,930,112.89547,1019.469,0.57,1567494432796
tap1,2,288,642,376.65125,688.6413,0.59,1567494433460
tap1,5,288,930,425.60593,992.48303,0.58,1567494434001
tap1,50,0,642,68.93617,721.62415,0.71,1567494434645
tap1,37,432,786,434.5976,837.5637,0.69,1567494435176
tap1,64,720,1074,847.2156,1166.3925,0.7,1567494435809
tap1,38,432,1074,492.54395,1132.4102,0.55,1567494436381
tap1,63,720,786,818.2424,864.5497,0.71,1567494437127
tap1,29,432,210,533.50604,227.8813,0.65999997,1567494437903
tap1,31,144,498,225.79094,530.7236,0.65999997,1567494438597
tap1,28,144,210,243.77429,271.8584,0.64,1567494439374
tap1,30,432,498,544.49585,552.7121,0.81,1567494440027
tap1,42,432,1506,513.52454,1535.2004,0.63,1567494440711
tap1,40,144,1218,219.79648,1288.329,0.42999998,1567494441365
tap1,41,432,1218,544.49585,1257.3451,0.65,1567494441958
tap1,43,144,1506,240.77705,1547.1941,0.65,1567494442642
tap1,45,144,1362,276.74374,1377.2826,0.53,1567494443265
tap1,82,432,1650,513.52454,1698.1155,0.57,1567494443960
tap1,80,144,1650,207.80759,1686.1218,0.39999998,1567494444654
tap1,44,432,1362,547.49304,1416.2623,0.57,1567494445175
tap1,57,720,66,798.26086,66.96512,0.7,1567494445982
tap1,26,432,354,520.51807,422.7798,0.63,1567494446646
tap1,58,720,354,841.22107,410.78604,0.7,1567494447545
tap1,25,432,66,518.5199,134.92972,0.59,1567494448229
tap1,64,720,1074,808.25165,1132.4102,0.63,1567494448913
tap1,44,432,1362,535.50415,1395.2733,0.48999998,1567494449485
tap1,38,432,1074,519.519,1157.3972,0.66999996,1567494450017
tap1,67,720,1362,800.25903,1463.2379,0.57,1567494450660
tap1,9,288,786,381.64664,812.5768,0.53999996,1567494451334
tap1,53,0,1074,132.87697,1100.4269,0.35999998,1567494452039
tap1,16,288,1074,375.65216,1083.4357,0.57,1567494452723
tap1,52,0,786,96.91027,845.5596,0.61,1567494453459
tap1,74,864,786,935.13416,848.55804,0.59,1567494454204
tap1,17,576,1074,666.383,1124.4143,0.62,1567494454919
tap1,75,864,1074,898.1684,1148.4019,0.52,1567494455583
tap1,7,576,786,679.371,844.5601,0.7,1567494456145
tap1,38,288,66,393.63553,108.94325,0.68,1567494456942
tap1,45,0,354,99.90749,411.78552,0.42,1567494457606
tap1,44,0,66,108.89917,134.92972,0.53999996,1567494458453
tap1,39,288,354,372.65494,396.79333,0.75,1567494459129
tap1,14,288,1506,444.58835,1528.204,0.58,1567494459884
tap1,47,0,1794,111.89639,1909.0057,0.16,1567494460619
tap1,46,0,1506,88.91767,1561.1869,0.68,1567494461303
tap1,10,288,1794,369.6577,1787.0692,0.5,1567494461927
tap1,22,864,210,954.1166,253.86777,0.77,1567494462611
tap1,86,576,498,675.37463,512.7329,0.71999997,1567494463204
tap1,55,576,210,651.39685,265.8615,0.68,1567494463837
tap1,88,864,498,936.13324,518.7298,0.63,1567494464439
tap1,70,864,1362,917.1508,1430.255,0.69,1567494465175
tap1,8,576,1650,650.39777,1699.115,0.58,1567494465788
tap1,13,576,1362,696.3552,1413.2639,0.52,1567494466319
tap1,71,864,1650,951.1193,1654.1384,0.62,1567494467014
tap1,78,576,1218,684.36633,1239.3545,0.69,1567494467545
tap1,83,864,1506,951.1193,1503.217,0.66999996,1567494468158
tap1,21,864,1218,959.11194,1312.3165,0.66999996,1567494468740
tap1,85,576,1506,681.3691,1554.1904,0.69,1567494469353
tap1,19,576,66,694.35706,129.93233,0.91999996,1567494470803
tap1,77,864,354,935.13416,406.78812,0.76,1567494471467
tap1,76,576,354,660.38855,402.7902,0.76,1567494472121
tap1,23,864,66,970.10175,182.90474,0.59,1567494472785
tap1,15,576,1362,639.40796,1446.2467,0.48999998,1567494473470
tap1,69,864,1074,972.0999,1152.3998,0.58,1567494474297
tap1,11,576,1074,686.3645,1126.4133,0.59999996,1567494474859
tap1,68,864,1362,945.1249,1424.2582,0.61,1567494475472
tap1,21,0,1218,132.87697,1251.3483,0.56,1567494476238
tap1,75,288,1506,389.63922,1538.1989,0.56,1567494476912
tap1,17,288,1218,407.62256,1260.3435,0.65999997,1567494477515
tap1,78,0,1506,113.89455,1543.1962,0.57,1567494478240
tap1,54,576,642,695.35614,701.6345,0.71999997,1567494478996
tap1,22,864,930,960.111,986.4862,0.65,1567494479568
tap1,18,864,642,934.1351,726.6215,0.53999996,1567494480262
tap1,55,576,930,680.37006,998.4799,0.63,1567494480875
tap1,4,576,1794,694.35706,1807.0588,0.51,1567494481611
tap1,73,864,1506,936.13324,1572.1812,0.61,1567494482387
tap1,72,576,1506,648.39966,1527.2046,0.52,1567494483000
tap1,3,864,1794,938.13135,1811.0566,0.53,1567494483776
tap1,90,720,1362,773.284,1384.2789,0.52,1567494484297
tap1,77,432,1650,525.5134,1716.1062,0.62,1567494484971
tap1,23,720,1650,836.2257,1686.1218,0.55,1567494485574
tap1,92,432,1362,548.4921,1404.2686,0.66999996,1567494486218
tap1,67,432,1074,537.5023,1128.4122,0.69,1567494486780
tap1,82,144,1362,182.83072,1447.2462,0.55,1567494487423
tap1,84,432,1362,515.52264,1427.2566,0.64,1567494488016
tap1,44,144,1074,239.77798,1121.4159,0.55,1567494488690
tap1,38,432,1506,488.54764,1594.1697,0.68,1567494489231
tap1,45,144,1794,239.77798,1878.0219,0.53999996,1567494489926
tap1,44,432,1794,510.52728,1842.0405,0.66999996,1567494490590
tap1,39,144,1506,227.7891,1557.189,0.65,1567494491264
tap1,42,432,1506,570.4718,1610.1614,0.58,1567494491816
tap1,87,720,1794,835.2266,1877.0223,0.48999998,1567494492449
tap1,89,432,1794,525.5134,1853.0348,0.58,1567494493021
tap1,43,720,1506,855.2081,1523.2067,0.48,1567494494002
tap1,42,0,1362,113.89455,1439.2504,0.45,1567494494819
tap1,91,288,1650,388.64014,1732.0978,0.41,1567494495421
tap1,89,288,1362,371.65588,1429.2556,0.58,1567494496004
tap1,66,0,1650,88.91767,1777.0743,0.58,1567494496606
tap1,56,432,642,551.4894,683.6439,0.74,1567494497322
tap1,81,144,930,235.78168,983.48773,0.52,1567494497955
tap1,20,432,930,573.469,977.49084,0.53999996,1567494498639
tap1,79,144,642,235.78168,732.6184,0.71,1567494499365
drag1,2,127.88159,619.67725,0.65,1062.050847,261.8696811103086
drag1,2,383.64478,651.6606,0.68,1309.052461,43.89032941530619
drag1,3,661.38763,917.5221,0.84,1750.479461,73.45850006608808
drag1,4,644.4033,651.6606,0.89,1686.287308,65.01314412710536
drag1,5,377.65033,945.5075,0.68,1614.253769,58.401331824914585
drag1,9,395.63367,820.2193,0.78,1658.411077,66.24029564301398
drag1,17,670.29755,1075.358,0.81,2431.545231,70.81454816065849
drag1,16,389.63922,1095.4294,0.78999996,1480.0183849999999,66.31131497045257
drag1,7,641.4061,805.5804,0.81,1739.6460769999999,78.54407734298901
drag1,4,696.3552,691.6398,0.95,1686.944,58.90888985484975
drag1,10,377.65033,363.81052,0.84999996,2832.7359229999997,55.912567319697615
drag1,2,427.60406,678.1695,0.78999996,1809.5969229999998,69.59302676616869
drag1,11,683.91846,427.32913,0.84999996,2553.554616,68.28627520097325
drag1,4,680.37006,668.65173,0.91999996,1523.3685389999998,63.126529985979964
drag1,18,389.63922,1225.3618,0.89,2513.823693,67.27581954478222
drag1,2,383.64478,636.6684,0.93,2431.241847,69.66473389273463
drag1,19,686.3645,1208.3706,0.75,2786.257385,70.39468355841322
drag1,13,677.3728,217.8865,0.96,2641.0088459999997,65.47380722305591
drag1,6,385.6429,511.73346,0.96999997,2326.37077,57.51492436923561
drag1,12,375.65216,239.87506,1.11,1525.498461,75.83249460788367
drag1,8,653.395,495.591,1.05,2790.805077,67.56165491830363
drag1,19,683.36725,1200.3748,0.94,1902.2767689999998,68.80699833017323
drag1,22,406.6235,1473.2327,0.82,3219.783231,74.26410484735153
drag1,18,398.6309,1229.3596,0.89,1859.7359999999999,63.852659628822025
drag1,23,678.87146,1494.2217,0.72999996,2097.6662309999997,69.79831067416052
drag1,14,924.1443,567.7043,0.56,1554.390846,666.2757487638264
drag1,11,646.4015,341.82196,0.84,1842.275539,82.21668465159557
drag1,10,433.0152,341.40604,0.78999996,1932.0330769999998,77.40283514628364
drag1,15,641.4061,83.95627,0.95,1451.008538,85.91731815601818
drag1,17,703.34875,1069.443,0.94,2160.9816149999997,61.566205800444564
drag1,20,433.5985,1357.2931,0.78,1553.6563079999999,72.23601709876222
drag1,21,684.36633,1361.7906,0.64,2166.167462,87.51886509961258
drag1,16,424.60684,1043.4565,0.85999995,1339.265385,64.1340918531919
drag1,24,249.76874,85.95523,1.03,2024.6237689999998,105.46567092586967
drag1,26,504.53284,381.80115,0.95,1716.288462,73.23590819119556
drag1,27,257.48267,338.54474,0.91999996,1278.8943849999998,73.23622502380545
drag1,25,489.54672,75.960434,1.15,1676.6697689999999,86.88800451096724
drag1,66,815.2451,1442.2488,1.02,2075.938693,123.2011930328281
drag1,41,849.2137,1476.2311,1.1,383.30323,359.9124893637341
drag1,42,543.49677,1505.216,0.84,2174.576924,72.22878075107944
drag1,65,825.2359,1267.3398,1.11,1676.766308,58.86587199846673
drag1,36,284.73636,799.36566,1.14,2129.397231,70.09922826500406
drag1,38,552.48846,1075.0316,1.01,2860.8660769999997,64.6092100265653
drag1,39,277.74283,1088.4331,1.1,2100.072846,75.1792628382279
drag1,37,538.5014,811.5773,1.02,1605.4139229999998,72.23106848711856
drag1,16,420.61053,1079.4377,0.95,1836.328231,57.163402503252996
drag1,56,145.86494,1337.3035,1.15,1940.509846,57.57587406843884
drag1,20,425.60593,1375.2837,0.83,1675.616078,76.9888105279967
drag1,53,115.89269,1068.4667,0.88,1818.7630769999998,72.32374753636311
drag1,59,800.25903,244.87245,1.18,2730.8343849999997,59.53698358183851
drag1,30,539.5005,497.74075,1.0,1809.4699229999999,72.30110486607522
drag1,29,557.4838,254.86725,1.27,1585.480077,63.945079979272805
drag1,60,799.25995,532.72253,1.15,2025.331,75.11742876185704
drag1,33,529.5097,626.6736,1.03,2129.942154,75.25980396486086
drag1,62,835.2266,918.5216,1.05,1706.6586929999999,67.13227319442518
drag1,61,788.27014,671.65015,1.01,2299.5636919999997,62.88991001934077
drag1,34,563.4783,941.5096,0.79999995,2101.956385,64.33037563644558
drag1,6,391.6374,544.7163,1.13,1754.674078,53.77864482467723
drag1,48,1023.05273,498.74023,1.03,2461.853154,906.9599997817952
drag1,12,393.63553,208.8912,1.15,2231.813077,73.98048389177497
drag1,49,129.87975,521.6085,1.03,1656.2216159999998,65.29696303363514
drag1,51,111.89639,925.51794,0.84999996,1810.0686919999998,72.21502717937938
drag1,2,397.63184,679.646,1.02,2269.011923,71.85195018628697
drag1,5,429.60223,923.519,1.06,2001.1596929999998,56.15955811454855
drag1,50,308.71414,916.52264,0.96,868.0897689999999,298.8434994811118
drag1,37,522.5162,837.5637,1.2099999,2505.532461,72.1505399919715
drag1,64,816.2442,1086.4341,1.06,1829.990615,55.17121317907297
drag1,38,551.4894,1048.4539,1.1899999,1684.649,75.25732209427889
drag1,63,825.2359,786.5903,1.4399999,2079.627462,69.02026257841848
drag1,29,556.48474,231.87923,1.22,3006.382154,70.89694221949452
drag1,31,262.7567,463.75845,0.81,3098.5286149999997,82.684307948557
drag1,28,268.75116,199.89589,1.13,2441.99,76.84505583618763
drag1,30,501.5356,485.747,1.1899999,2347.949693,81.04635553681771
drag1,42,551.4894,1511.2129,0.96999997,2042.6707689999998,71.20220623824186
drag1,40,274.7456,1221.3639,0.93,1635.8475389999999,69.82744657386331
drag1,41,540.8844,1209.9846,0.91999996,1299.3486149999999,63.48778950447329
drag1,43,906.16095,1746.0906,0.57,2912.195461,653.9091260020157
drag1,45,269.75024,1390.946,1.03,1432.214,64.29304502507603
drag1,82,568.47363,1658.1364,0.82,1840.2564619999998,61.23121471434311
drag1,80,225.79094,1642.1447,1.05,2085.533077,57.36374565376061
drag1,44,513.52454,1356.8287,0.91999996,2127.8849999999998,88.37896969231284
drag1,57,834.2098,120.91917,1.28,2768.781308,69.31783872531588
drag1,26,547.49304,379.8022,1.05,2488.764231,76.1138867543074
drag1,58,852.21094,359.8126,1.14,2054.029154,67.59338468558956
drag1,25,566.5816,92.951584,1.41,2463.173077,55.92330747572117
drag1,64,784.2738,1091.4315,1.3,4899.510462,63.84245532255257
drag1,44,572.53467,1372.2205,1.4399999,2484.433385,52.29303026402315
drag1,38,559.48193,1124.4143,1.1999999,1408.124231,71.05945568768792
drag1,67,832.22943,1370.2863,1.1,1981.321923,60.39306225592955
drag1,9,1026.0499,1155.3982,0.58,2196.770539,660.6869022167601
drag1,53,1018.0574,1081.4368,0.71999997,3343.4814619999997,908.260594038122
drag1,16,386.642,1053.4513,1.18,2885.795385,77.96914070247466
drag1,52,1054.3108,795.1598,0.7,2661.888,919.7575904786644
drag1,74,1001.5726,786.5903,1.15,2180.3845389999997,64.07059529552814
drag1,17,688.3626,1120.4164,1.04,3123.010923,71.48119055841491
drag1,75,990.08325,1091.4315,1.23,2702.705539,45.34381034713636
drag1,7,683.36725,797.5846,1.5699999,1850.5330769999998,70.8545899179208
drag1,70,981.0916,218.88599,1.43,2242.417384,68.72098031686723
drag1,8,672.37744,514.7319,1.02,2756.0165389999997,64.12235886755384
drag1,13,669.3802,245.87193,1.4699999,2313.951846,70.92530575382307
drag1,71,954.1166,496.74127,1.53,3567.476155,66.13034401008395
drag1,78,985.0879,1359.292,1.1999999,1993.464692,55.56539178632871
drag1,83,719.334,1660.1353,1.05,2274.759153,57.35723087888729
drag1,21,696.3552,1370.2863,1.1999999,1734.662,68.81724410441034
drag1,85,970.1729,1668.1311,1.31,1941.7052299999998,47.13391342692031
drag1,19,680.37006,1212.3685,1.25,2018.160154,59.75959244008644
drag1,77,972.0999,1526.7048,0.97999996,2156.152923,60.61964003585233
drag1,76,957.1138,1265.341,1.3199999,2617.981385,57.1330901015238
drag1,23,710.3423,1513.2118,1.14,2801.950078,67.16611331951562
drag1,15,706.346,87.954185,1.6899999,2770.466462,66.24652785022529
drag1,69,926.04816,331.63855,1.41,2612.0650769999997,81.8324695531763
drag1,11,687.3635,365.80948,1.15,1931.8624619999998,81.96899513049544
drag1,68,962.1092,100.94742,1.13,2478.541692,76.03484378677493
drag1,21,665.3839,1382.28,1.2099999,2340.195539,61.1330382987048
drag1,75,956.1147,1105.4242,1.3199999,1605.269077,91.80242513273363
drag1,17,675.0779,1054.8567,1.25,1677.723769,73.90362605304585
drag1,78,981.0916,1369.0206,1.26,1582.907692,57.43557625988169
drag1,54,113.89455,1220.3644,0.89,3142.644077,70.62388792565665
drag1,22,388.64014,1527.2046,1.23,2819.921077,65.1753973298544
drag1,18,396.63275,1213.368,1.02,1676.4136919999999,67.82208340298347
drag1,55,142.86772,1522.2072,0.94,2443.665923,67.3221026661034
drag1,67,824.2368,1347.798,1.14,3241.480385,71.54069916803755
drag1,82,576.46625,1664.1332,1.28,2053.214231,59.275577319910575
drag1,84,853.21,1662.1343,1.54,3391.4910769999997,62.976752882049645
drag1,44,549.4912,1347.2982,1.12,1655.090154,65.81830740899741
drag1,38,572.4699,1085.4347,1.25,1800.72,67.93216852907737
drag1,45,1048.567,1474.3357,0.75,3160.0302309999997,791.7802978729734
drag1,44,510.52728,1344.2998,0.95,1818.0629999999999,68.05004356148231
drag1,39,263.7558,1073.4409,1.24,3404.136231,72.86416250755923
drag1,56,128.88066,1354.2946,0.95,2053.873,72.12132003704212
drag1,81,240.77705,1435.983,1.06,837.692693,313.84807566027126
drag1,20,986.087,1565.1848,0.35,1991.7636929999999,664.7911073929214
drag1,79,143.86679,1644.1437,1.0,2124.18477,64.42221649236353
drag1,33,1053.0316,1008.4813,0.41,2942.586539,579.4076204883237
drag1,35,1063.0157,995.4815,0.53999996,2886.7429239999997,839.594361170453
drag1,34,492.54395,933.01404,0.87,1706.895077,71.7089446553044
drag1,32,246.77151,647.66266,1.0699999,2375.5833079999998,78.41864070464891
drag1,9,953.1175,1079.4377,0.52,1932.621154,614.73570650671
drag1,8,664.3088,497.58865,1.55,2117.2851539999997,86.07246181298116
drag1,6,394.6346,488.74542,1.22,1694.415616,79.25570192918693
drag1,7,679.371,803.12054,1.24,2025.3939229999999,76.02917925570547
drag1,14,401.3965,71.49915,1.27,2588.6257689999998,55.63834798361908
drag1,47,128.88066,380.80167,1.3199999,2732.782846,71.38220363096158
drag1,46,1015.0601,376.80374,1.12,1513.654231,920.9397424720011
drag1,10,372.65494,334.8256,1.05,1871.720231,72.24254996330872
drag1,4,671.37836,640.6663,1.18,2145.559847,76.13301412197032
drag1,73,988.0851,929.51587,1.23,2493.4564609999998,65.22860505978335
drag1,72,966.10547,660.43896,0.96,1826.476308,63.420643422569
drag1,3,677.8723,935.51276,1.05,3648.6576929999997,75.28156223844496
scale2,25,-7.5486317,2453.205
scale2,9,-12.011192,2420.720308
scale2,28,-18.674097,2116.4616929999997
scale2,10,-8.171825,2135.271154
scale2,29,15.659214,3443.8946929999997
scale2,12,-4.1943626,2116.1583849999997
scale2,30,-17.306042,2319.317616
scale2,13,-6.432976,2226.952154
scale2,32,-1.5553093,2145.2740009999998
scale2,15,-2.7377472,2074.5436919999997
scale2,34,-14.234133,2310.6140769999997
scale2,17,-10.415852,2084.622308
scale2,1,-7.211952,2378.87977
scale2,20,26.152359,2096.293385
scale2,3,4.963583,1756.957307
scale2,24,-14.458586,2576.5369229999997
scale2,16,41.35694,1645.429077
scale2,2,3.015953,1644.290616
scale2,23,-0.5520687,1788.639923
scale2,7,72.29671,1298.5874609999998
scale2,11,-5.79241,1898.877154
scale2,14,19.240013,1257.157769
scale2,26,-5.094818,1412.0845379999998
scale2,35,-18.390415,1527.448308
scale2,21,-16.399921,1573.872384
scale2,22,-8.698025,1584.928923
scale2,27,-13.9454155,1670.081769
scale2,36,-42.663815,4927.035154
scale2,31,44.601624,1258.110616
scale2,19,11.439926,1550.6256919999998
scale2,4,7.8912277,1349.806769
scale2,8,-284.41742,1176.788615
scale2,5,12.649052,2216.362385
scale2,33,15.707239,1757.387153
scale2,18,1.0804081,1871.855077
scale2,6,4.2107906,1442.636924
scale2,6,-458.4766,703.021307
scale1,27,0.6467514,961.222846
scale1,46,4.319584,974.5274619999999
scale1,26,21.689724,845.7590769999999
scale1,4,82.653,804.771539
scale1,43,-9.20886,1193.6447699999999
scale1,25,86.87463,778.772847
scale1,42,47.36886,845.997923
scale1,23,108.14667,733.3593079999999
scale1,5,46.101208,783.836384
scale1,24,20.013966,856.404462
scale1,19,31.80288,774.642692
scale1,2,14.657684,814.8294609999999
scale1,44,62.88447,743.683769
scale1,65,4.521286,764.520308
scale1,45,-13.504669,814.143077
scale1,28,31.543499,609.959693
scale1,13,65.33539,651.424615
scale1,56,6.2053185,1540.4843839999999
scale1,40,9.554741,890.1287689999999
scale1,41,18.433994,724.621231
scale1,6,82.658356,733.3453079999999
scale1,51,28.669544,569.825461
scale1,36,27.75459,774.178462
scale1,21,18.279705,528.717615
scale1,8,58.72316,671.6453839999999
scale1,57,7.857353,633.644462
scale1,39,116.23161,651.15423
scale1,9,35.226425,661.6082299999999
scale1,58,-3.4042168,713.136615
scale1,47,43.29863,805.14923
scale1,1,6.1869507,752.502538
scale1,35,52.832737,682.778
scale1,3,-27.489063,804.903615
scale1,17,70.80009,682.467077
scale1,53,76.875046,610.817769
scale1,34,62.90593,755.040923
scale1,18,37.57908,631.405384
scale1,50,19.911415,622.661
scale1,62,124.68157,539.6569999999999
scale1,66,-2.4004955,744.247077
scale1,20,36.67614,590.887
scale1,37,8.751881,508.958077
scale1,32,12.885212,509.233461
scale1,31,3.540619,652.277924
scale1,49,6.9042892,539.476462
scale1,7,48.524036,600.803538
scale1,15,55.120743,570.156615
scale1,10,70.36095,610.729462
scale1,60,77.52637,652.775077
scale1,63,117.37683,549.847539
scale1,59,12.478958,519.258923
scale1,55,-32.19279,601.0106149999999
scale1,14,179.76479,549.478616
scale1,12,113.92668,560.040539
scale1,54,90.94183,550.052231
scale1,52,164.13516,468.178616
scale1,48,51.616276,631.595769
scale1,30,45.24266,580.333769
scale1,16,75.49077,488.414538
scale1,11,54.33958,511.159
scale1,61,28.78267,478.20692299999996
scale1,38,41.23028,427.245769
scale1,29,60.75127,437.78392299999996
scale1,64,43.54668,356.556693
scale1,22,54.074604,396.808
scale1,33,93.438034,355.750154
rotate2,2,-0.980423,5223.288077
rotate2,13,-40.62199,5448.959232
rotate2,2,1.0244827,2627.4209229999997
rotate2,13,1.0244827,32.599537999999995
rotate2,8,-7.0260544,2246.133923
rotate2,2,-0.80062103,3893.1793079999998
rotate2,13,-4.1784134,4650.793924
rotate2,8,-3.0388641,3445.801001
rotate2,3,0.45407867,2645.684769
rotate2,7,1.9855957,3352.560846
rotate2,12,0.063079834,2475.817847
rotate2,1,7.965584,5130.299308
rotate2,11,-4.056938,3884.777616
rotate2,6,4.276428,2288.994846
rotate2,10,1.1664352,3384.3566149999997
rotate2,5,-0.737854,2391.5767699999997
rotate2,15,-2.4305878,2598.842847
rotate2,9,-0.9965515,2360.073308
rotate2,4,1.7957306,2330.236769
rotate2,14,0.24108887,2189.091539
rotate1,9,-0.25446415,806.037154
rotate1,4,-2.2252617,958.4412309999999
rotate1,13,-0.7880411,2206.688384
rotate1,6,-1.0055275,898.1617699999999
rotate1,15,0.02168274,1278.2523079999999
rotate1,2,0.1237793,1339.1950769999999
rotate1,10,-0.12418175,1247.7652309999999
rotate1,5,-0.65088654,1144.452769
rotate1,14,0.13047981,1348.6029999999998
rotate1,8,0.4373951,1534.3715379999999
rotate1,11,2.7873173,971.376308
rotate1,7,-0.80682373,948.447923
rotate1,1,-0.28579807,1317.767769
rotate1,12,-0.07821274,1035.176308
rotate1,3,-2.5694294,794.9040769999999
