rotate2,2,-6.805565,4328.302846
rotate2,13,2.0437088,3233.7936919999997
rotate2,8,-2.707199,2896.578001
rotate2,3,-14.253033,4665.018153999999
rotate2,7,0.5381012,3072.8564619999997
rotate2,12,-1.0583649,5184.717462
rotate2,1,7.1852264,3981.0953849999996
rotate2,11,0.62119293,2949.036231
rotate2,6,-4.39917,3917.479308
rotate2,10,0.6259079,2878.7446929999996
rotate2,5,2.6415176,3379.170154
rotate2,15,-1.8317413,4052.3919229999997
rotate2,9,-6.5556107,3255.68577
rotate2,4,-1.1201324,3643.207539
rotate2,14,0.36128235,2460.3913079999998
rotate1,9,0.06472492,950.648154
rotate1,4,2.6110325,950.791077
rotate1,13,2.9213848,754.036077
rotate1,6,4.0980377,1113.793307
rotate1,15,-0.13299465,809.413539
rotate1,2,-0.83204556,1620.334077
rotate1,10,5.648657,1031.896923
rotate1,5,7.9579067,1122.272538
rotate1,14,3.014967,999.998847
rotate1,8,2.0115185,1213.715692
rotate1,11,-2.1621084,840.9713079999999
rotate1,7,0.34397125,915.245
rotate1,1,-15.024378,2469.449154
rotate1,12,4.5228043,1042.52677
rotate1,3,-14.769509,3100.262769
tap2,6,138,480,188.82516,547.7147,1.38,1567411690805
tap2,7,759,1101,841.22107,1178.3862,1.65,1567411691828
tap2,8,138,1101,209.80574,1204.3727,1.29,1567411693124
tap2,9,759,480,830.23126,536.72046,1.65,1567411694256
tap2,164,0,687,39.962997,785.5908,0.89,1567411696732
tap2,183,621,1308,706.346,1345.2993,1.5799999,1567411698440
tap2,182,0,1308,115.89269,1365.2888,1.4699999,1567411699991
tap2,163,621,687,738.3164,741.6137,1.62,1567411701062
tap2,242,345,66,374.6531,151.92087,1.51,1567411702419
tap2,243,552,1032,666.383,1067.444,1.41,1567411703470
tap2,244,345,1032,440.59204,1089.4326,1.62,1567411704439
tap2,245,552,66,597.44684,123.93545,1.7099999,1567411705674
tap2,42,69,411,119.88899,463.75845,1.61,1567411707153
tap2,43,690,1032,801.2581,1053.4513,1.68,1567411708674
tap2,45,690,411,768.28864,427.7772,1.63,1567411709776
tap2,44,69,1032,124.88437,1065.4451,1.22,1567411711082
tap2,322,345,756,458.5754,800.583,1.5,1567411712174
tap2,321,483,1653,571.4709,1696.1166,1.36,1567411713204
tap2,316,345,1653,399.62997,1762.0822,1.5999999,1567411714541
tap2,323,483,756,587.45605,811.5773,1.76,1567411715613
tap2,2,138,549,210.80481,538.7194,1.49,1567411716572
tap2,3,759,1170,866.198,1242.3529,1.61,1567411717551
tap2,4,138,1170,225.79094,1201.3743,1.26,1567411718521
tap2,5,759,549,751.3043,560.70795,1.5,1567411719460
tap2,11,759,1032,819.24146,1094.4299,1.52,1567411720337
tap2,10,138,411,228.78816,456.7621,1.27,1567411721500
tap2,12,138,1032,213.80203,1041.4575,1.0799999,1567411722480
tap2,13,759,411,771.2858,413.7845,1.48,1567411723439
tap2,15,759,963,813.247,1025.4658,1.54,1567411724582
tap2,14,138,342,181.83163,393.7949,1.56,1567411726326
tap2,17,759,342,803.2562,342.82144,1.62,1567411730580
tap2,16,138,963,220.79556,1013.4721,1.3299999,1567411731481
tap2,122,207,66,221.79463,78.95887,1.39,1567411732960
tap2,123,828,687,933.136,718.6257,1.5999999,1567411733930
tap2,124,207,687,271.74838,685.6429,1.4499999,1567411734848
tap2,125,828,66,918.14984,131.93129,1.63,1567411735939
tap2,135,621,1170,677.3728,1190.38,1.4399999,1567411736797
tap2,134,0,549,135.87419,577.6991,1.26,1567411737766
tap2,136,0,1170,70.93432,1171.3899,0.95,1567411738745
tap2,137,621,549,670.3793,571.7022,1.55,1567411739653
tap2,130,69,66,141.86864,102.94638,1.36,1567411740755
tap2,131,690,687,742.3127,714.6278,1.41,1567411741663
tap2,133,690,66,768.28864,94.95055,1.5,1567411742724
tap2,132,69,687,114.893616,682.6444,1.27,1567411743755
tap2,127,759,687,832.22943,698.6361,1.52,1567411744693
tap2,126,138,66,189.82423,80.95783,1.35,1567411745958
tap2,128,138,687,176.83626,717.6262,1.4399999,1567411746897
tap2,129,759,66,858.2054,105.94482,1.56,1567411748020
tap2,18,138,273,255.76318,290.8485,1.4,1567411749184
tap2,19,759,894,809.2507,923.519,1.29,1567411750234
tap2,20,138,894,181.83163,917.5221,1.13,1567411751101
tap2,21,759,273,817.2433,299.8438,1.4,1567411751958
tap2,35,828,1170,900.1665,1211.369,1.29,1567411752611
tap2,34,207,549,248.76965,583.696,1.3299999,1567411753417
tap2,36,207,1170,280.74005,1160.3956,1.05,1567411754234
tap2,37,828,549,915.15265,604.68506,1.64,1567411754989
tap2,26,138,135,164.84737,162.91515,1.38,1567411755958
tap2,27,759,756,863.20074,812.5768,1.3199999,1567411756723
tap2,28,138,756,204.81036,759.6044,1.1899999,1567411757580
tap2,29,759,135,798.26086,146.92348,1.5699999,1567411758550
tap2,43,690,1032,783.2748,1125.4138,1.56,1567411759315
tap2,42,69,411,132.87697,430.77563,1.42,1567411760182
tap2,45,690,411,800.25903,412.785,1.41,1567411760927
tap2,44,69,1032,82.92322,1052.4518,1.16,1567411761794
tap2,24,138,825,160.85106,857.55334,1.4,1567411762662
tap2,25,759,204,829.2322,262.8631,1.68,1567411763437
tap2,22,138,204,191.82239,283.85214,1.4699999,1567411764335
tap2,23,759,825,804.2553,856.55383,1.43,1567411765264
tap2,38,69,480,162.84921,499.73972,1.35,1567411766080
tap2,39,690,1101,729.3247,1110.4216,1.31,1567411766754
tap2,40,69,1101,118.889915,1130.4113,1.14,1567411767580
tap2,41,690,480,784.2738,507.73553,1.48,1567411768366
tap2,33,690,549,724.32935,546.7152,1.4699999,1567411769417
tap2,32,69,1170,86.91952,1185.3826,1.26,1567411770203
tap2,30,69,549,163.8483,560.70795,1.38,1567411770998
tap2,31,690,1170,769.2877,1160.3956,1.55,1567411771764
tap2,46,69,342,151.85939,358.8131,1.48,1567411772631
tap2,47,690,963,784.2738,1024.4664,1.52,1567411773315
tap2,48,69,963,111.89639,982.4883,1.23,1567411774090
tap2,49,690,342,765.2914,430.77563,1.62,1567411774897
tap2,108,276,963,294.7271,1016.4706,1.29,1567411775682
tap2,231,897,1584,904.16284,1591.1713,1.4,1567411776417
tap2,230,276,1584,319.70398,1637.1473,1.35,1567411777285
tap2,107,897,963,979.09344,1038.4591,1.65,1567411778907
tap2,143,621,1032,687.3635,1081.4368,1.4399999,1567411779611
tap2,232,0,1653,91.914894,1639.1462,1.18,1567411780550
tap2,233,621,1653,683.36725,1720.1041,1.51,1567411781529
tap2,144,0,1032,71.933395,1077.4388,1.01,1567411782550
tap2,44,69,1032,144.86586,1067.444,1.16,1567411783407
tap2,235,690,1653,739.3154,1717.1056,1.37,1567411784203
tap2,43,690,1032,769.2877,1006.47577,1.54,1567411784979
tap2,234,69,1653,104.90287,1671.1296,1.2099999,1567411785897
tap2,12,138,1032,213.80203,1075.4398,1.3199999,1567411786703
tap2,237,759,1653,815.2451,1687.1212,1.4699999,1567411787571
tap2,11,759,1032,867.197,1108.4227,1.36,1567411788336
tap2,236,138,1653,180.83257,1691.1191,1.22,1567411789254
tap2,238,207,1653,283.73727,1739.0942,1.29,1567411790162
tap2,67,828,1032,944.1258,1030.4633,1.29,1567411790928
tap2,68,207,1032,261.75763,1071.4419,1.29,1567411791826
tap2,239,828,1653,916.15173,1757.0848,1.41,1567411792816
tap2,104,276,1032,362.6642,1003.47736,1.4399999,1567411793693
tap2,241,897,1653,946.12396,1621.1556,1.12,1567411794509
tap2,240,276,1653,236.78076,1668.1311,1.17,1567411795397
tap2,103,897,1032,961.1101,1034.4612,1.36,1567411796612
tap2,50,69,273,135.87419,323.83133,1.4499999,1567411797520
tap2,51,690,894,764.2923,942.5091,1.37,1567411798295
tap2,52,69,894,141.86864,940.51013,1.35,1567411799142
tap2,53,690,273,694.35706,303.84174,1.5799999,1567411800091
tap2,55,690,825,800.25903,836.5643,1.17,1567411800897
tap2,54,69,204,163.8483,242.8735,1.26,1567411802081
tap2,56,69,825,106.90102,842.56116,1.18,1567411802979
tap2,57,690,204,736.31824,230.87975,1.42,1567411803898
tap2,59,690,756,768.28864,773.59705,1.3,1567411804653
tap2,58,69,135,163.8483,169.9115,1.3199999,1567411805623
tap2,61,690,135,726.32745,171.91046,1.48,1567411806775
tap2,60,69,756,134.87512,755.60645,1.16,1567411807643
tap2,62,207,480,251.76688,460.76,1.25,1567411808531
tap2,63,828,1101,916.15173,1137.4076,1.4,1567411809306
tap2,64,207,1101,267.75208,1125.4138,1.29,1567411810133
tap2,65,828,480,921.1471,497.74075,1.35,1567411810970
tap2,290,345,480,390.6383,479.75012,1.37,1567411811919
tap2,291,552,1446,654.3941,1522.2072,1.38,1567411812654
tap2,293,552,480,559.48193,513.7324,1.41,1567411813562
tap2,292,345,1446,386.642,1498.2196,1.23,1567411814317
tap2,141,621,480,694.35706,446.7673,1.4399999,1567411815134
tap2,295,414,1446,457.57632,1523.2067,1.24,1567411815899
tap2,294,414,480,497.5393,541.71783,1.43,1567411816776
tap2,203,621,1446,688.3626,1522.2072,1.27,1567411817501
tap2,297,483,1446,528.5106,1484.2269,1.25,1567411818215
tap2,41,690,480,795.2637,525.7262,1.35,1567411819042
tap2,296,483,480,555.48566,522.7277,1.36,1567411819889
tap2,205,690,1446,759.29694,1445.2472,1.15,1567411820593
tap2,319,414,1653,458.5754,1698.1155,1.11,1567411821368
tap2,325,552,756,667.3821,803.5814,1.17,1567411822205
tap2,324,414,756,469.56522,845.5596,1.3199999,1567411823021
tap2,315,552,1653,560.481,1696.1166,1.11,1567411823817
tap2,298,345,549,473.56152,577.6991,1.18,1567411824664
tap2,299,552,1515,569.4727,1604.1644,1.26,1567411825470
tap2,301,552,549,600.44403,555.7106,1.35,1567411826328
tap2,300,345,1515,406.6235,1541.1973,1.14,1567411827103
tap2,326,345,825,469.56522,884.5393,1.29,1567411827920
tap2,256,483,135,557.4838,172.90994,1.3199999,1567411828787
tap2,250,345,135,400.62906,168.91202,1.24,1567411829675
tap2,327,483,825,563.4783,877.5429,1.24,1567411830481
tap2,67,828,1032,851.21185,1054.4508,1.1,1567411831379
tap2,66,207,411,249.76874,420.78082,1.16,1567411832328
tap2,68,207,1032,236.78076,1046.455,1.18,1567411833237
tap2,69,828,411,901.1656,443.76886,1.41,1567411834094
tap2,72,207,963,269.75024,963.49817,1.17,1567411835023
tap2,73,828,342,894.17206,384.79956,1.4,1567411835921
tap2,70,207,342,248.76965,354.8152,1.24,1567411836921
tap2,71,828,963,871.19336,1002.47784,1.26,1567411837778
tap2,76,207,894,252.76596,901.53046,1.28,1567411838635
tap2,77,828,273,854.20905,285.8511,1.51,1567411839533
tap2,74,207,273,271.74838,353.8157,1.3,1567411840462
tap2,75,828,894,883.18225,918.5216,1.05,1567411841309
tap2,80,207,825,306.716,797.5846,1.14,1567411842176
tap2,81,828,204,949.1212,223.88339,0.65999997,1567411843044
tap2,78,207,204,282.73822,236.87662,1.28,1567411844156
tap2,79,828,825,857.2063,779.59393,1.1,1567411845003
tap2,84,207,756,268.75116,758.60486,1.2099999,1567411845912
tap2,85,828,135,896.1702,231.87923,1.26,1567411846932
tap2,82,207,135,258.7604,159.9167,1.25,1567411847881
tap2,83,828,756,912.1554,795.58563,1.23,1567411848667
tap2,89,621,618,662.38666,663.65436,1.26,1567411849677
tap2,88,0,1239,82.92322,1246.3508,0.84,1567411850646
tap2,87,621,1239,722.3312,1244.3519,0.87,1567411851565
tap2,86,0,618,104.90287,629.67206,1.1899999,1567411852626
tap2,305,483,1515,578.4644,1569.1827,1.11,1567411853504
tap2,33,690,549,761.2951,596.6892,1.3,1567411854422
tap2,304,483,549,549.4912,561.70746,1.1899999,1567411855249
tap2,215,690,1515,774.2831,1585.1743,1.35,1567411856014
tap2,309,552,618,647.4006,615.6793,1.14,1567411856800
tap2,308,345,1584,387.64108,1577.1785,0.97999996,1567411857606
tap2,307,552,1584,629.41724,1715.1067,1.1999999,1567411858484
tap2,306,345,618,452.58093,656.65796,1.4,1567411859759
tap2,258,345,204,399.62997,249.86986,1.14,1567411860657
tap2,331,483,894,579.46344,980.4893,1.24,1567411861412
tap2,330,345,894,360.66605,877.5429,1.15,1567411862310
tap2,264,483,204,556.48474,210.89015,1.28,1567411863545
tap2,223,621,1584,696.3552,1571.1816,0.74,1567411864575
tap2,310,414,618,502.5347,641.6658,1.28,1567411865586
tap2,89,621,618,717.3358,639.6668,1.22,1567411866290
tap2,311,414,1584,483.55228,1529.2035,0.9,1567411867178
tap2,261,552,204,657.3913,203.8938,1.24,1567411868249
tap2,322,345,756,404.62534,768.5997,1.06,1567411869157
tap2,262,414,204,532.50696,235.87714,1.14,1567411870208
tap2,333,552,894,574.4681,920.52057,1.16,1567411871096
tap2,312,483,618,540.4995,626.6736,1.1899999,1567411872045
tap2,225,690,1584,767.28955,1568.1832,1.0699999,1567411872913
tap2,93,690,618,792.2664,636.6684,1.3299999,1567411873862
tap2,313,483,1584,524.51434,1551.192,1.18,1567411874770
tap2,91,690,1239,787.27106,1238.355,1.26,1567411875678
tap2,90,69,618,142.86772,573.7012,1.4499999,1567411876596
tap2,93,690,618,790.26825,638.66736,1.42,1567411877494
tap2,92,69,1239,126.882515,1250.3488,1.0799999,1567411878403
tap2,108,276,963,319.70398,992.48303,1.23,1567411879199
tap2,109,897,342,950.12024,379.8022,1.35,1567411880250
tap2,106,276,342,348.67715,363.81052,1.31,1567411881219
tap2,107,897,963,947.12305,1036.4602,1.24,1567411882035
tap2,100,276,1101,296.72525,1122.4154,1.1,1567411882923
tap2,101,897,480,940.1295,530.7236,1.52,1567411883903
tap2,99,897,1101,967.10455,1122.4154,1.42,1567411884791
tap2,98,276,480,344.68085,507.73553,1.24,1567411885760
tap2,105,897,411,934.1351,380.80167,1.43,1567411886720
tap2,104,276,1032,402.6272,1101.4263,1.2099999,1567411887567
tap2,102,276,411,357.66882,404.78915,1.23,1567411888679
tap2,103,897,1032,965.1064,1067.444,1.25,1567411889495
tap2,97,897,549,952.1184,563.70636,1.3299999,1567411890373
tap2,96,276,1170,324.69934,1190.38,1.01,1567411891250
tap2,94,276,549,364.66235,589.6929,1.3,1567411892210
tap2,95,897,1170,961.1101,1147.4023,1.11,1567411893057
tap2,111,897,894,999.07495,954.50287,1.14,1567411893781
tap2,110,276,273,288.73267,273.85736,1.14,1567411894791
tap2,112,276,894,358.6679,900.53094,1.0699999,1567411895649
tap2,113,897,273,926.14246,291.848,1.4399999,1567411896679
tap2,116,276,825,388.64014,849.5575,1.03,1567411897475
tap2,117,897,204,1011.06384,231.87923,1.13,1567411898588
tap2,114,276,204,328.69565,212.88911,1.24,1567411899863
tap2,115,897,825,984.0888,844.5601,1.17,1567411901149
tap2,119,897,756,965.1064,798.58405,0.94,1567411901823
tap2,118,276,135,315.70767,148.92244,1.22,1567411902844
tap2,121,897,135,993.0805,188.90161,1.39,1567411904548
tap2,120,276,756,353.67252,774.59656,0.88,1567411905436
tap2,152,0,894,78.92692,913.5242,1.23,1567411906915
tap2,213,621,1515,745.3099,1583.1754,1.24,1567411907701
tap2,212,0,1515,79.925995,1584.1749,0.97999996,1567411908742
tap2,151,621,894,659.38947,955.5023,1.09,1567411909610
tap2,56,69,825,130.87881,909.52625,1.11,1567411910477
tap2,205,690,1446,770.2868,1558.1884,1.1999999,1567411911324
tap2,204,69,1446,129.87975,1473.2327,1.0799999,1567411912355
tap2,55,690,825,797.2618,873.545,1.15,1567411913100
tap2,24,138,825,213.80203,853.5554,1.12,1567411914029
tap2,207,759,1446,836.2257,1457.241,1.0699999,1567411914988
tap2,206,138,1446,206.80852,1459.24,1.2099999,1567411915886
tap2,23,759,825,846.2165,777.595,1.3299999,1567411916590
tap2,80,207,825,290.7308,861.5513,1.03,1567411917417
tap2,209,828,1446,874.19055,1470.2343,1.26,1567411918356
tap2,208,207,1446,274.7456,1483.2274,1.22,1567411919325
tap2,79,828,825,892.1739,839.5627,1.43,1567411920591
tap2,115,897,825,969.10266,866.54865,1.28,1567411921488
tap2,210,276,1446,349.67624,1464.2373,1.17,1567411922336
tap2,116,276,825,363.66327,861.5513,1.3,1567411923081
tap2,211,897,1446,938.13135,1439.2504,1.3,1567411923968
tap2,203,621,1446,733.321,1515.2108,1.26,1567411924754
tap2,156,0,825,83.922295,849.5575,1.27,1567411925785
tap2,202,0,1446,86.91952,1480.229,0.81,1567411926805
tap2,155,621,825,726.32745,849.5575,1.23,1567411927897
tap2,52,69,894,173.83904,920.52057,1.06,1567411928785
tap2,215,690,1515,729.3247,1516.2103,1.27,1567411929724
tap2,51,690,894,797.2618,917.5221,1.3299999,1567411930550
tap2,214,69,1515,153.85754,1497.2202,0.9,1567411931550
tap2,216,138,1515,229.78723,1543.1962,1.14,1567411932458
tap2,19,759,894,874.19055,938.51117,1.02,1567411933366
tap2,217,759,1515,836.2257,1522.2072,1.26,1567411934387
tap2,20,138,894,240.77705,925.51794,0.97999996,1567411935234
tap2,141,621,480,666.383,537.7199,1.22,1567411936184
tap2,140,0,1101,71.933395,1151.4003,0.98999995,1567411937234
tap2,138,0,480,95.911194,519.7293,1.23,1567411938214
tap2,139,621,1101,656.3922,1068.4435,1.24,1567411939081
tap2,142,0,411,75.929695,421.7803,1.09,1567411940367
tap2,143,621,1032,689.3617,1046.455,1.3,1567411941327
tap2,144,0,1032,84.92137,1079.4377,1.1,1567411942347
tap2,145,621,411,702.3497,474.75272,1.25,1567411943266
tap2,148,0,963,93.91304,1006.47577,1.06,1567411944184
tap2,149,621,342,686.3645,345.8199,1.13,1567411945184
tap2,147,621,963,681.3691,1013.4721,1.27,1567411945980
tap2,146,0,342,101.90564,380.80167,1.14,1567411947072
tap2,153,621,273,702.3497,280.85373,1.36,1567411948073
tap2,152,0,894,44.958374,963.49817,0.78,1567411949021
tap2,150,0,273,40.962074,297.84488,0.85999995,1567411949971
tap2,151,621,894,736.31824,932.5143,1.13,1567411950747
tap2,266,345,273,387.64108,264.86203,1.29,1567411951798
tap2,267,552,1239,594.4496,1241.3534,1.14,1567411952655
tap2,269,552,273,629.41724,273.85736,1.37,1567411953543
tap2,268,345,1239,400.62906,1251.3483,1.06,1567411954350
tap2,271,414,1239,494.54208,1265.341,1.11,1567411955197
tap2,153,621,273,699.3525,293.84695,1.39,1567411956085
tap2,270,414,273,461.57263,332.82663,1.4,1567411956911
tap2,87,621,1239,685.3654,1320.3123,0.91999996,1567411957697
tap2,91,690,1239,777.2803,1300.3228,1.25,1567411958412
tap2,272,483,273,563.4783,314.83603,1.1899999,1567411959340
tap2,273,483,1239,564.47736,1235.3566,1.0799999,1567411960177
tap2,53,690,273,773.284,269.85944,1.4699999,1567411961004
tap2,277,552,342,656.3922,329.82822,1.28,1567411961759
tap2,276,345,1308,374.6531,1286.33,1.11,1567411962677
tap2,274,345,342,454.5791,385.79904,1.23,1567411963586
tap2,275,552,1308,662.38666,1360.2915,1.25,1567411964402
tap2,183,621,1308,675.37463,1360.2915,1.1999999,1567411965281
tap2,278,414,342,504.53284,377.80322,1.3199999,1567411966168
tap2,149,621,342,720.333,350.81726,1.5,1567411966964
tap2,279,414,1308,451.58188,1364.2894,1.0799999,1567411967760
tap2,281,483,1308,550.4903,1318.3134,1.18,1567411968607
tap2,49,690,342,796.2627,378.8027,1.35,1567411969465
tap2,280,483,342,542.4977,329.82822,1.31,1567411970312
tap2,185,690,1308,725.3284,1301.3221,1.22,1567411971261
tap2,156,0,825,117.89084,835.5648,1.2099999,1567411972190
tap2,157,621,204,700.3515,225.88235,1.4399999,1567411973017
tap2,155,621,825,665.3839,811.5773,1.28,1567411973844
tap2,154,0,204,78.92692,206.89224,1.24,1567411974915
tap2,158,0,135,87.918594,164.91411,1.4,1567411975885
tap2,159,621,756,676.3737,777.595,1.25,1567411976742
tap2,160,0,756,88.91767,804.58093,1.2099999,1567411977702
tap2,161,621,135,664.3848,132.93076,1.3399999,1567411978671
tap2,162,0,66,61.942646,84.95575,1.01,1567411980498
tap2,163,621,687,693.35803,716.6267,1.25,1567411981274
tap2,164,0,687,115.89269,689.6408,1.12,1567411982223
tap2,165,621,66,684.36633,105.94482,1.37,1567411983397
tap2,169,897,66,921.1471,93.951065,1.37,1567411984458
tap2,168,276,687,346.67902,738.6153,1.1999999,1567411985418
tap2,166,276,66,346.67902,92.951584,1.3,1567411986418
tap2,167,897,687,970.10175,724.62256,1.27,1567411987367
tap2,170,138,618,224.79185,623.6752,1.1999999,1567411988235
tap2,171,759,1239,857.2063,1303.3212,1.3399999,1567411989082
tap2,173,759,618,853.21,645.6637,1.29,1567411990001
tap2,172,138,1239,210.80481,1263.3419,1.18,1567411990950
tap2,177,828,618,918.14984,622.67566,1.28,1567411991868
tap2,176,207,1239,261.75763,1266.3405,1.15,1567411992818
tap2,174,207,618,294.7271,602.6861,1.22,1567411993798
tap2,175,828,1239,901.1656,1286.33,1.36,1567411994665
tap2,133,690,66,770.2868,103.94586,1.5699999,1567411995931
tap2,249,483,1032,547.49304,1031.4628,1.28,1567411996808
tap2,43,690,1032,744.31085,1065.4451,1.3299999,1567411997676
tap2,248,483,66,579.46344,101.9469,1.29,1567411998901
tap2,251,552,1101,586.457,1137.4076,1.0799999,1567411999901
tap2,250,345,135,448.58466,108.94325,1.28,1567412000871
tap2,252,345,1101,363.66327,1088.4331,1.25,1567412001749
tap2,253,552,135,614.4311,160.91618,1.4599999,1567412002647
tap2,254,414,135,450.5828,142.92555,1.4499999,1567412003606
tap2,139,621,1101,666.383,1131.4106,1.22,1567412004576
tap2,161,621,135,669.3802,168.91202,1.3399999,1567412005454
tap2,255,414,1101,525.5134,1110.4216,1.24,1567412006332
tap2,178,276,618,322.7012,599.6876,1.14,1567412007230
tap2,179,897,1239,937.13226,1227.3607,1.27,1567412008210
tap2,181,897,618,988.0851,633.6699,1.2099999,1567412009088
tap2,180,276,1239,374.6531,1241.3534,1.18,1567412009986
tap2,132,69,687,143.86679,671.65015,1.12,1567412010864
tap2,185,690,1308,753.3025,1322.3113,1.2099999,1567412011844
tap2,184,69,1308,115.89269,1353.2952,1.0699999,1567412012814
tap2,131,690,687,816.2442,713.6283,1.39,1567412013753
tap2,127,759,687,843.21924,734.6174,1.1899999,1567412014590
tap2,187,759,1308,847.2156,1316.3143,1.27,1567412015539
tap2,186,138,1308,239.77798,1305.3201,1.09,1567412016458
tap2,126,138,66,208.80666,79.95835,1.14,1567412017754
tap2,123,828,687,884.18134,668.65173,1.27,1567412018744
tap2,188,207,1308,283.73727,1355.2941,1.0699999,1567412019653
tap2,124,207,687,292.72894,694.6382,1.17,1567412020562
tap2,189,828,1308,907.16003,1315.315,1.23,1567412021674
tap2,317,552,687,640.40704,731.61896,1.23,1567412022511
tap2,316,345,1653,419.61148,1650.1405,1.12,1567412023471
tap2,314,345,687,417.6133,683.6439,1.24,1567412024359
tap2,315,552,1653,613.432,1691.1191,1.27,1567412025359
tap2,266,345,273,449.5837,282.85266,1.3199999,1567412026339
tap2,335,483,963,558.4829,1010.4737,1.12,1567412027360
tap2,272,483,273,562.4792,299.8438,1.4399999,1567412028411
tap2,334,345,963,409.62073,1016.4706,1.14,1567412029320
tap2,318,414,687,493.54303,706.63196,1.2099999,1567412030208
tap2,233,621,1653,702.3497,1693.1182,1.16,1567412031188
tap2,163,621,687,640.40704,733.61786,1.3199999,1567412032025
tap2,319,414,1653,484.55133,1673.1285,1.25,1567412032964
tap2,269,552,273,589.4542,304.84122,1.29,1567412033872
tap2,336,414,963,504.53284,982.4883,1.24,1567412034760
tap2,337,552,963,671.37836,1018.46954,1.25,1567412035566
tap2,270,414,273,499.53748,307.83966,1.3399999,1567412036515
tap2,168,276,687,369.6577,669.6512,1.14,1567412037322
tap2,191,897,1308,999.07495,1286.33,1.0,1567412038230
tap2,167,897,687,970.10175,721.62415,1.17,1567412039036
tap2,190,276,1308,380.64755,1287.3295,1.02,1567412039934
tap2,192,0,1377,71.933395,1409.266,0.96,1567412040955
tap2,160,0,756,74.93062,793.5867,0.98999995,1567412041986
tap2,193,621,1377,694.35706,1377.2826,1.15,1567412042946
tap2,159,621,756,721.3321,788.58923,1.27,1567412043711
tap2,194,69,1377,172.83997,1430.255,0.87,1567412044579
tap2,59,690,756,775.28217,799.58356,1.0799999,1567412045640
tap2,60,69,756,104.90287,762.6028,0.84999996,1567412046579
tap2,195,690,1377,748.3071,1393.2743,1.12,1567412047508
tap2,28,138,756,261.75763,766.6007,1.11,1567412048386
tap2,197,759,1377,807.25256,1335.3044,1.05,1567412049407
tap2,27,759,756,876.1887,770.59863,1.0799999,1567412050142
tap2,196,138,1377,267.75208,1382.28,1.11,1567412050908
tap2,84,207,756,265.75394,794.5861,1.26,1567412051775
tap2,199,828,1377,899.1674,1429.2556,1.17,1567412052673
tap2,83,828,756,896.1702,796.5851,1.27,1567412053582
tap2,198,207,1377,288.73267,1425.2577,1.12,1567412054388
tap2,200,276,1377,406.6235,1402.2697,1.0699999,1567412055307
tap2,119,897,756,954.1166,645.6637,0.71,1567412056307
tap2,120,276,756,401.6281,857.55334,1.1,1567412057297
tap2,201,897,1377,996.0777,1411.2649,1.02,1567412058195
tap2,242,345,66,371.65588,92.951584,1.26,1567412059339
tap2,347,966,687,1036.0406,720.62463,0.74,1567412060196
tap2,338,966,66,1043.0342,115.93961,0.85999995,1567412061635
tap2,314,345,687,466.568,713.6283,1.37,1567412062493
tap2,322,345,756,447.58557,826.56946,1.14,1567412063289
tap2,339,966,135,1027.0491,153.91983,1.02,1567412064320
tap2,348,966,756,1007.0675,763.6023,1.0,1567412065238
tap2,250,345,135,464.56985,175.90837,1.3299999,1567412066198
tap2,258,345,204,393.63553,218.88599,1.41,1567412067219
tap2,349,966,825,1050.0277,872.54553,0.63,1567412068147
tap2,340,966,204,967.10455,214.88808,1.27,1567412069138
tap2,326,345,825,433.5985,860.55176,0.97999996,1567412069872
tap2,330,345,894,427.60406,919.52106,1.12,1567412070638
tap2,341,966,273,990.08325,325.8303,1.4599999,1567412072506
tap2,266,345,273,464.56985,304.84122,1.27,1567412073343
tap2,350,966,894,1028.0481,921.52,0.78,1567412074333
tap2,76,207,894,267.75208,896.533,1.2099999,1567412075201
tap2,219,828,1515,974.0981,1565.1848,1.06,1567412076078
tap2,218,207,1515,258.7604,1515.2108,1.11,1567412077028
tap2,75,828,894,907.16003,934.51324,1.16,1567412077967
tap2,220,276,1515,366.6605,1510.2134,1.26,1567412078926
tap2,111,897,894,1008.0666,923.519,0.96,1567412079936
tap2,112,276,894,313.70953,869.5471,1.14,1567412080794
tap2,221,897,1515,970.10175,1525.2056,1.1,1567412081886
tap2,225,690,1584,741.3136,1590.1718,0.89,1567412082795
tap2,48,69,963,131.8779,977.49084,1.41,1567412083816
tap2,47,690,963,793.2655,1005.4763,1.22,1567412084693
tap2,224,69,1584,165.84644,1599.1671,0.95,1567412085704
tap2,165,621,66,759.29694,115.93961,1.11,1567412086959
tap2,247,414,1032,485.5504,1092.431,1.03,1567412087847
tap2,143,621,1032,754.3016,1087.4336,1.15,1567412088654
tap2,246,414,66,494.54208,88.95367,1.36,1567412089991
tap2,15,759,963,818.2424,990.4841,1.06,1567412090849
tap2,226,138,1584,253.76503,1580.177,0.93,1567412091675
tap2,227,759,1584,836.2257,1606.1635,1.16,1567412092625
tap2,16,138,963,221.79463,1014.4716,1.31,1567412093431
tap2,72,207,963,293.72803,1007.4752,1.05,1567412094196
tap2,229,828,1584,882.18317,1589.1722,1.0699999,1567412095156
tap2,71,828,963,940.1295,960.4997,1.29,1567412096095
tap2,228,207,1584,312.71045,1563.1858,1.0,1567412097024
tap2,242,345,66,430.6013,74.96095,1.29,1567412098412
tap2,243,552,1032,642.4052,1042.457,1.04,1567412099372
tap2,244,345,1032,456.57724,1045.4554,1.04,1567412100137
tap2,245,552,66,618.42737,66.96512,1.25,1567412101107
tap2,148,0,963,66.93802,992.48303,0.9,1567412102311
tap2,223,621,1584,704.34784,1604.1644,1.05,1567412103189
tap2,147,621,963,705.3469,1001.4784,1.42,1567412104088
tap2,222,0,1584,96.91027,1560.1874,0.95,1567412104955
tap2,252,345,1101,407.62256,1174.3883,1.12,1567412105731
tap2,344,966,480,1001.07306,478.75064,0.96999997,1567412106782
tap2,290,345,480,348.67715,530.7236,1.31,1567412107661
tap2,353,966,1101,1019.05646,1111.4211,1.02,1567412108508
tap2,345,966,549,1002.07214,577.6991,1.22,1567412109426
tap2,260,345,1170,494.54208,1163.394,1.12,1567412110223
tap2,354,966,1170,999.07495,1207.3711,1.0799999,1567412111080
tap2,298,345,549,411.61887,598.6882,1.25,1567412111968
tap2,346,966,618,1026.0499,624.6746,0.93,1567412112989
tap2,268,345,1239,433.5985,1254.3467,1.03,1567412113836
tap2,355,966,1239,1025.0509,1280.3331,0.96,1567412114714
tap2,306,345,618,424.60684,624.6746,1.35,1567412115633
tap2,314,345,687,365.66144,688.6413,1.4699999,1567412116592
tap2,356,966,1308,1022.05365,1342.3009,0.88,1567412117562
tap2,347,966,687,1012.0629,699.63556,0.96999997,1567412118603
tap2,276,345,1308,427.60406,1328.3081,1.0799999,1567412119450
tap2,257,483,1101,546.494,1155.3982,1.06,1567412120185
tap2,61,690,135,704.34784,108.94325,1.29,1567412121135
tap2,39,690,1101,771.2858,1191.3795,1.05,1567412121992
tap2,256,483,135,502.5347,154.91931,1.18,1567412122870
tap2,258,345,204,450.5828,236.87662,1.02,1567412123676
tap2,259,552,1170,624.4218,1185.3826,1.03,1567412124575
tap2,260,345,1170,408.62164,1220.3644,0.96,1567412125371
tap2,261,552,204,583.4598,174.90889,1.26,1567412126259
tap2,157,621,204,694.35706,209.89067,1.35,1567412127147
tap2,263,414,1170,510.52728,1253.3472,1.18,1567412127964
tap2,262,414,204,445.58743,186.90265,1.37,1567412128883
tap2,135,621,1170,706.346,1176.3873,1.1899999,1567412129720
tap2,244,345,1032,419.61148,1128.4122,1.0,1567412130414
tap2,361,966,1653,999.07495,1598.1676,0.61,1567412131353
tap2,352,966,1032,1035.0416,1094.4299,0.89,1567412132588
tap2,316,345,1653,400.62906,1696.1166,1.26,1567412133435
tap2,282,345,411,418.6124,418.78186,1.4,1567412134323
tap2,283,552,1377,677.3728,1413.2639,1.17,1567412135150
tap2,284,345,1377,428.60315,1403.269,1.13,1567412135977
tap2,285,552,411,662.38666,430.77563,1.3399999,1567412136722
tap2,145,621,411,684.36633,430.77563,1.36,1567412137468
tap2,287,414,1377,456.57724,1388.2769,1.28,1567412138274
tap2,193,621,1377,743.31177,1395.2733,1.1,1567412139029
tap2,286,414,411,499.53748,428.77667,1.26,1567412139816
tap2,288,483,411,588.45514,436.7725,1.25,1567412140622
tap2,195,690,1377,755.30066,1458.2405,1.35,1567412141449
tap2,289,483,1377,538.5014,1424.2582,1.38,1567412142603
tap2,45,690,411,761.2951,446.7673,1.4,1567412143328
tap2,31,690,1170,785.2729,1249.3492,1.23,1567412144155
tap2,264,483,204,562.4792,241.87402,1.3299999,1567412145002
tap2,57,690,204,797.2618,260.86414,1.4,1567412145788
tap2,265,483,1170,518.5199,1158.3966,1.27,1567412146585
tap2,300,345,1515,464.56985,1554.1904,1.11,1567412147258
tap2,350,966,894,1002.07214,962.49866,1.17,1567412148585
tap2,330,345,894,385.6429,920.52057,1.0799999,1567412149280
tap2,359,966,1515,987.08606,1527.2046,1.28,1567412150189
tap2,351,966,963,1035.0416,974.49243,0.93,1567412151138
tap2,308,345,1584,399.62997,1586.1738,1.4,1567412152037
tap2,360,966,1584,1006.0685,1599.1671,1.13,1567412153057
tap2,334,345,963,458.5754,999.47943,1.37,1567412153864
tap2,137,621,549,755.30066,524.7267,1.5,1567412154670
tap2,303,414,1515,437.59482,1501.218,1.1899999,1567412155528
tap2,213,621,1515,735.31915,1567.1837,1.22,1567412156375
tap2,302,414,549,490.5458,565.7053,1.51,1567412157253
tap2,254,414,135,502.5347,164.91411,1.27,1567412158142
tap2,329,552,825,617.4283,813.57623,1.3199999,1567412158928
tap2,253,552,135,653.395,154.91931,1.4499999,1567412159898
tap2,328,414,825,503.53375,791.5877,1.28,1567412160663
tap2,334,345,963,475.55966,1030.4633,1.29,1567412161429
tap2,342,966,342,983.0897,385.79904,1.29,1567412162317
tap2,274,345,342,464.56985,374.80478,0.82,1567412163164
tap2,351,966,963,990.08325,917.5221,0.85999995,1567412163920
tap2,282,345,411,407.62256,423.77927,1.22,1567412164747
tap2,352,966,1032,998.07587,1040.4581,1.22,1567412165584
tap2,343,966,411,1039.038,488.74542,0.84,1567412166594
tap2,244,345,1032,439.59296,1057.4492,0.96999997,1567412167391
tap2,322,345,756,460.57355,797.5846,1.24,1567412168126
tap2,357,966,1377,1036.0406,1375.2837,0.84999996,1567412169065
tap2,348,966,756,1040.037,799.58356,0.81,1567412170056
tap2,284,345,1377,422.6087,1420.2603,1.1999999,1567412170954
tap2,292,345,1446,435.59668,1462.2384,1.31,1567412171832
tap2,349,966,825,1000.07404,839.5627,1.1999999,1567412172812
tap2,326,345,825,416.61426,842.56116,1.28,1567412173578
tap2,358,966,1446,992.0814,1484.2269,1.16,1567412174395
tap2,131,690,687,812.2479,708.6309,1.0699999,1567412175150
tap2,321,483,1653,553.4875,1651.14,1.2099999,1567412176172
tap2,320,483,687,586.457,710.6299,1.3,1567412176856
tap2,235,690,1653,758.29785,1673.1285,1.36,1567412177785
tap2,362,0,1722,88.91767,1734.0968,1.0799999,1567412179622
tap2,139,621,1101,722.3312,1151.4003,1.22,1567412180633
tap2,140,0,1101,90.91582,1121.4159,1.0799999,1567412181582
tap2,371,621,1722,675.37463,1788.0687,1.3299999,1567412182726
tap2,39,690,1101,780.2775,1106.4237,1.26,1567412183543
tap2,363,69,1722,137.87234,1749.089,1.0799999,1567412184492
tap2,372,690,1722,764.2923,1779.0734,1.3299999,1567412185462
tap2,40,69,1101,148.86217,1148.4019,1.22,1567412186320
tap2,136,0,1170,90.91582,1197.3763,1.26,1567412187351
tap2,386,621,1791,674.3756,1796.0645,1.3299999,1567412188311
tap2,135,621,1170,709.3432,1174.3883,1.38,1567412189097
tap2,377,0,1791,97.90935,1797.064,1.1999999,1567412190138
tap2,31,690,1170,790.26825,1186.3821,1.55,1567412191016
tap2,378,69,1791,129.87975,1824.0499,1.06,1567412192006
tap2,32,69,1170,169.84274,1185.3826,1.18,1567412192905
tap2,387,690,1791,750.3053,1806.0593,1.12,1567412193916
tap2,8,138,1101,205.80943,1103.4253,1.31,1567412194814
tap2,373,759,1722,819.24146,1733.0973,1.15,1567412195764
tap2,7,759,1101,857.2063,1187.3816,1.2099999,1567412196601
tap2,364,138,1722,211.8039,1680.1249,1.13,1567412197571
tap2,374,828,1722,898.1684,1781.0723,1.1999999,1567412199031
tap2,64,207,1101,253.76503,1110.4216,1.06,1567412199940
tap2,365,207,1722,290.7308,1741.0931,1.04,1567412200798
tap2,63,828,1101,838.2239,1132.4102,0.82,1567412201604
tap2,379,138,1791,239.77798,1835.0442,0.93,1567412202656
tap2,3,759,1170,887.1785,1189.3805,1.02,1567412203483
tap2,4,138,1170,189.82423,1187.3816,1.16,1567412204320
tap2,388,759,1791,880.185,1832.0458,1.06,1567412205178
tap2,380,207,1791,287.73358,1801.0619,1.04,1567412206076
tap2,35,828,1170,899.1674,1225.3618,1.1899999,1567412206945
tap2,389,828,1791,944.1258,1839.0421,1.25,1567412208017
tap2,36,207,1170,292.72894,1209.3701,1.26,1567412208854
tap2,100,276,1101,379.64847,1193.3784,1.14,1567412209650
tap2,375,897,1722,936.13324,1734.0968,1.13,1567412210528
tap2,99,897,1101,976.0962,1112.4205,1.1999999,1567412211478
tap2,366,276,1722,328.69565,1726.101,0.96,1567412212315
tap2,368,414,1722,490.5458,1749.089,1.28,1567412213204
tap2,159,621,756,728.3256,820.5726,1.18,1567412213939
tap2,371,621,1722,722.3312,1781.0723,1.11,1567412214786
tap2,324,414,756,447.58557,764.60175,1.3399999,1567412215603
tap2,96,276,1170,323.7003,1230.3591,1.13,1567412216349
tap2,390,897,1791,974.0981,1804.0603,1.14,1567412217186
tap2,95,897,1170,992.0814,1179.3857,1.14,1567412218043
tap2,381,276,1791,320.70306,1799.063,1.25,1567412218962
tap2,385,552,1791,656.3922,1865.0286,0.89,1567412219871
tap2,326,345,825,448.58466,857.55334,1.35,1567412220780
tap2,382,345,1791,440.59204,1755.0858,1.2099999,1567412221648
tap2,329,552,825,635.4117,876.54346,1.5,1567412222455
tap2,323,483,756,578.4644,809.5783,1.3399999,1567412223292
tap2,372,690,1722,755.30066,1767.0796,1.1999999,1567412224139
tap2,59,690,756,783.2748,812.5768,1.3,1567412224874
tap2,369,483,1722,553.4875,1757.0848,1.28,1567412225763
tap2,353,966,1101,973.099,1122.4154,1.42,1567412226875
tap2,367,345,1722,424.60684,1720.1041,1.27,1567412227692
tap2,252,345,1101,411.61887,1121.4159,1.37,1567412228407
tap2,376,966,1722,1009.0657,1764.0812,1.03,1567412229244
tap2,383,414,1791,533.50604,1783.0713,1.3199999,1567412230122
tap2,155,621,825,768.28864,864.5497,1.3,1567412230837
tap2,328,414,825,440.59204,872.54553,1.3399999,1567412231542
tap2,386,621,1791,668.3811,1842.0405,0.95,1567412232542
tap2,55,690,825,830.23126,895.53357,1.36,1567412233287
tap2,384,483,1791,546.494,1806.0593,1.2099999,1567412234216
tap2,327,483,825,575.46716,841.56165,1.3,1567412235013
tap2,387,690,1791,755.30066,1843.04,1.02,1567412235901
tap1,2,288,642,406.6235,717.6262,1.64,1567412379755
tap1,3,576,930,776.28125,1054.4508,0.65,1567412380319
tap1,4,576,642,669.3802,1014.4716,1.31,1567412380575
tap1,5,288,930,399.62997,1029.4637,1.29,1567412381248
tap1,9,288,786,411.61887,866.54865,1.25,1567412381912
tap1,17,576,1074,690.3608,1193.3784,1.11,1567412382565
tap1,16,288,1074,394.6346,1165.393,1.06,1567412383310
tap1,7,576,786,721.3321,845.5596,1.12,1567412383902
tap1,4,576,642,670.3793,752.608,1.39,1567412384555
tap1,10,288,354,412.61795,441.7699,1.27,1567412385260
tap1,2,288,642,468.56613,747.6106,0.89,1567412385995
tap1,11,576,354,664.3848,442.76938,1.37,1567412386964
tap1,4,576,642,687.3635,724.62256,1.3299999,1567412387628
tap1,18,288,1218,372.65494,1292.3269,1.06,1567412388312
tap1,2,288,642,397.63184,662.65485,0.95,1567412389037
tap1,19,576,1218,711.3414,1259.3441,1.09,1567412389741
tap1,13,576,210,670.3793,263.86258,1.3199999,1567412390558
tap1,6,288,498,409.62073,572.7017,1.27,1567412391282
tap1,12,288,210,377.65033,313.83655,1.3,1567412392078
tap1,8,576,498,737.3173,572.7017,1.1999999,1567412392773
tap1,19,576,1218,709.3432,1288.329,1.4,1567412393579
tap1,22,288,1506,371.65588,1602.1655,1.04,1567412394324
tap1,18,288,1218,405.62442,1268.3394,0.93,1567412395090
tap1,23,576,1506,734.32007,1557.189,1.04,1567412395886
tap1,14,288,66,392.63644,148.92244,1.16,1567412396815
tap1,11,576,354,711.3414,381.80115,1.23,1567412397601
tap1,10,288,354,361.66513,394.79437,1.2099999,1567412398285
tap1,15,576,66,672.37744,144.92451,1.26,1567412399255
tap1,17,576,1074,738.3164,1150.4008,0.89,1567412399888
tap1,20,288,1362,393.63553,1444.2478,1.16,1567412400613
tap1,21,576,1362,666.383,1412.2644,1.23,1567412401235
tap1,16,288,1074,370.6568,1142.405,0.97999996,1567412401970
tap1,9,288,786,430.6013,868.5476,1.1999999,1567412402695
tap1,8,576,498,703.34875,558.709,1.2099999,1567412403328
tap1,6,288,498,394.6346,563.70636,1.12,1567412404022
tap1,7,576,786,691.35986,901.53046,1.4399999,1567412404737
tap1,24,144,66,259.7595,129.93233,1.12,1567412405574
tap1,26,432,354,571.4709,443.76886,1.16,1567412406319
tap1,27,144,354,207.80759,389.79697,1.0,1567412407033
tap1,25,432,66,529.5097,132.93076,1.15,1567412407952
tap1,66,720,1506,831.23035,1550.1926,1.22,1567412408769
tap1,41,432,1218,521.5171,1293.3264,1.1899999,1567412409412
tap1,42,432,1506,581.4616,1556.1895,1.05,1567412410147
tap1,65,720,1218,862.20166,1288.329,1.25,1567412410913
tap1,36,144,786,282.73822,811.5773,1.0699999,1567412411597
tap1,38,432,1074,554.4866,1169.3909,1.3299999,1567412412240
tap1,39,144,1074,218.79741,1163.394,1.04,1567412413067
tap1,37,432,786,581.4616,837.5637,1.3199999,1567412413730
tap1,16,288,1074,454.5791,1119.417,1.23,1567412414476
tap1,56,0,1362,153.85754,1378.2821,0.78999996,1567412415415
tap1,20,288,1362,443.58926,1488.2249,1.04,1567412416273
tap1,53,0,1074,109.89824,1135.4086,0.96999997,1567412417089
tap1,59,720,210,880.185,230.87975,1.3,1567412417865
tap1,30,432,498,534.50507,526.72565,1.26,1567412418569
tap1,29,432,210,490.5458,288.84955,1.35,1567412419325
tap1,60,720,498,818.2424,573.7012,1.27,1567412420039
tap1,33,432,642,541.4986,707.6314,1.1899999,1567412420805
tap1,62,720,930,844.2183,1015.47107,1.14,1567412421407
tap1,61,720,642,820.24054,730.61945,1.26,1567412422183
tap1,34,432,930,534.50507,994.482,1.22,1567412422837
tap1,6,288,498,378.6494,545.71576,1.18,1567412423561
tap1,48,0,210,106.90102,260.86414,1.2099999,1567412424490
tap1,12,288,210,394.6346,228.88078,1.22,1567412425266
tap1,49,0,498,123.88529,560.70795,1.09,1567412426062
tap1,51,0,930,79.925995,1005.4763,0.83,1567412426869
tap1,2,288,642,359.667,720.62463,1.23,1567412427665
tap1,5,288,930,397.63184,979.4898,1.27,1567412428482
tap1,50,0,642,120.88807,699.63556,1.06,1567412429268
tap1,37,432,786,529.5097,877.5429,1.28,1567412429972
tap1,64,720,1074,825.2359,1190.38,1.3,1567412430574
tap1,38,432,1074,517.5208,1139.4065,1.17,1567412431269
tap1,63,720,786,832.22943,870.5466,1.18,1567412431891
tap1,29,432,210,567.47455,220.88495,1.26,1567412432636
tap1,31,144,498,252.76596,555.7106,1.11,1567412433443
tap1,28,144,210,218.79741,271.8584,1.11,1567412434290
tap1,30,432,498,514.5236,549.7137,1.2099999,1567412435015
tap1,42,432,1506,549.4912,1553.191,1.0,1567412435740
tap1,40,144,1218,297.72433,1230.3591,1.04,1567412436505
tap1,41,432,1218,576.46625,1264.3414,1.12,1567412437302
tap1,43,144,1506,231.78539,1611.1608,1.22,1567412438108
tap1,45,144,1362,194.81961,1485.2264,1.17,1567412438894
tap1,82,432,1650,534.50507,1787.0692,1.17,1567412439680
tap1,80,144,1650,260.75854,1735.0963,1.05,1567412440528
tap1,44,432,1362,567.47455,1425.2577,1.3,1567412441263
tap1,57,720,66,895.17114,118.93805,0.84,1567412442151
tap1,26,432,354,531.5079,429.77615,1.25,1567412443203
tap1,58,720,354,818.2424,416.78293,1.27,1567412443938
tap1,25,432,66,515.52264,158.91722,1.43,1567412444775
tap1,64,720,1074,855.2081,1184.383,1.15,1567412445510
tap1,44,432,1362,554.4866,1414.2634,1.09,1567412446235
tap1,38,432,1074,535.50415,1173.3888,1.22,1567412446858
tap1,67,720,1362,880.185,1478.2301,1.0799999,1567412447593
tap1,9,288,786,378.6494,910.52576,1.1899999,1567412448389
tap1,53,0,1074,118.889915,1155.3982,1.0699999,1567412449216
tap1,16,288,1074,377.65033,1121.4159,1.09,1567412449910
tap1,52,0,786,118.889915,865.5492,1.24,1567412450707
tap1,74,864,786,976.0962,858.5528,1.17,1567412451493
tap1,17,576,1074,709.3432,1074.4404,1.1899999,1567412452238
tap1,75,864,1074,961.1101,1178.3862,1.05,1567412453065
tap1,7,576,786,699.3525,840.5622,1.24,1567412453708
tap1,38,288,66,377.65033,121.936485,1.28,1567412454637
tap1,45,0,354,113.89455,400.79126,1.12,1567412455525
tap1,44,0,66,78.92692,110.942215,1.1999999,1567412456423
tap1,39,288,354,438.5939,447.76678,0.96999997,1567412457230
tap1,14,288,1506,370.6568,1597.1681,0.88,1567412457975
tap1,47,0,1794,127.88159,1833.0453,1.11,1567412459006
tap1,46,0,1506,143.86679,1558.1884,0.81,1567412459864
tap1,10,288,1794,414.6161,1839.0421,1.0,1567412460640
tap1,22,864,210,995.0786,288.84955,1.1899999,1567412461538
tap1,86,576,498,659.38947,543.7168,1.3199999,1567412462263
tap1,55,576,210,657.3913,292.84747,1.26,1567412463070
tap1,88,864,498,980.0925,533.722,1.31,1567412463856
tap1,70,864,1362,955.11566,1481.2285,1.11,1567412464683
tap1,8,576,1650,714.33856,1679.1254,1.14,1567412465438
tap1,13,576,1362,667.3821,1428.2561,1.23,1567412466204
tap1,71,864,1650,973.099,1747.09,0.87,1567412467092
tap1,78,576,1218,666.383,1298.3237,1.03,1567412467695
tap1,83,864,1506,1007.0675,1577.1785,1.0,1567412468481
tap1,21,864,1218,980.0925,1289.3285,1.04,1567412469257
tap1,85,576,1506,654.3941,1552.1915,1.16,1567412469961
tap1,19,576,66,688.3626,145.924,1.4599999,1567412470819
tap1,77,864,354,966.10547,441.7699,1.15,1567412471523
tap1,76,576,354,708.3441,397.79282,1.15,1567412472310
tap1,23,864,66,968.10364,91.9521,1.24,1567412473147
tap1,15,576,1362,674.3756,1373.2847,0.98999995,1567412473984
tap1,69,864,1074,999.07495,1135.4086,1.15,1567412474862
tap1,11,576,1074,699.3525,1121.4159,1.11,1567412475505
tap1,68,864,1362,967.10455,1409.266,1.17,1567412476301
tap1,21,0,1218,144.86586,1242.3529,1.1,1567412477128
tap1,75,288,1506,385.6429,1593.1702,1.0699999,1567412477915
tap1,17,288,1218,412.61795,1255.3462,1.06,1567412478680
tap1,78,0,1506,103.90379,1567.1837,0.84,1567412479599
tap1,54,576,642,706.346,701.6345,1.12,1567412480304
tap1,22,864,930,971.1008,1014.4716,1.03,1567412481100
tap1,18,864,642,963.1082,706.63196,0.96999997,1567412481906
tap1,55,576,930,687.3635,989.4846,0.93,1567412482601
tap1,4,576,1794,673.3765,1824.0499,1.1,1567412483529
tap1,73,864,1506,1006.0685,1599.1671,0.90999997,1567412484459
tap1,72,576,1506,684.36633,1535.2004,0.89,1567412485143
tap1,3,864,1794,963.1082,1820.052,0.77,1567412486082
tap1,90,720,1362,832.22943,1476.2311,1.0799999,1567412486970
tap1,77,432,1650,532.50696,1747.09,1.51,1567412487756
tap1,23,720,1650,870.1943,1708.1104,1.1999999,1567412488501
tap1,92,432,1362,552.48846,1478.2301,1.18,1567412489278
tap1,67,432,1074,537.5023,1160.3956,1.24,1567412489941
tap1,82,144,1362,265.75394,1405.2681,1.09,1567412490717
tap1,84,432,1362,570.4718,1427.2566,1.14,1567412491431
tap1,44,144,1074,252.76596,1149.4014,1.0,1567412492258
tap1,38,432,1506,531.5079,1553.191,1.27,1567412493014
tap1,45,144,1794,277.74283,1802.0614,0.89,1567412493790
tap1,44,432,1794,512.52545,1833.0453,0.94,1567412494637
tap1,39,144,1506,272.74747,1570.1821,1.0699999,1567412495444
tap1,42,432,1506,569.4727,1527.2046,1.31,1567412495995
tap1,87,720,1794,881.1841,1846.0385,0.87,1567412496792
tap1,89,432,1794,507.53006,1818.0531,1.23,1567412497608
tap1,43,720,1506,829.2322,1642.1447,1.14,1567412498313
tap1,42,0,1362,122.886215,1357.2931,0.84999996,1567412499221
tap1,91,288,1650,406.6235,1724.1019,1.12,1567412500028
tap1,89,288,1362,395.63367,1445.2472,1.16,1567412500814
tap1,66,0,1650,101.90564,1684.1228,0.96999997,1567412501702
tap1,56,432,642,530.5088,732.6184,1.37,1567412502581
tap1,81,144,930,275.7447,989.4846,1.2099999,1567412503387
tap1,20,432,930,552.48846,1014.4716,1.3399999,1567412504051
tap1,79,144,642,272.74747,734.6174,1.42,1567412504877
drag1,2,371.65588,605.6845,1.24,1086.103231,59.368076275673424
drag1,3,645.4024,918.5216,1.12,1530.961077,85.60180468621617
drag1,4,667.10284,672.2522,1.09,1249.766308,63.265410916653266
drag1,5,384.64386,937.5117,0.89,1683.896231,72.26646462426989
drag1,9,388.64014,802.582,0.93,1871.3629999999998,79.89321319216694
drag1,17,658.3904,1037.4596,0.95,1297.736308,72.53453506762725
drag1,16,422.5624,1054.3582,1.12,1869.496692,77.10619276026216
drag1,7,688.3626,800.583,1.31,1389.719692,61.6838445917742
drag1,4,700.3515,663.65436,1.3,1492.156693,69.14768303918682
drag1,10,425.60593,370.80685,1.35,1704.3385389999999,82.91775228331532
drag1,2,409.62073,654.659,1.01,1451.072308,63.911112455786956
drag1,11,671.34735,380.80167,1.2099999,1418.901462,75.95433609517806
drag1,4,654.3941,647.15436,1.14,1675.476077,80.72062524796713
drag1,18,403.62628,1214.3674,1.11,1768.986077,68.82809526670704
drag1,2,403.62628,629.67206,1.4599999,1817.20577,57.74884725288834
drag1,19,622.4237,1134.1023,0.97999996,2057.956231,94.00776217026632
drag1,13,708.3441,276.94708,1.0799999,1879.568846,59.50176278742354
drag1,6,409.62073,507.73553,1.4399999,1715.366,70.20977242366416
drag1,12,383.64478,258.86517,1.43,1315.420077,73.14936144423751
drag1,8,648.39966,458.76105,1.29,1686.148,77.23091571381124
drag1,19,663.38574,1201.3743,1.15,1686.097923,51.393531754370244
drag1,22,414.6161,1503.217,1.02,1787.9413069999998,57.50805925991447
drag1,18,413.61703,1187.3816,1.01,1469.65077,79.8607061222423
drag1,23,706.346,1490.2238,1.24,1512.221846,70.12136973457476
drag1,14,411.61887,80.67625,1.37,1968.663308,50.037899702045316
drag1,11,701.2133,274.4449,1.0,2028.901539,83.57930501456909
drag1,10,382.6457,321.3679,1.11,1706.9046919999998,72.59081174279284
drag1,15,671.37836,82.956795,1.0799999,1073.531154,79.85861184396957
drag1,17,642.4052,1033.4617,1.38,2263.627385,64.68477656927645
drag1,20,390.6383,1378.2821,1.03,1736.9025379999998,67.45042866912794
drag1,21,691.35986,1319.3129,1.06,1734.2043079999999,77.96092681818273
drag1,16,439.59296,1094.4299,1.36,1276.194307,71.06672643026803
drag1,24,238.77892,94.95055,1.27,1418.803077,67.55177163658153
drag1,26,518.5199,321.83237,1.31,1525.0233839999999,68.13644848539744
drag1,27,285.56937,354.31674,1.06,1401.023,75.70677421995477
drag1,25,507.53006,72.962,1.14,1614.899692,101.60298232966223
drag1,66,743.31177,1436.252,1.25,2192.068616,95.84412831708552
drag1,41,560.1127,1231.3586,0.83,1391.435923,62.83921135753568
drag1,42,522.5162,1503.217,0.93,1235.2034609999998,70.45987072530556
drag1,65,836.2257,1259.3441,0.90999997,1357.402462,77.81540033161261
drag1,36,270.7493,841.56165,1.3299999,1652.484154,66.79193900169872
drag1,38,452.95755,1038.2515,0.95,1972.5998459999998,82.3371416137435
drag1,39,261.58997,1098.4279,1.15,1483.105384,64.73611093540217
drag1,37,503.3507,760.4207,0.91999996,1350.926616,73.27889932311956
drag1,16,398.6309,1058.4487,0.96999997,1219.4226919999999,71.94147002695459
drag1,56,127.88159,1366.2883,1.0,1214.74323,61.455111062087866
drag1,20,370.61957,1318.2761,1.11,1458.5316149999999,65.30513934496973
drag1,53,94.58039,1081.2709,1.17,1136.1563079999999,80.10929409768114
drag1,59,808.25165,231.87923,0.89,1888.2316919999998,73.60651836236421
drag1,30,514.5236,522.7277,1.17,1672.702308,71.59470070583409
drag1,29,524.51434,234.87766,1.41,1928.4141539999998,83.95777888498829
drag1,60,847.2156,493.74283,1.1899999,1277.088384,57.25096795280083
drag1,33,562.4792,566.51514,1.3,2749.468308,85.3472072145907
drag1,62,811.24884,901.53046,1.1999999,2637.516231,70.40325326231
drag1,61,804.2553,692.6392,1.43,1633.094077,83.82084665409148
drag1,34,567.47455,938.51117,1.09,1563.545539,65.29560638509501
drag1,6,370.6568,518.1706,1.1,1479.371923,75.12316857193137
drag1,48,107.90009,233.87819,1.18,1706.567077,78.81695567247687
drag1,12,390.13876,242.8735,0.9,1695.107077,74.4241996884065
drag1,49,114.487854,456.9497,1.2099999,1646.090385,79.03324507906993
drag1,51,96.75077,912.20557,1.13,1729.524385,74.76596246168016
drag1,2,385.27582,622.5735,0.96999997,1421.399846,88.91953470370913
drag1,5,411.61887,896.533,1.27,1064.035615,77.35488631376859
drag1,50,103.90379,624.6724,1.23,1172.644385,70.26113070445237
drag1,37,517.5208,758.60486,0.96999997,1041.059231,69.33501098164882
drag1,64,757.2994,1040.457,1.18,1540.135846,85.65092570184034
drag1,38,553.4875,1079.8656,1.04,1269.8802309999999,63.37093749606391
drag1,63,782.2757,788.58923,1.06,1372.011769,75.87895985028253
drag1,29,483.76602,251.51178,0.77,3685.096,58.084904049081146
drag1,31,243.55661,477.5334,0.96999997,1726.801231,85.79760944757977
drag1,28,230.78632,272.85788,1.0,1481.370385,62.79587174828204
drag1,30,492.54395,446.7673,1.05,1330.035616,73.26195831606704
drag1,42,589.4542,1494.2217,1.04,2244.676461,56.26797640468612
drag1,40,239.77798,1219.3649,1.26,1819.2209229999999,78.89087666578514
drag1,41,493.54303,1197.3763,1.13,1918.4948459999998,86.35822942792522
drag1,43,223.79279,1551.192,0.97999996,2240.581538,60.12970427068162
drag1,45,216.59392,1396.17,0.82,1297.395231,87.02465392614228
drag1,82,502.5347,1610.1614,0.97999996,1686.950231,93.32255629464304
drag1,80,239.77798,1652.1395,1.18,1877.235847,68.74764329101114
drag1,44,540.4995,1367.2878,1.13,1523.280231,75.90367575944734
drag1,57,854.20905,120.93701,1.41,2415.6064619999997,70.6150002263729
drag1,26,540.4995,374.80478,0.89,1502.5476159999998,83.11643841839708
drag1,58,810.24976,386.79852,1.0699999,1422.4569999999999,64.86870411069107
drag1,25,544.49585,77.9594,0.98999995,1592.476847,104.98176983449447
drag1,64,755.30066,1058.4487,1.1999999,2068.835231,56.54069129274055
drag1,44,555.48566,1370.2863,1.02,1174.9337699999999,79.90058533081738
drag1,38,532.50696,1098.4279,0.96999997,1469.917539,55.97036748561106
drag1,67,772.2849,1331.2488,1.06,1245.581385,92.59318932929348
drag1,9,405.62442,836.5643,1.3399999,1633.29677,66.82248832496857
drag1,53,123.88529,1079.4377,1.4,2785.137616,74.62335330808551
drag1,16,380.64755,1106.4237,1.28,1287.69,58.377957066221455
drag1,52,119.88899,820.5726,1.14,1694.6309999999999,56.755865194387475
drag1,74,1001.07306,755.60645,1.02,2300.221538,76.89977055606931
drag1,17,705.3469,1054.5233,1.26,1472.186462,73.35174296892994
drag1,75,972.0999,1052.1847,0.88,1228.938077,87.28723019030778
drag1,7,686.3645,788.58923,1.05,1603.012462,73.09181034636521
drag1,70,957.1138,239.87506,1.13,1596.721077,79.70909083462267
drag1,8,661.38763,480.7496,1.0,1504.545385,75.46835697310644
drag1,13,705.3469,245.87193,1.05,1275.7596919999999,80.11886155908202
drag1,71,969.10266,447.76678,1.01,1473.422846,83.1450357455656
drag1,78,940.1295,1316.3143,1.1899999,2603.688385,82.15573136315855
drag1,83,704.34784,1634.1488,0.93,1194.658923,54.25918012152554
drag1,21,701.3506,1354.2946,1.18,1663.0647689999998,68.9242066332945
drag1,85,972.0999,1641.1451,0.96999997,1555.170846,63.119324887138916
drag1,19,679.371,1260.3435,1.3,2129.890307,79.11125529358529
drag1,77,966.10547,1448.2457,1.14,1635.294307,74.33943347989079
drag1,76,974.99805,1292.1287,1.04,1471.094846,56.062871105031405
drag1,23,714.33856,1452.2435,0.93,1543.0700769999999,75.45599745287471
drag1,15,710.3423,60.968243,0.87,2920.548,102.20686620824452
drag1,69,914.15356,340.82248,1.35,1829.6546919999998,67.89418436200148
drag1,11,679.371,353.8157,1.3199999,1533.2904609999998,74.24378645709726
drag1,68,984.0888,93.951065,1.49,1420.860923,69.24869869224413
drag1,21,682.36816,1379.2816,1.18,2805.3874619999997,87.64637687674389
drag1,75,979.09344,1070.4425,1.27,1420.935769,58.114098531154774
drag1,17,680.37006,1059.4481,1.0699999,1310.0419239999999,74.22232255970576
drag1,78,998.07587,1341.3014,1.27,2815.1969999999997,54.380596229303734
drag1,54,850.21277,1385.2784,0.85999995,685.353539,751.8453515576557
drag1,22,417.6133,1510.1842,1.14,1090.907769,68.12389385770783
drag1,18,428.7141,1251.3483,1.24,1254.715846,80.83156825599868
drag1,55,95.911194,1479.2295,1.01,1596.112846,90.35598097819759
drag1,67,830.23126,1356.2936,0.96,1808.020231,78.03271985684319
drag1,82,535.50415,1578.178,1.02,1510.7006159999999,89.1129134985793
drag1,84,822.23865,1633.1494,0.87,1348.880616,72.98547535702092
drag1,44,519.519,1332.9149,1.02,2166.506384,66.26632923965404
drag1,38,520.4068,1067.444,1.37,1479.2125389999999,76.83365247293008
drag1,45,288.28912,1354.4065,1.31,2198.599154,68.34926082243153
drag1,44,528.5106,1382.28,0.98999995,1409.1159229999998,79.95951588513144
drag1,39,267.75208,1105.4242,0.93,1809.852308,70.89330372416829
drag1,56,101.90564,1348.2977,0.96999997,1451.461538,50.780342236731606
drag1,81,388.64014,1599.1671,0.93,2630.396923,72.63000324339379
drag1,20,435.59668,1386.278,1.37,1472.088462,58.039498187417465
drag1,79,137.6916,1600.9852,0.98999995,1407.991077,58.01219134724099
drag1,33,565.47644,591.69183,1.0699999,2892.820692,81.78242663124935
drag1,35,253.76503,898.4193,0.98999995,1584.6088459999999,60.67636042895926
drag1,34,475.59583,902.5661,1.05,1380.2573849999999,83.94689079245894
drag1,32,273.74652,665.65326,1.3199999,1269.009846,64.89424030804408
drag1,9,352.67346,714.6278,1.13,1429.368154,85.11686924171997
drag1,8,667.3821,521.7283,1.06,1279.419692,86.84464341187011
drag1,6,405.47144,518.62775,1.3299999,1244.2267689999999,57.12928779735473
drag1,7,654.3941,741.6137,1.29,1235.096231,64.15227979452906
drag1,14,405.62442,78.95887,1.41,1422.6373079999998,66.04413437076327
drag1,47,99.90749,338.82352,1.2099999,1239.0313079999999,60.61409159446321
drag1,46,89.91675,63.53899,1.1899999,1483.403462,78.2919651982377
drag1,10,369.6577,351.81674,1.05,2284.092,81.77580310483738
drag1,4,659.38947,600.68713,1.24,1645.367692,94.18289803072408
drag1,73,972.0999,895.53357,0.96,1063.100846,84.93451258902681
drag1,72,948.12213,680.6455,1.24,939.2706929999999,65.56000227362027
drag1,3,711.84094,922.51953,1.28,2000.250231,71.34376525967511
scale2,25,-25.974924,3901.7839999999997
scale2,9,-36.478394,3975.878385
scale2,28,-12.923481,3514.177846
scale2,10,10.1269455,3678.698462
scale2,29,-12.65201,3431.532461
scale2,12,-24.589622,4095.534615
scale2,30,79.102615,2715.2746159999997
scale2,13,-43.434166,3411.423616
scale2,32,-440.3471,3821.262308
scale2,15,-39.388412,3962.990078
scale2,34,-465.4033,4698.007308
scale2,17,-21.258265,4833.293693
scale2,1,-15.834635,4705.251693
scale2,20,16.95948,3504.7543849999997
scale2,3,422.6387,3270.287231
scale2,24,-10.722507,4708.77477
scale2,16,-23.050426,6087.882
scale2,2,-36.777367,5516.948155
scale2,23,19.772507,3657.412308
scale2,7,-9.239645,5374.549693
scale2,11,44.307938,4135.935154
scale2,14,-216.27016,2913.329538
scale2,26,-447.9351,242.571307
scale2,35,-452.0907,548.648231
scale2,25,61.913017,4639.224462
scale2,9,-37.556156,3432.9803079999997
scale2,28,-30.275093,4260.306769
scale2,10,-3.2720032,3624.249692
scale2,29,9.030865,3688.437846
scale2,12,-25.246742,2941.5902309999997
scale2,30,1.8775749,3219.7071539999997
scale2,13,37.727547,3164.923077
scale2,32,0.75631714,3015.727692
scale2,15,39.532486,3350.6695379999996
scale2,34,-20.1377,3105.487384
scale2,17,-22.765549,3750.733385
scale2,1,-22.75894,3699.826616
scale2,20,785.6581,2933.87477
scale2,3,3.7278957,4945.166462
scale2,24,254.38377,3401.729769
scale2,16,1.44944,4343.490616
scale2,2,-37.476597,5793.749231
scale2,23,41.676247,3299.367539
scale2,7,-14.518003,5058.520077
scale2,11,331.60364,4228.430769
scale2,14,-198.96161,4578.297847
scale2,26,-26.99327,6147.582614999999
scale2,35,-27.118652,3790.7190769999997
scale2,21,-17.670794,5853.796539
scale2,22,-17.303083,5149.280307999999
scale2,27,-25.029905,5008.3864619999995
scale2,36,-185.58954,3615.145
scale2,31,105.56692,3411.5475389999997
scale2,19,-26.484255,3861.998385
scale2,4,-182.90097,2912.0668459999997
scale2,8,22440.092,2361.0216929999997
scale2,5,64.40221,2875.650231
scale2,33,-428.46768,2290.588615
scale2,18,-475.82095,3218.6444619999997
scale2,6,-16.980629,4964.331923
scale1,27,-11.954224,988.630154
scale1,46,-24.98588,2435.8804609999997
scale1,26,-142.17656,701.377384
scale1,4,50.664722,1349.135923
scale1,43,4.937084,1472.867923
scale1,25,-10.881134,1871.183846
scale1,42,-15.805429,1255.7599229999998
scale1,23,-15.924116,2310.366923
scale1,5,47.918037,1207.913308
scale1,24,-7.0417385,2016.990231
scale1,19,1.0766945,1389.1558459999999
scale1,2,-8.189724,2249.462461
scale1,44,18.628899,1102.119154
scale1,65,-4.628454,1932.22977
scale1,45,27.538673,1532.197692
scale1,28,-15.919653,2338.570692
scale1,13,5.6249313,1428.8179229999998
scale1,56,10.744423,1503.425923
scale1,40,-13.591221,1462.4774619999998
scale1,41,-17.867872,2626.718308
scale1,6,-20.300932,1674.425769
scale1,51,43.445263,1533.815846
scale1,36,-17.228502,1318.115538
scale1,21,-24.930279,1860.388923
scale1,8,-24.580725,1307.678077
scale1,57,-23.594032,1256.309385
scale1,39,2.335247,1867.638385
scale1,9,-13.504,1358.824308
scale1,58,-6.5660133,1165.5365379999998
scale1,47,-21.618433,1939.191846
scale1,1,-21.375807,2350.0047689999997
scale1,35,16.961826,1470.4606919999999
scale1,3,-26.969547,1420.3149999999998
scale1,17,-7.574936,931.729154
scale1,53,-12.178122,1857.3988459999998
scale1,34,-19.206951,1348.3904619999998
scale1,18,-26.10192,1073.226616
scale1,50,-11.870934,1090.911923
scale1,62,1.2164268,1195.742307
scale1,66,-21.508741,1729.257154
scale1,20,-11.497484,1134.2253839999998
scale1,37,-9.060923,1581.51823
scale1,32,-28.212084,1216.123077
scale1,31,-20.304657,2429.319924
scale1,49,78.48224,1349.0622309999999
scale1,7,-4.047415,1319.834615
scale1,15,-2.7544785,1114.210847
scale1,10,-21.780722,1826.412769
scale1,60,-26.951712,1125.175
scale1,63,-8.765253,1295.2021539999998
scale1,59,16.403687,1094.806538
scale1,55,-17.822708,1632.524154
scale1,14,-29.602592,1452.121539
scale1,12,-30.69901,1921.951769
scale1,54,-24.819506,1441.700693
scale1,52,-15.66671,1564.939384
scale1,48,-19.536507,2188.813615
scale1,30,-18.596884,2176.068538
scale1,16,0.1871109,1195.0069999999998
scale1,11,-19.500612,1829.3823849999999
scale1,61,1.927414,1123.539231
scale1,38,13.171886,1407.592077
scale1,29,-29.74962,1366.839538
scale1,64,-14.926334,2147.294231
scale1,22,-8.612869,1736.723923
scale1,33,-12.477293,939.825846
