tap1,2,288,642,412.61795,704.633,1.29,1567150477799
tap1,3,576,930,681.3691,1014.4716,1.16,1567150479543
tap1,4,576,642,651.39685,699.63556,1.31,1567150480226
tap1,5,288,930,413.61703,1073.4409,1.14,1567150480889
tap1,9,288,786,430.6013,785.5908,1.48,1567150481542
tap1,17,576,1074,683.36725,1153.3993,1.14,1567150482358
tap1,16,288,1074,422.6087,1113.42,1.1899999,1567150483103
tap1,7,576,786,725.3284,836.5643,0.96999997,1567150483786
tap1,4,576,642,676.3737,746.61115,1.1,1567150484735
tap1,10,288,354,405.62442,449.76575,1.16,1567150487393
tap1,2,288,642,408.62164,729.62,1.26,1567150488356
tap1,11,576,354,675.37463,441.7699,1.11,1567150489345
tap1,4,576,642,693.35803,746.61115,1.25,1567150490192
tap1,18,288,1218,381.64664,1276.3352,0.78,1567150491396
tap1,2,288,642,466.568,724.62256,0.45,1567150492334
tap1,19,576,1218,421.60962,741.6137,0.71,1567150492436
tap1,13,576,210,660.38855,261.86362,1.25,1567150493671
tap1,6,288,498,414.6161,535.72095,1.42,1567150494619
tap1,12,288,210,414.6161,266.861,1.25,1567150495507
tap1,8,576,498,684.36633,573.7012,1.12,1567150496405
tap1,19,576,1218,676.3737,1334.305,1.02,1567150497241
tap1,22,288,1506,400.62906,1598.1676,1.18,1567150497935
tap1,18,288,1218,408.62164,1295.3253,0.9,1567150498690
tap1,23,576,1506,664.3848,1565.1848,0.98999995,1567150499710
tap1,14,288,66,404.62534,165.91359,1.3199999,1567150500709
tap1,11,576,354,679.371,438.77145,1.1899999,1567150502076
tap1,10,288,354,388.64014,469.7553,0.89,1567150502902
tap1,15,576,66,672.37744,141.92607,1.27,1567150503923
tap1,17,576,1074,655.3932,1171.3899,1.1,1567150504882
tap1,20,288,1362,414.6161,1459.24,1.1899999,1567150505769
tap1,21,576,1362,676.3737,1451.2441,1.14,1567150507350
tap1,16,288,1074,457.57632,1184.383,1.3299999,1567150508493
tap1,9,288,786,427.60406,864.5497,1.38,1567150509299
tap1,8,576,498,682.36816,539.7189,0.84999996,1567150510145
tap1,6,288,498,392.63644,614.6798,1.18,1567150511339
tap1,7,576,786,689.3617,894.53406,1.09,1567150512145
tap1,24,144,66,249.76874,107.94378,1.17,1567150513277
tap1,26,432,354,573.469,431.77512,1.24,1567150514063
tap1,27,144,354,260.75854,419.78134,1.17,1567150514879
tap1,25,432,66,560.481,96.9495,1.5799999,1567150515695
tap1,66,720,1506,836.2257,1572.1812,0.85999995,1567150516470
tap1,41,432,1218,511.52637,1258.3446,1.09,1567150517164
tap1,42,432,1506,573.469,1569.1827,0.97999996,1567150517898
tap1,65,720,1218,846.2165,1301.3221,1.13,1567150518643
tap1,36,144,786,248.76965,865.5492,1.42,1567150519418
tap1,38,432,1074,581.4616,1105.4242,1.29,1567150520204
tap1,39,144,1074,245.77243,1159.3961,1.56,1567150520969
tap1,37,432,786,510.52728,888.5372,1.49,1567150521642
tap1,16,288,1074,336.68826,1161.395,1.3,1567150522367
tap1,56,0,1362,148.86217,1466.2363,1.36,1567150523163
tap1,20,288,1362,356.66974,1438.2509,1.11,1567150523856
tap1,53,0,1074,163.8483,1130.4113,1.16,1567150524601
tap1,59,720,210,772.2849,249.86986,1.5799999,1567150525458
tap1,30,432,498,544.49585,543.7168,1.3,1567150526264
tap1,29,432,210,527.5116,277.8553,1.06,1567150527131
tap1,60,720,498,870.1943,531.723,1.0,1567150527927
tap1,33,432,642,537.5023,650.6611,1.65,1567150528672
tap1,62,720,930,840.22205,995.4815,1.22,1567150529396
tap1,61,720,642,808.25165,678.64655,1.28,1567150530243
tap1,34,432,930,574.4681,958.50073,1.35,1567150530977
tap1,6,288,498,419.61148,593.6908,1.3199999,1567150531875
tap1,48,0,210,113.89455,326.82977,1.17,1567150532957
tap1,12,288,210,360.66605,284.85162,1.27,1567150533834
tap1,49,0,498,100.90657,585.69495,1.14,1567150534813
tap1,51,0,930,128.88066,975.4919,0.94,1567150536170
tap1,2,288,642,375.65216,717.6262,1.23,1567150537180
tap1,5,288,930,385.6429,986.4862,1.1899999,1567150538058
tap1,50,0,642,121.887146,703.6335,1.13,1567150539047
tap1,37,432,786,547.49304,792.58716,1.17,1567150539782
tap1,64,720,1074,828.2331,1197.3763,0.83,1567150540598
tap1,38,432,1074,538.5014,1151.4003,1.22,1567150541302
tap1,63,720,786,846.2165,874.5445,1.28,1567150542006
tap1,29,432,210,548.4921,320.8329,0.98999995,1567150542934
tap1,31,144,498,277.74283,550.71313,1.06,1567150543801
tap1,28,144,210,228.78816,280.85373,1.23,1567150544730
tap1,30,432,498,576.46625,591.69183,1.25,1567150545485
tap1,42,432,1506,542.4977,1545.1952,1.13,1567150546271
tap1,40,144,1218,231.78539,1313.3159,1.24,1567150546934
tap1,41,432,1218,531.5079,1278.3342,1.14,1567150547566
tap1,43,144,1506,261.75763,1584.1749,1.14,1567150548250
tap1,45,144,1362,226.79001,1445.2472,1.2099999,1567150548872
tap1,82,432,1650,568.47363,1706.1113,1.02,1567150549709
tap1,80,144,1650,230.78632,1701.114,1.18,1567150550362
tap1,44,432,1362,551.4894,1367.2878,1.22,1567150550923
tap1,57,720,66,722.3312,89.95315,1.35,1567150551770
tap1,26,432,354,540.4995,425.77823,1.35,1567150552495
tap1,58,720,354,813.247,464.75793,1.09,1567150553219
tap1,25,432,66,465.5689,184.90369,1.37,1567150554015
tap1,64,720,1074,831.23035,1128.4122,1.3,1567150554678
tap1,44,432,1362,535.50415,1445.2472,1.26,1567150555270
tap1,38,432,1074,548.4921,1069.443,1.48,1567150555953
tap1,67,720,1362,816.2442,1408.2665,0.79999995,1567150556617
tap1,9,288,786,405.62442,783.59186,1.4399999,1567150557372
tap1,53,0,1074,118.889915,1144.4039,1.1,1567150558351
tap1,16,288,1074,417.6133,1157.3972,1.26,1567150559657
tap1,52,0,786,103.90379,858.5528,1.3199999,1567150561177
tap1,74,864,786,981.0916,845.5596,1.26,1567150562289
tap1,17,576,1074,685.3654,1159.3961,1.16,1567150563167
tap1,75,864,1074,986.087,1143.4044,0.94,1567150564503
tap1,7,576,786,687.3635,866.54865,1.39,1567150565534
tap1,38,288,66,343.68176,148.92244,1.39,1567150566687
tap1,45,0,354,84.92137,413.7845,0.96,1567150567657
tap1,44,0,66,127.88159,135.9292,0.97999996,1567150568687
tap1,39,288,354,400.62906,418.78186,1.14,1567150569636
tap1,14,288,1506,384.64386,1551.192,1.17,1567150570513
tap1,47,0,1794,114.893616,1848.0375,0.88,1567150571432
tap1,46,0,1506,96.91027,1560.1874,1.0699999,1567150572289
tap1,10,288,1794,396.63275,1836.0437,0.93,1567150573074
tap1,22,864,210,964.1073,275.85632,1.5899999,1567150574564
tap1,86,576,498,691.35986,603.68555,1.52,1567150575452
tap1,55,576,210,705.3469,272.85788,1.17,1567150576636
tap1,88,864,498,987.08606,579.69806,1.28,1567150577462
tap1,70,864,1362,1016.0592,1454.2426,1.0799999,1567150578350
tap1,8,576,1650,656.3922,1716.1062,1.48,1567150579187
tap1,13,576,1362,701.3506,1435.2524,1.24,1567150580105
tap1,71,864,1650,988.0851,1730.0989,1.3,1567150580973
tap1,78,576,1218,731.3229,1297.3242,1.56,1567150581820
tap1,83,864,1506,999.07495,1579.1775,1.31,1567150582656
tap1,21,864,1218,987.08606,1294.3258,1.4599999,1567150583422
tap1,85,576,1506,704.34784,1540.1978,1.38,1567150584177
tap1,19,576,66,652.39594,149.9219,1.3199999,1567150585228
tap1,77,864,354,971.1008,441.7699,1.49,1567150586014
tap1,76,576,354,695.35614,390.79645,1.3,1567150586820
tap1,23,864,66,930.1388,190.90057,1.5999999,1567150587789
tap1,15,576,1362,754.3016,1440.2499,1.4699999,1567150588535
tap1,69,864,1074,948.12213,1110.4216,1.24,1567150589310
tap1,11,576,1074,672.37744,1088.4331,1.3199999,1567150589994
tap1,68,864,1362,971.1008,1463.2379,1.41,1567150590892
tap1,21,0,1218,85.92044,1258.3446,1.09,1567150591728
tap1,75,288,1506,351.67438,1663.1338,1.36,1567150592443
tap1,17,288,1218,390.6383,1344.2998,1.39,1567150593106
tap1,78,0,1506,135.87419,1559.1879,1.27,1567150593790
tap1,54,576,642,709.3432,680.6455,1.4399999,1567150594586
tap1,22,864,930,969.10266,1026.4653,1.56,1567150595371
tap1,18,864,642,935.13416,732.6184,1.6899999,1567150596270
tap1,55,576,930,714.33856,967.4961,1.37,1567150597025
tap1,4,576,1794,688.3626,1818.0531,1.39,1567150597790
tap1,73,864,1506,984.0888,1545.1952,1.5899999,1567150598648
tap1,72,576,1506,655.3932,1579.1775,1.66,1567150599321
tap1,3,864,1794,972.0999,1772.077,1.5899999,1567150600137
tap1,90,720,1362,866.198,1528.204,1.66,1567150600903
tap1,77,432,1650,540.4995,1682.1239,1.31,1567150601597
tap1,23,720,1650,829.2322,1694.1176,1.53,1567150602444
tap1,92,432,1362,539.5005,1489.2244,1.5899999,1567150603148
tap1,67,432,1074,527.5116,1160.3956,1.3399999,1567150603852
tap1,82,144,1362,255.76318,1390.2759,1.12,1567150604546
tap1,84,432,1362,557.4838,1471.2336,1.36,1567150605270
tap1,44,144,1074,230.78632,1181.3846,1.0699999,1567150606005
tap1,38,432,1506,539.5005,1492.2228,1.1,1567150606770
tap1,45,144,1794,274.7456,1828.0479,1.18,1567150607475
tap1,44,432,1794,495.54117,1817.0536,1.09,1567150608199
tap1,39,144,1506,250.7678,1640.1458,1.24,1567150608903
tap1,42,432,1506,513.52454,1551.192,1.4,1567150609495
tap1,87,720,1794,858.2054,1814.0552,1.1999999,1567150610383
tap1,89,432,1794,793.2655,927.5169,1.18,1567150611077
tap1,43,720,1506,669.3802,610.68195,1.25,1567150611689
tap1,42,0,1362,150.86032,1410.2655,0.53,1567150612761
tap1,91,288,1650,407.62256,1672.129,1.1899999,1567150613628
tap1,89,288,1362,362.6642,1494.2217,1.41,1567150614343
tap1,66,0,1650,164.84737,1693.1182,1.02,1567150615108
tap1,56,432,642,506.531,726.6215,1.63,1567150616006
tap1,81,144,930,276.74374,1028.4644,1.7199999,1567150617017
tap1,20,432,930,520.51807,987.48566,1.2099999,1567150617731
tap1,79,144,642,256.76227,713.6283,1.3299999,1567150618731
tap2,6,138,480,183.82979,497.74075,0.77,1567150643951
tap2,7,759,1101,797.2618,1096.429,1.01,1567150644819
tap2,8,138,1101,206.80852,1115.4191,0.55,1567150645839
tap2,9,759,480,813.247,514.7319,0.97999996,1567150646850
tap2,164,0,687,970.10175,1397.2722,0.58,1567150647809
tap2,183,621,1308,682.36816,1344.2998,0.98999995,1567150648789
tap2,182,0,1308,113.89455,1379.2816,0.45,1567150649737
tap2,163,621,687,840.22205,673.6491,0.24,1567150650441
tap2,242,345,66,682.36816,701.6345,1.23,1567150650635
tap2,243,552,1032,588.45514,1037.4596,1.25,1567150651534
tap2,244,345,1032,422.6087,1089.4326,1.43,1567150652473
tap2,245,552,66,585.4579,73.96148,1.3299999,1567150653707
tap2,42,69,411,171.84088,461.7595,1.35,1567150654942
tap2,43,690,1032,763.2933,1101.4263,1.52,1567150655871
tap2,45,690,411,754.3016,491.74387,0.96999997,1567150656932
tap2,44,69,1032,105.90195,1121.4159,1.3,1567150657952
tap2,322,345,756,438.5939,816.5747,1.4,1567150658809
tap2,321,483,1653,568.47363,1679.1254,1.39,1567150659708
tap2,316,345,1653,433.5985,1712.1083,1.38,1567150660636
tap2,323,483,756,594.4496,799.58356,1.49,1567150661544
tap2,2,138,549,170.84181,610.68195,1.1899999,1567150662544
tap2,3,759,1170,851.21185,1249.3492,1.78,1567150663820
tap2,4,138,1170,250.7678,1214.3674,1.05,1567150665055
tap2,5,759,549,837.2248,649.6616,1.31,1567150666075
tap2,11,759,1032,831.23035,1046.455,1.3299999,1567150666994
tap2,10,138,411,1045.0323,1918.001,0.12,1567150668545
tap2,12,138,1032,187.82608,1090.432,1.04,1567150669709
tap2,13,759,411,839.22296,448.76627,1.26,1567150670790
tap2,15,759,963,831.23035,1038.4591,1.4399999,1567150671852
tap2,14,138,342,209.80574,344.8204,0.71,1567150673107
tap2,17,759,342,835.2266,416.78293,1.48,1567150674464
tap2,16,138,963,233.78354,974.49243,0.85999995,1567150675474
tap2,122,207,66,262.7567,160.91618,1.4699999,1567150676771
tap2,123,828,687,918.14984,774.59656,1.63,1567150677914
tap2,124,207,687,279.74097,699.63556,1.31,1567150678904
tap2,125,828,66,880.185,180.90578,1.36,1567150680659
tap2,135,621,1170,694.35706,1192.3789,1.66,1567150681629
tap2,134,0,549,74.93062,623.6752,1.27,1567150682823
tap2,136,0,1170,91.914894,1236.3561,1.41,1567150683853
tap2,137,621,549,693.35803,612.6809,1.5999999,1567150684823
tap2,130,69,66,97.90935,172.90994,1.39,1567150686007
tap2,131,690,687,739.3154,757.6054,1.67,1567150687313
tap2,133,690,66,774.2831,99.947945,1.4,1567150688609
tap2,132,69,687,153.85754,740.61426,1.13,1567150689722
tap2,127,759,687,838.2239,724.62256,1.6899999,1567150690927
tap2,126,138,66,212.80296,108.94325,1.36,1567150692508
tap2,128,138,687,218.79741,732.6184,1.2099999,1567150693509
tap2,129,759,66,852.21094,114.94013,1.5699999,1567150694948
tap2,18,138,273,193.82054,307.83966,1.37,1567150696203
tap2,19,759,894,867.197,939.5106,1.52,1567150697265
tap2,20,138,894,219.79648,935.51276,1.25,1567150698449
tap2,21,759,273,826.235,313.83655,1.4499999,1567150699602
tap2,35,828,1170,937.13226,1233.3575,1.6899999,1567150700592
tap2,34,207,549,312.71045,562.7069,1.35,1567150701776
tap2,36,207,1170,340.68454,1212.3685,1.03,1567150704957
tap2,37,828,549,897.1693,536.72046,1.16,1567150706124
tap2,26,138,135,230.78632,181.90526,1.25,1567150707226
tap2,27,759,756,852.21094,803.5814,1.35,1567150708094
tap2,28,138,756,226.79001,707.6314,1.2099999,1567150709023
tap2,29,759,135,817.2433,190.90057,1.51,1567150710380
tap2,43,690,1032,759.29694,1100.4269,1.15,1567150711125
tap2,42,69,411,171.84088,420.78082,1.0,1567150712146
tap2,45,690,411,771.2858,459.76053,1.3299999,1567150713197
tap2,44,69,1032,145.86494,1071.4419,1.05,1567150714187
tap2,24,138,825,241.77614,832.56635,1.24,1567150715116
tap2,25,759,204,810.24976,238.87558,1.4,1567150716188
tap2,22,138,204,170.84181,245.87193,1.3199999,1567150717330
tap2,23,759,825,839.22296,859.5523,1.17,1567150718249
tap2,38,69,480,161.85014,482.74857,1.1999999,1567150719413
tap2,39,690,1101,802.2572,1186.3821,1.22,1567150720474
tap2,40,69,1101,161.85014,1099.4274,1.12,1567150721403
tap2,41,690,480,752.3034,528.7246,1.18,1567150722648
tap2,33,690,549,796.2627,583.696,1.25,1567150723577
tap2,32,69,1170,143.86679,1216.3665,1.23,1567150724587
tap2,30,69,549,168.84366,580.6975,1.17,1567150725781
tap2,31,690,1170,734.32007,1237.3555,1.13,1567150726924
tap2,46,69,342,163.8483,365.80948,1.16,1567150728078
tap2,47,690,963,770.2868,990.4841,1.14,1567150729068
tap2,48,69,963,135.87419,999.47943,1.03,1567150730262
tap2,49,690,342,771.2858,407.7876,1.37,1567150731436
tap2,108,276,963,321.70212,983.48773,1.09,1567150732365
tap2,231,897,1584,925.1434,1590.1718,1.18,1567150733406
tap2,230,276,1584,366.6605,1652.1395,1.4599999,1567150734396
tap2,107,897,963,967.10455,1007.4752,1.28,1567150735406
tap2,143,621,1032,705.3469,1091.4315,1.52,1567150736284
tap2,232,0,1653,88.91767,1706.1113,1.12,1567150737264
tap2,233,621,1653,676.3737,1672.129,1.15,1567150738173
tap2,144,0,1032,87.918594,1090.432,1.0699999,1567150739122
tap2,44,69,1032,170.84181,1093.4304,1.26,1567150740061
tap2,235,690,1653,764.2923,1694.1176,1.4399999,1567150741337
tap2,43,690,1032,812.2479,1105.4242,1.68,1567150742214
tap2,234,69,1653,141.86864,1672.129,1.12,1567150743204
tap2,12,138,1032,166.84552,1073.4409,0.98999995,1567150744194
tap2,237,759,1653,801.2581,1694.1176,1.18,1567150745368
tap2,11,759,1032,840.22205,1101.4263,1.7099999,1567150746420
tap2,236,138,1653,227.7891,1705.1119,1.23,1567150747767
tap2,238,207,1653,258.7604,1725.1014,1.26,1567150748870
tap2,67,828,1032,915.15265,1073.4409,1.38,1567150750197
tap2,68,207,1032,293.72803,1062.4467,1.18,1567150751228
tap2,239,828,1653,904.16284,1719.1046,1.2099999,1567150752503
tap2,104,276,1032,301.72064,1001.4784,0.96,1567150753422
tap2,241,897,1653,904.16284,1718.1051,1.23,1567150754596
tap2,240,276,1653,369.6577,1709.1097,1.3,1567150755494
tap2,103,897,1032,972.0999,1114.4196,1.3299999,1567150756658
tap2,50,69,273,156.85477,295.84592,1.3199999,1567150757709
tap2,51,690,894,810.24976,907.5273,1.31,1567150758587
tap2,52,69,894,148.86217,922.5195,0.97999996,1567150759597
tap2,53,690,273,731.3229,332.82663,1.15,1567150760710
tap2,55,690,825,778.27936,881.54083,1.4,1567150761628
tap2,54,69,204,148.86217,225.88235,1.31,1567150762996
tap2,56,69,825,135.87419,843.5606,1.16,1567150764118
tap2,57,690,204,752.3034,282.85266,1.28,1567150765180
tap2,59,690,756,780.2775,786.5903,1.3299999,1567150766283
tap2,58,69,135,82.92322,207.89172,1.18,1567150767731
tap2,61,690,135,740.3145,181.90526,1.13,1567150768895
tap2,60,69,756,174.83812,805.5804,1.22,1567150769977
tap2,62,207,480,309.71323,496.74127,1.06,1567150770987
tap2,63,828,1101,904.16284,1115.4191,1.1,1567150771988
tap2,64,207,1101,304.71786,1133.4097,1.04,1567150773100
tap2,65,828,480,887.1785,527.72516,1.1,1567150774254
tap2,290,345,480,462.5717,537.7199,1.18,1567150775346
tap2,291,552,1446,614.4311,1504.2166,1.1999999,1567150776316
tap2,293,552,480,673.3765,530.7236,1.36,1567150777479
tap2,292,345,1446,403.62628,1453.243,1.35,1567150778541
tap2,141,621,480,742.3127,560.70795,1.48,1567150779694
tap2,295,414,1446,487.54858,1519.2087,1.41,1567150780817
tap2,294,414,480,499.53748,478.75064,1.2099999,1567150782256
tap2,203,621,1446,697.3543,1517.2097,1.4699999,1567150783420
tap2,297,483,1446,570.4718,1500.2186,1.48,1567150784277
tap2,41,690,480,751.3043,500.7392,1.49,1567150785471
tap2,296,483,480,605.4394,494.7423,1.16,1567150786461
tap2,205,690,1446,788.27014,1509.2139,1.55,1567150787707
tap2,319,414,1653,480.55505,1703.1129,1.18,1567150788584
tap2,325,552,756,657.3913,790.5882,0.91999996,1567150789718
tap2,324,414,756,517.5208,801.5825,1.37,1567150790810
tap2,315,552,1653,635.4117,1708.1104,1.3199999,1567150792147
tap2,298,345,549,411.61887,544.7163,1.27,1567150793423
tap2,299,552,1515,621.4246,1598.1676,1.2099999,1567150794576
tap2,301,552,549,664.3848,600.68713,1.48,1567150795617
tap2,300,345,1515,467.56708,1547.1941,1.35,1567150796638
tap2,326,345,825,456.57724,836.5643,1.3399999,1567150797567
tap2,256,483,135,547.49304,150.92139,1.42,1567150798863
tap2,250,345,135,431.60037,153.91983,1.02,1567150799863
tap2,327,483,825,579.46344,851.55646,1.09,1567150801415
tap2,67,828,1032,919.1489,1037.4596,1.3199999,1567150802681
tap2,66,207,411,255.76318,449.76575,1.43,1567150803874
tap2,68,207,1032,285.73544,1097.4283,1.18,1567150804783
tap2,69,828,411,901.1656,453.76364,1.61,1567150805916
tap2,72,207,963,289.73172,987.48566,1.27,1567150806886
tap2,73,828,342,880.185,382.80063,1.5,1567150808039
tap2,70,207,342,247.77058,370.80685,1.27,1567150809162
tap2,71,828,963,880.185,1014.4716,1.38,1567150810162
tap2,76,207,894,308.71414,904.5289,1.0799999,1567150811070
tap2,77,828,273,879.1859,332.82663,1.54,1567150812275
tap2,74,207,273,251.76688,317.83444,1.42,1567150813357
tap2,75,828,894,922.1462,938.51117,1.52,1567150814419
tap2,80,207,825,264.75485,845.5596,1.23,1567150815348
tap2,81,828,204,892.1739,269.85944,1.73,1567150816521
tap2,78,207,204,226.79001,256.8662,1.52,1567150817665
tap2,79,828,825,940.1295,843.5606,1.38,1567150818614
tap2,84,207,756,255.76318,766.6007,1.26,1567150819522
tap2,85,828,135,885.1804,238.87558,1.78,1567150820788
tap2,82,207,135,276.74374,148.92244,1.23,1567150821778
tap2,83,828,756,873.19147,812.5768,1.5999999,1567150822799
tap2,89,621,618,692.35895,671.65015,1.29,1567150823748
tap2,88,0,1239,107.90009,1275.3357,1.3399999,1567150824738
tap2,87,621,1239,724.32935,1278.3342,1.63,1567150825576
tap2,86,0,618,40.962074,700.6351,0.95,1567150826739
tap2,305,483,1515,577.46533,1560.1874,1.4399999,1567150827842
tap2,33,690,549,813.247,583.696,1.29,1567150828648
tap2,304,483,549,604.4403,572.7017,1.13,1567150829649
tap2,215,690,1515,753.3025,1570.1821,1.26,1567150830629
tap2,309,552,618,601.4431,694.6382,1.55,1567150831466
tap2,308,345,1584,354.6716,1622.155,1.15,1567150832395
tap2,307,552,1584,624.4218,1612.1603,1.1,1567150833426
tap2,306,345,618,420.61053,626.6736,1.4499999,1567150834477
tap2,258,345,204,450.5828,205.89276,1.1899999,1567150835559
tap2,331,483,894,555.48566,956.5018,1.16,1567150836488
tap2,330,345,894,362.6642,959.50024,1.3299999,1567150837305
tap2,264,483,204,592.4514,240.87454,1.48,1567150838296
tap2,223,621,1584,662.38666,1616.1582,1.18,1567150839255
tap2,310,414,618,504.53284,666.6528,1.15,1567150840143
tap2,89,621,618,728.3256,731.61896,1.41,1567150841103
tap2,311,414,1584,499.53748,1605.164,0.79999995,1567150842011
tap2,261,552,204,621.4246,309.83862,1.48,1567150842910
tap2,322,345,756,421.60962,782.5924,1.22,1567150843869
tap2,262,414,204,471.56335,225.88235,1.0799999,1567150844992
tap2,333,552,894,662.38666,961.4992,1.3199999,1567150845829
tap2,312,483,618,515.52264,659.65643,1.11,1567150846687
tap2,225,690,1584,766.29047,1652.1395,0.96,1567150847544
tap2,93,690,618,762.2942,652.66003,1.23,1567150848453
tap2,313,483,1584,541.4986,1646.1426,1.56,1567150849494
tap2,91,690,1239,782.2757,1350.2966,1.4699999,1567150850331
tap2,90,69,618,153.85754,656.65796,1.2099999,1567150851291
tap2,93,690,618,795.2637,709.6304,1.91,1567150852108
tap2,92,69,1239,113.89455,1275.3357,0.87,1567150853148
tap2,108,276,963,337.68732,983.48773,0.9,1567150853986
tap2,109,897,342,961.1101,420.78082,1.55,1567150854976
tap2,106,276,342,336.68826,357.81363,1.1,1567150855956
tap2,107,897,963,915.15265,991.4836,1.3,1567150856895
tap2,100,276,1101,316.70676,1164.3936,1.13,1567150857742
tap2,101,897,480,979.09344,508.73502,1.4699999,1567150858793
tap2,99,897,1101,964.1073,1148.4019,1.04,1567150859804
tap2,98,276,480,346.67902,522.7277,1.29,1567150860815
tap2,105,897,411,968.10364,445.76782,1.14,1567150861876
tap2,104,276,1032,317.70584,1078.4382,1.1,1567150862805
tap2,102,276,411,325.69843,482.74857,1.3299999,1567150863836
tap2,103,897,1032,932.1369,1132.4102,1.4399999,1567150864694
tap2,97,897,549,981.0916,565.7053,1.15,1567150865643
tap2,96,276,1170,299.72247,1241.3534,1.43,1567150866572
tap2,94,276,549,342.6827,592.6913,1.31,1567150867695
tap2,95,897,1170,950.12024,1208.3706,1.26,1567150868665
tap2,111,897,894,984.0888,963.49817,1.5999999,1567150869727
tap2,110,276,273,355.6707,277.8553,1.0799999,1567150870860
tap2,112,276,894,320.70306,962.49866,1.15,1567150871748
tap2,113,897,273,1000.07404,301.84277,0.39,1567150872881
tap2,116,276,825,982.09064,307.83966,1.61,1567150873065
tap2,117,897,204,959.11194,301.84277,1.5699999,1567150874065
tap2,114,276,204,328.69565,294.84644,1.42,1567150875147
tap2,115,897,825,941.1286,868.5476,1.41,1567150876219
tap2,119,897,756,996.0777,838.56323,1.54,1567150877128
tap2,118,276,135,350.6753,210.89015,1.15,1567150878220
tap2,121,897,135,993.0805,167.91254,1.03,1567150880129
tap2,120,276,756,364.66235,791.5877,1.27,1567150881170
tap2,152,0,894,111.89639,944.50806,1.17,1567150882130
tap2,213,621,1515,686.3645,1558.1884,1.36,1567150883008
tap2,212,0,1515,90.91582,1590.1718,1.35,1567150883947
tap2,151,621,894,691.35986,1017.47003,1.89,1567150884856
tap2,56,69,825,162.84921,874.5445,1.16,1567150885866
tap2,205,690,1446,741.3136,1493.2223,1.4399999,1567150886969
tap2,204,69,1446,170.84181,1475.2316,1.28,1567150887970
tap2,55,690,825,769.2877,895.53357,1.4399999,1567150888766
tap2,24,138,825,166.84552,868.5476,1.26,1567150889674
tap2,207,759,1446,800.25903,1534.2009,1.3299999,1567150890736
tap2,206,138,1446,198.81592,1461.2389,1.37,1567150891808
tap2,23,759,825,867.197,902.5299,1.54,1567150892635
tap2,80,207,825,281.73914,877.5429,1.5999999,1567150893575
tap2,209,828,1446,888.1776,1523.2067,1.52,1567150894708
tap2,208,207,1446,269.75024,1496.2207,1.51,1567150895790
tap2,79,828,825,917.1508,905.5283,1.87,1567150896709
tap2,115,897,825,1000.07404,867.54816,1.55,1567150897556
tap2,210,276,1446,365.66144,1470.2343,1.41,1567150898516
tap2,116,276,825,377.65033,885.53876,1.5,1567150899649
tap2,211,897,1446,982.09064,1526.2051,1.52,1567150901415
tap2,203,621,1446,720.333,1505.216,1.7199999,1567150902314
tap2,156,0,825,62.94172,817.57416,0.94,1567150903539
tap2,202,0,1446,99.90749,1473.2327,1.39,1567150904539
tap2,155,621,825,717.3358,897.53253,1.81,1567150905560
tap2,52,69,894,167.84459,938.51117,1.36,1567150906806
tap2,215,690,1515,766.29047,1619.1566,1.56,1567150908531
tap2,51,690,894,794.2646,935.51276,1.67,1567150909460
tap2,214,69,1515,132.87697,1587.1733,1.28,1567150910450
tap2,216,138,1515,209.80574,1591.1713,1.36,1567150911390
tap2,19,759,894,855.2081,964.4976,1.6899999,1567150912391
tap2,217,759,1515,863.20074,1589.1722,1.8399999,1567150914004
tap2,20,138,894,238.77892,937.5117,1.29,1567150915106
tap2,141,621,480,721.3321,515.7314,1.4599999,1567150915995
tap2,140,0,1101,89.91675,1131.4106,1.16,1567150917036
tap2,138,0,480,50.95282,494.7423,1.01,1567150918190
tap2,139,621,1101,701.3506,1172.3894,1.6999999,1567150919150
tap2,142,0,411,89.91675,432.7746,1.3,1567150920538
tap2,143,621,1032,709.3432,1058.4487,1.43,1567150921355
tap2,144,0,1032,76.92877,1095.4294,1.24,1567150922560
tap2,145,621,411,696.3552,480.7496,1.6899999,1567150923673
tap2,148,0,963,89.91675,970.4945,1.1899999,1567150924786
tap2,149,621,342,665.3839,370.80685,1.62,1567150925950
tap2,147,621,963,721.3321,1037.4596,1.41,1567150926859
tap2,146,0,342,79.925995,384.79956,1.35,1567150928186
drag1,2,501.5356,639.6668,2.06,1124.349539,151.66805335436612
drag1,3,736.31824,989.4846,1.4499999,1196.9403069999998,22.192458640074992
drag1,4,679.371,704.633,1.5899999,1300.3807689999999,77.55944805748268
drag1,5,412.61795,954.50287,1.4399999,1800.467615,61.128110296960855
drag1,9,370.6568,862.5507,1.37,899.605615,55.90280467397072
drag1,17,677.8723,1051.9521,0.90999997,2112.629077,56.01590938801845
drag1,16,374.6531,1046.455,0.87,1687.8197699999998,91.9457511912104
drag1,7,647.4006,788.58923,0.96999997,1901.7581539999999,70.37017253981602
drag1,4,686.3645,659.65643,1.1899999,1768.261231,59.89587448630094
drag1,10,397.63184,351.81674,1.14,1863.849154,89.72389280838695
drag1,2,391.6374,620.6767,0.87,1204.1091529999999,54.14164301932988
drag1,11,644.72266,394.8355,1.22,2232.184077,86.03882377118669
drag1,4,677.3728,611.6814,1.3199999,1236.4279999999999,49.29760298172535
drag1,18,529.5097,978.49036,0.82,1115.471308,291.90943509021736
drag1,2,404.62534,585.69495,1.25,2110.812,99.06124765442831
drag1,19,667.3821,1195.3773,1.0,1633.125846,72.92976459045504
drag1,13,666.383,173.90942,1.35,2238.6183849999998,88.52237087776136
drag1,6,364.66235,515.7314,1.51,1920.9268459999998,60.28268333130163
drag1,12,386.642,149.9219,1.5,1790.1254609999999,111.79303149880081
drag1,8,703.34875,396.79333,1.35,2328.108077,108.13151236213824
drag1,19,708.3441,1207.3711,0.98999995,1898.785539,78.41395808660768
drag1,22,418.6124,1465.2368,1.8199999,2002.906154,64.26475712994096
drag1,18,386.642,1191.3795,0.96999997,1584.31,98.80306248219948
drag1,23,389.63922,1297.3242,0.81,677.095616,407.1953864523444
drag1,14,357.66882,1352.2957,1.3199999,428.42369199999996,1277.0392908458252
drag1,11,659.38947,327.82925,1.99,2675.871924,92.68855199571834
drag1,10,392.63644,324.8308,1.23,2036.810693,72.97650331898937
drag1,15,652.39594,104.945335,1.41,1879.655462,61.82202333996596
drag1,17,683.36725,1045.9552,0.95,2028.7783069999998,53.1458968988763
drag1,20,398.6309,1341.3989,1.42,1685.059,68.06520607124854
drag1,21,646.4015,1383.2795,1.02,2064.944308,61.0835404965856
drag1,16,381.64664,1060.4476,1.75,1799.488846,83.7754319714116
drag1,24,245.77243,96.9495,1.9599999,2302.5047689999997,74.76156531749349
drag1,26,528.71106,364.01263,1.11,1975.1061539999998,74.23261629875776
drag1,27,274.7456,318.83392,1.63,2103.177539,83.37161159138402
drag1,25,329.69473,239.87506,1.13,706.7886159999999,239.81155060057543
drag1,66,813.247,1486.2258,0.74,2826.0592309999997,36.16285261358226
drag1,41,586.457,1221.3639,1.3399999,2516.7120769999997,60.85420778555941
drag1,42,535.50415,1504.2166,0.97999996,1636.2467689999999,76.05690093500542
drag1,65,832.22943,1248.3497,0.96,2069.507923,82.2295528541572
drag1,36,281.73914,793.5867,1.55,2202.907846,64.90380496938141
drag1,38,582.4607,1088.4331,1.9699999,1748.838924,68.85774449414346
drag1,39,240.77705,1086.4341,1.38,2617.8004619999997,94.97584872384837
drag1,37,575.18445,775.60565,1.88,2524.9493079999997,76.69564386487396
drag1,16,642.4052,1189.3805,1.75,1249.558077,264.26952413431206
drag1,56,124.88437,1385.2784,1.23,1993.096462,62.123126607670066
drag1,20,418.6124,1408.2665,1.28,1596.606231,56.645331160667205
drag1,53,85.92044,1094.4299,1.24,1697.7225389999999,93.52855363273353
drag1,59,867.197,225.88235,2.01,3110.468308,82.6241706242856
drag1,30,551.4894,421.7803,1.51,2509.724077,124.6351232259967
drag1,29,443.58926,220.88495,1.78,1797.2003849999999,124.35471710522309
drag1,60,832.4103,530.0858,1.74,1708.064308,3.0018222689727874
drag1,33,528.5106,625.67413,1.3199999,1798.8242309999998,87.24669952942307
drag1,62,548.4921,626.6736,0.52,41.175461,432.0567092408125
drag1,61,793.2655,542.71735,1.61,2699.166385,120.49804691520596
drag1,34,497.5393,894.53406,1.23,2422.372693,92.54363248119375
drag1,6,383.64478,416.78293,1.42,2002.206539,110.03168387193834
drag1,48,135.87419,191.90005,1.01,1634.7133079999999,106.82405294334244
drag1,12,403.62628,191.9164,1.24,2158.6639999999998,75.26726484375958
drag1,49,328.69565,509.7345,1.38,1502.4226919999999,201.78736729401174
drag1,51,305.71692,571.7022,1.17,724.67,428.66045519779794
drag1,2,294.7271,662.65485,1.3399999,304.616,88.32326986700618
drag1,5,368.65866,952.5039,0.98999995,1367.571846,28.245306933017954
drag1,50,94.91212,676.6476,1.3299999,2484.63,97.7869628783382
drag1,37,572.4699,767.6002,1.18,2093.017461,68.28476110289706
drag1,64,810.6119,1064.8079,1.4499999,2077.652461,77.27438007575218
drag1,38,487.54858,1047.4545,1.61,2446.144616,127.58475272050347
drag1,63,804.0611,807.82947,1.4599999,1984.521462,97.5410889800594
drag1,29,528.5106,206.89224,2.09,2824.0943079999997,86.92336679273947
drag1,31,253.76503,419.78134,1.28,1930.928538,90.0922755185006
drag1,28,254.76411,180.90578,1.24,1768.3353069999998,110.02700260891763
drag1,30,508.52914,459.99347,1.4599999,2841.166769,101.88714522916848
drag1,42,520.51807,1491.2233,1.1899999,2752.773616,44.56548642016658
drag1,40,255.76318,1226.3612,1.54,2759.423308,94.84577632490073
drag1,41,510.52728,1215.367,1.27,1319.0355379999999,71.51056529760659
drag1,43,266.75302,1475.2316,1.27,1830.740001,72.9842537992009
drag1,45,297.72433,1579.1775,0.32999998,51.294923,140.4314779527724
drag1,82,300.72156,1609.1619,1.0699999,479.673,306.6349621292393
drag1,80,273.38916,1656.1373,1.1899999,784.5462309999999,4.656694647020688
drag1,44,566.47546,1380.5906,1.0799999,2150.28577,85.1409907364706
drag1,57,571.4709,1468.2352,0.89,164.199231,1306.9097137905128
drag1,26,520.51807,368.8079,2.02,2943.54477,110.43396774966628
drag1,58,835.2266,302.84225,1.4599999,1337.1426159999999,102.9701557032042
drag1,25,550.4903,104.945335,1.79,2475.0356159999997,80.10633241736521
drag1,64,832.22943,1050.4529,1.3,2710.785847,55.043422200507194
drag1,44,551.4894,1377.2826,1.4399999,1974.1908469999998,72.10732789416956
drag1,38,541.4986,1105.3309,1.16,1931.39077,84.99670809752946
drag1,67,842.22015,1400.7704,1.75,2022.7477689999998,48.30247778915181
drag1,9,845.2174,1255.3462,0.79999995,1133.262,589.6187011056646
drag1,53,675.37463,980.4893,0.84,1286.5626929999999,601.0544854937905
drag1,16,728.3256,1089.4596,1.3299999,837.245539,308.76822525936376
drag1,52,490.5458,1481.8512,0.98999995,907.511538,773.8473087762628
drag1,74,407.62256,1434.2529,0.91999996,469.380154,816.0558433662301
drag1,2,412.61795,608.683,1.54,1267.765385,58.45903005923506
drag1,3,442.5902,689.6408,0.47,31.87023,379.82759246795115
drag1,4,684.60657,626.6354,2.01,2945.4868469999997,50.165033136682425
drag1,5,375.65216,887.5377,1.42,1572.392539,96.06685338212728
drag1,9,368.65866,784.5914,1.56,1657.0866919999999,71.93047868233667
drag1,17,677.0834,1019.3104,1.28,2233.351385,89.88652116820025
drag1,16,377.65033,1021.46796,1.4499999,1625.0433839999998,95.39035461094171
drag1,7,653.395,750.609,1.4499999,1770.031538,120.81220205029011
drag1,4,715.33765,681.64496,1.22,1461.598307,69.92438727484769
drag1,10,374.6531,298.84433,1.28,2402.350308,120.25540738284067
drag1,2,358.6679,622.67566,1.13,1838.378154,74.81152092889967
drag1,11,689.3617,353.8157,1.39,2328.886077,105.37190849601278
drag1,4,703.34875,607.6835,1.3299999,1410.129846,57.84597341921458
drag1,18,407.62256,1144.4039,1.04,2651.001308,100.25846654576002
drag1,2,366.6605,608.683,1.55,2528.2442309999997,103.78438323003893
drag1,19,646.4015,1190.38,1.0,2383.5623849999997,78.28922138594362
drag1,13,648.39966,199.89589,1.77,2758.9011539999997,92.48221761111445
drag1,6,400.62906,473.75323,1.38,2092.657461,75.42577715405662
drag1,12,403.62628,143.92503,1.43,1901.257846,114.81270156404744
drag1,8,650.39777,419.78134,1.9699999,1879.6592309999999,82.21744059061363
drag1,19,610.4348,1172.3894,1.0799999,2223.4910769999997,101.9546173780292
drag1,22,381.64664,1449.2451,1.14,1738.417923,98.90820770405749
drag1,18,332.69196,1200.3748,1.22,2514.6017699999998,133.53389839298572
drag1,23,640.86285,1466.9731,1.16,2341.495,112.81693661834112
drag1,14,365.66144,96.9495,1.8399999,2578.306231,91.2680307825762
drag1,11,647.4006,328.82874,1.11,1667.077693,85.33583985115467
drag1,10,421.60962,346.81937,1.6899999,2362.790385,90.02250528655705
drag1,15,615.4302,80.95783,1.31,1931.1428469999998,72.8955323745383
drag1,17,660.38855,1060.4476,1.0799999,2098.045616,81.48893503123674
drag1,20,397.33954,1331.575,1.36,1624.727924,78.30271915296152
drag1,21,380.64755,1394.2738,0.48999998,40.788077,304.19894805866767
drag1,16,340.68454,1020.4685,1.31,2597.528616,131.97741718822564
drag1,24,222.79372,93.951065,1.9,2975.216001,114.89183722346105
drag1,26,544.49585,284.3871,1.2099999,2127.155539,110.57092776704646
drag1,27,246.77151,324.8308,1.1999999,2272.126847,109.93612981697419
drag1,25,504.53284,56.970325,1.0699999,2244.559154,86.44021499590886
drag1,66,822.23865,1422.2592,1.13,3048.8143069999996,106.10065530375516
drag1,41,522.5162,1184.383,1.53,1787.08577,98.80914499317957
drag1,42,491.54486,1515.7104,1.26,1806.924385,58.94324447930861
drag1,65,772.2849,1200.3748,1.7099999,3399.6491539999997,136.52349176943332
drag1,36,241.77614,772.5976,1.27,2727.5740769999998,89.93118956002697
drag1,38,486.5495,1046.455,1.65,1829.084693,78.07168616418078
drag1,39,218.29788,1033.9614,1.51,1482.1831539999998,101.07189666801173
drag1,37,534.50507,790.5882,0.98999995,1891.991308,107.9118001050279
drag1,16,543.17035,1037.153,1.73,1554.340231,166.33071773649664
drag1,56,517.0674,1418.5677,0.89,784.487385,415.64305771551756
drag1,20,395.63367,1297.3242,1.93,1799.467385,128.7562876874874
drag1,53,87.918594,1060.4476,1.8,1757.812385,110.1279573804759
drag1,59,819.24146,212.88911,2.18,3376.375462,111.75206737940766
drag1,30,532.50696,555.7106,1.06,1970.259,32.00580272576723
drag1,29,525.5134,247.8709,0.9,1828.2063079999998,79.19404975492162
drag1,60,779.4697,462.75897,0.85999995,2045.9756929999999,78.1161190454753
drag1,33,517.5208,569.70325,1.22,2097.465077,80.39976096565225
drag1,62,799.25995,909.0224,0.95,2269.9688459999998,82.02115627370351
drag1,61,774.2831,639.6668,0.85999995,1501.9121539999999,87.02000004317213
drag1,34,512.52545,902.5299,0.90999997,2390.959077,76.8099795466597
drag1,6,410.6198,466.7569,1.03,1646.1012309999999,71.90492854477493
drag1,48,113.79339,191.59647,1.3,2180.688077,92.25428210145883
drag1,12,385.8408,211.69167,0.94,1512.5936159999999,72.34147327984228
drag1,49,88.91767,456.7621,1.16,1500.454692,74.21341174121991
drag1,51,50.95282,901.53046,1.06,1718.749231,62.3605566423749
drag1,2,377.65033,553.7116,1.3299999,1869.962077,131.0403137777273
drag1,5,398.6309,882.54034,0.83,1381.6998469999999,84.19308485882416
drag1,50,94.91212,636.6684,1.12,1820.5676919999999,84.17139948442721
drag1,37,581.4616,743.6127,1.22,1705.370616,67.65273548132217
drag1,64,863.913,1025.3701,1.06,1583.015077,78.66081376870545
drag1,38,545.9945,1033.9614,1.04,1267.342693,98.00571999625194
drag1,63,528.5106,1086.4341,0.31,19.737538999999998,404.0853870161602
drag1,29,537.5023,196.89745,1.8199999,4064.5661539999996,96.68107736813934
drag1,31,252.76596,518.72986,0.95,1503.296308,71.14930368286203
drag1,28,235.78168,220.88495,1.1899999,1544.7379999999998,81.83492893227974
drag1,30,496.54025,424.5977,1.75,1279.419924,92.20940987719851
drag1,42,546.494,1501.218,1.0699999,2804.429924,47.18951238693451
drag1,40,281.73914,1234.357,1.66,2354.110231,48.28162086523386
drag1,41,488.54764,1212.3685,0.96,1544.808769,92.06003020436873
drag1,43,245.77243,1486.2258,1.9699999,2375.8362309999998,66.151724961319
drag1,45,235.87277,1342.0289,1.9599999,2420.329385,93.33604153364055
drag1,82,518.5199,1647.1421,1.4,2260.630077,80.91038995049352
drag1,80,453.58002,1676.127,1.49,634.624154,194.24083155251876
drag1,44,511.52637,1338.303,1.79,2116.866693,99.25341994656235
drag1,57,801.07587,75.41344,1.5999999,3370.861461,83.77688083359958
drag1,26,527.5116,398.7923,1.67,2027.882308,46.69194928270508
drag1,58,877.68726,332.3269,1.39,1073.720308,94.56721113235403
drag1,25,534.50507,89.95315,1.8199999,2502.283539,43.82111395626749
drag1,64,768.28864,1013.4721,1.1899999,2073.626307,92.89268987833432
drag1,44,757.2988,1116.4185,1.1999999,602.849615,357.0573490203017
drag1,38,788.27014,1178.3862,0.55,59.887231,236.22235287965447
drag1,67,823.23773,1386.278,1.04,1766.4009999999998,72.52173206835863
drag1,9,398.6309,750.609,1.1,2589.396308,127.99768040611421
drag1,53,121.887146,1099.4274,1.25,2576.897308,37.26371816364034
drag1,16,422.6087,1036.4602,0.97999996,2705.840384,66.12037409920212
drag1,52,128.88066,787.5898,1.16,2303.4717689999998,55.84760285959023
drag1,74,961.8434,780.3275,0.91999996,2571.197616,83.70894488049329
drag1,17,708.3441,1049.4534,1.2099999,2458.358538,73.87234335591768
drag1,75,911.1564,1055.4503,0.85999995,1164.628769,77.67754804221929
drag1,7,642.4052,765.60126,1.56,1810.3408459999998,92.92802609760051
drag1,70,915.15265,235.87224,1.62,2426.3141539999997,103.67931854437475
drag1,8,673.3765,483.74805,1.25,1828.6349229999998,73.65026175725848
drag1,13,657.3913,224.88287,1.61,1951.2701539999998,81.81752195310133
drag1,71,915.15265,499.73972,1.39,2131.606538,59.02609037516116
drag1,78,947.12305,1376.2831,1.18,1972.6692309999999,46.30624586819844
drag1,83,686.3645,1644.6434,0.94,1901.656924,62.03263295022917
drag1,21,690.3608,1355.2941,1.4599999,2016.9260769999999,65.00692270958434
drag1,85,945.1249,1646.1426,0.97999996,2198.2923849999997,133.44142045625972
drag1,19,660.38855,1225.3618,1.55,2303.5486929999997,108.74600877323117
drag1,77,924.1443,1579.1775,1.37,2339.5090769999997,55.34440092375639
drag1,76,961.1101,1223.3628,1.22,1297.753692,97.92113314336248
drag1,23,667.3821,1590.1718,1.1899999,2423.4971539999997,41.365012858319254
drag1,15,687.4158,100.895164,1.03,2799.881462,43.22517489843098
drag1,69,929.1397,418.78186,1.26,1257.104692,9.179237296244963
drag1,11,655.3671,353.78964,1.2099999,1287.059692,88.90964975949069
drag1,68,964.15875,89.901665,1.56,2371.297692,102.07186792773577
drag1,21,679.371,1361.291,1.17,2812.882385,78.63467716454528
drag1,75,905.16187,1086.2542,1.17,2292.918,94.78355497677619
drag1,17,679.3367,997.429,1.1899999,1603.829307,103.22385855231684
drag1,78,877.1878,1374.2842,1.15,1920.898769,76.14040310101473
drag1,54,102.90472,1201.3743,1.42,2163.5329229999998,61.91884317386686
drag1,22,332.69196,1513.2118,1.12,1697.323615,63.76032891947089
drag1,18,413.61703,1178.3862,1.13,1900.616615,94.16233335968406
drag1,55,77.20799,1469.0732,1.1999999,2134.069923,83.46018851153704
drag1,67,826.235,1362.2904,1.4399999,2687.0852299999997,79.48920863128107
drag1,82,548.4921,1696.1166,1.09,3620.384154,59.91013632624352
drag1,84,785.8984,1656.1373,0.74,2546.490308,72.99359584065404
drag1,44,483.55228,1296.4366,1.0699999,2442.075,96.97402321961759
drag1,38,504.53284,1383.2795,0.61,30.305691999999997,258.49564793241683
drag1,45,206.80852,1347.2982,1.1899999,2543.740077,64.25777318379502
drag1,44,502.5347,1330.3071,1.22,2209.024539,72.96098053317502
drag1,39,221.79463,1043.4565,1.4499999,2732.769616,85.91229967727324
drag1,56,103.40425,1311.8169,1.56,1920.9972309999998,62.77974391794615
drag1,81,396.63275,1690.1196,1.3299999,3181.178846,57.240426814362394
drag1,20,377.49536,1330.3846,1.42,2891.1133849999997,94.71899433810543
drag1,79,125.88344,1626.153,1.3,1757.8831539999999,88.76945499643638
drag1,33,551.4894,651.6606,1.4499999,3218.982154,95.80546631965433
drag1,35,271.74838,929.51587,2.02,2168.655539,64.71992383077426
drag1,34,508.52914,844.5601,1.36,3092.706693,106.19136060472033
drag1,32,237.77983,586.6944,1.4,2425.706385,112.96168658843573
drag1,9,211.8039,614.6798,0.34,30.796308,257.4490240804964
drag1,8,338.6864,596.6892,1.03,559.91,276.48375858789655
drag1,6,403.62628,489.7449,1.4599999,1204.455,124.91998543169828
drag1,7,614.4311,706.63196,1.54,1705.0246929999998,121.12389286666658
drag1,14,485.5504,540.7184,1.23,1191.223154,468.37321045421436
drag1,47,111.78923,391.68872,1.5999999,3453.307923,90.57666562971582
drag1,46,94.91212,118.93805,1.64,2193.032539,63.83707261406886
drag1,10,377.65033,332.82663,1.1899999,2178.7314619999997,72.1631078934812
drag1,4,687.3635,578.6986,1.35,2030.066231,92.06747342858058
drag1,73,951.1193,955.5023,1.3299999,2487.1887699999997,42.464275224931306
drag1,72,938.337,607.4923,1.1,1788.537077,102.99134438191747
drag1,3,696.3552,947.5065,1.52,2221.180384,61.580859042141064
scale1,27,0.0,1297.831385
scale1,27,4.0127907,1267.314616
scale1,46,19.810684,1022.094154
scale1,26,-0.34186363,1378.381077
scale1,4,-0.34186363,1335.824077
scale1,43,4.2849083,2225.7044619999997
scale1,25,-146.05222,2368.164616
scale1,42,-7.6369743,2329.874692
scale1,23,5.248375,2338.7570769999998
scale1,5,5.248375,1030.223154
scale1,24,-3.2145653,2654.3092309999997
scale1,19,-139.25287,1906.775077
scale1,2,-139.25287,917.121
scale1,44,-143.4427,1878.959924
scale1,65,-36.031174,1656.030077
scale1,45,-116.215576,1816.5320769999998
scale1,28,-8.423321,1806.3052309999998
scale1,13,18.547222,1522.966
scale1,56,-135.27531,1757.987385
scale1,40,6.3771515,1706.4998469999998
scale1,41,-2.1603928,2408.907846
scale1,6,-2.1603928,999.7355389999999
scale1,51,11.749294,1772.289
scale1,36,10.929268,2462.090385
scale1,21,133.87325,1286.543923
scale1,8,-2.4516335,3259.079077
scale1,57,-2.4516335,61.062461
scale1,39,-123.10639,2289.130385
scale1,9,16.568447,1327.8085389999999
scale1,58,-91.43068,1715.1529229999999
scale1,47,26.985203,1513.8860009999999
scale1,1,26.985203,1692.616615
scale1,35,1.5227737,2015.451539
scale1,3,1.5227737,1104.707077
scale1,17,1.5227737,559.528461
scale1,53,-142.12732,1275.5316149999999
scale1,27,-4.0304546,2325.522923
scale1,46,0.7221794,1410.554924
scale1,26,-123.342255,2217.874308
scale1,4,-123.342255,1898.494385
scale1,27,0.0,957.971923
scale1,27,0.46149445,1093.771
scale1,46,-10.808023,2400.15523
scale1,26,1.8582001,1716.354769
scale1,4,-144.76239,1510.396154
scale1,43,35.59107,1184.6270769999999
scale1,25,19.585224,1746.051923
scale1,42,-3.616047,1633.7936149999998
scale1,23,37.606716,1256.168154
scale1,5,464.41324,2075.268462
scale1,24,-12.774147,1471.210461
scale1,19,-126.39614,1971.145462
scale1,2,15.082306,2053.185231
scale1,44,15.082306,70.03515399999999
scale1,27,-4.740017,2636.001154
scale1,46,-4.5895214,1716.704385
scale1,26,0.73594666,2472.178692
scale1,4,-134.58325,2603.104308
scale1,43,35.234116,1972.2347699999998
scale1,25,-4.573677,2471.354308
scale1,42,22.913841,1246.090307
scale1,23,3.9300156,1531.419539
scale1,5,-157.26695,1206.1090769999998
scale1,24,-157.26695,30.485229999999998
scale1,19,-144.0,293.831693
scale1,2,-144.0,69.272615
scale1,27,2.3724632,1715.336308
scale1,46,0.5710144,1797.817462
scale1,26,2.545292,1847.8733849999999
scale1,4,-4.3173523,1450.8855389999999
scale1,43,10.926178,1838.4684619999998
scale1,25,-204.86609,2653.025231
scale1,42,-9.791428,1489.922
scale1,23,-0.5484581,1715.932462
scale1,5,2.0833511,1430.165154
scale1,24,7.5395393,1869.987692
scale1,19,-211.63507,2615.159462
scale1,2,17.68792,1334.5249999999999
scale1,44,4.9863167,2073.20423
scale1,65,-26.892883,2663.404462
scale1,45,-5.381756,1245.220307
scale1,28,24.14685,1113.066769
scale1,13,219.65034,2124.651077
scale1,56,-9.556131,1316.524847
scale1,40,-10.051271,1298.273385
scale1,41,-3.7887554,1185.534077
scale1,6,85.23042,1175.747077
scale1,51,-14.902525,1542.768077
scale1,36,5.4340096,1093.409384
scale1,21,1.764267,1369.275385
scale1,8,2.6134071,3147.388615
scale1,57,35.1614,1450.984231
scale1,39,-8.469086,1398.06323
scale1,9,-1.6503353,1441.3780769999998
scale1,58,9.568165,1277.4450769999999
scale1,47,-11.7638855,1377.680924
scale1,1,347.37363,2411.751077
scale1,35,-16.335949,1399.8851539999998
scale1,3,-11.945589,1888.751384
scale1,17,-0.75699234,2023.8875389999998
scale1,53,-17.883476,1275.7256149999998
scale1,34,-2.408083,1542.279231
scale1,18,-8.133608,1624.0510769999999
scale1,50,0.9782295,1542.5483849999998
scale1,62,24.011032,1400.243
scale1,66,24.011032,41.888692
scale1,20,-139.2926,538.138076
scale1,37,-3.0794678,1273.801001
scale1,32,4.9299774,1078.145
scale1,31,-205.45181,1562.7686159999998
scale1,49,20.888168,1308.063615
scale1,7,-2.7041817,1379.922538
scale1,15,117.30226,1050.866308
scale1,10,13.712688,1294.278077
scale1,60,22.966644,1695.8300769999998
scale1,63,28.029762,1471.345
scale1,59,-13.794519,1797.0173069999998
scale1,55,11.56572,1705.735923
scale1,14,-7.5077133,1756.7673849999999
scale1,12,-7.6587753,1848.372693
scale1,54,11.4828415,1379.774847
scale1,52,40.248997,1204.246077
scale1,48,8.2377205,1233.0297699999999
scale1,30,-10.535374,1348.544847
scale1,16,-5.8714027,1247.4574619999999
scale1,11,-0.345829,1971.634
scale1,61,30.118504,1827.8980769999998
scale1,38,-0.4135666,1653.579154
scale1,29,24.371006,1337.147385
scale1,64,14.234779,1686.519693
scale1,22,24.966534,1451.3880769999998
scale1,33,4.915489,1164.790923
scale1,33,4.915489,30.517460999999997
scale2,25,115.69783,2224.662308
scale2,9,-2.5032864,3339.7604619999997
scale2,28,5.6759663,3155.9656919999998
scale2,10,-1.071722,3665.558923
scale2,29,7.002039,3931.123154
scale2,12,-4.4417896,3206.479769
scale2,30,-12.473883,4369.516385
scale2,13,11.252295,4247.621846
scale2,32,10.970942,3044.579308
scale2,15,5.179098,3218.932923
scale2,34,13.690624,2911.080615
scale2,17,-465.95847,3858.637923
scale2,25,-7.0614567,3993.780154
scale2,25,20.980877,1827.2918459999999
scale2,9,2.9385338,2888.728154
scale2,28,2.882515,2971.328539
scale2,10,-32.96236,3869.0310769999996
scale2,29,9.580416,3482.702769
scale2,12,-2.1144905,4255.84177
scale2,30,12.102081,4830.344231
scale2,13,-6.3974133,3727.37677
scale2,32,19.678093,4216.207923
scale2,15,-2.0694866,5515.113614999999
scale2,34,10.460541,4613.160078
scale2,17,-461.94473,4063.0441539999997
scale2,1,-461.94473,377.991539
scale2,20,-436.21155,701.415847
scale2,25,-9.473791,3938.527924
scale2,9,9.556057,4075.8694619999997
scale2,28,13.973991,3104.304769
scale2,10,-464.8543,3512.878308
scale2,29,-4.4968014,3920.983077
scale2,12,-243.24588,2274.704616
scale2,30,-10.706017,4532.125692
scale2,13,2.318676,3315.663616
scale2,32,5.7667294,2539.604539
scale2,15,-467.90018,2919.214231
scale2,34,-460.93936,2306.839462
scale2,17,-460.93936,68.516307
scale2,1,-221.32066,1446.1379239999999
rotate1,9,3.1918755,2714.492001
rotate1,4,1.2043476,1808.0447689999999
rotate1,13,1.3003044,1665.38277
rotate1,6,1.3590908,2157.18377
rotate1,15,9.574247,2778.726769
rotate1,2,-0.8309145,2113.348231
rotate1,10,-0.8309145,193.177923
rotate1,5,7.356142,1048.496692
rotate1,9,-0.17642307,1991.149307
rotate1,4,0.8742981,3735.9226919999996
rotate1,13,2.0849743,1714.099231
rotate1,6,2.1935692,1479.372385
rotate1,15,0.5954895,2349.5266149999998
rotate1,2,0.70087624,2733.5077699999997
rotate1,10,0.8955765,1654.110154
rotate1,5,-0.12919998,3615.2905389999996
rotate1,14,3.092125,2227.741308
rotate1,8,3.6934643,2207.146616
rotate1,11,1.2471085,1929.0420769999998
rotate1,7,1.2471085,91.886769
rotate1,1,2.2940636,1264.344154
rotate1,12,0.44411469,1459.777693
rotate1,3,-0.07879448,2298.669615
rotate2,2,-1.5567856,3206.452154
rotate2,13,57.03714,5025.053846
rotate2,8,-249.27246,3278.4364619999997
rotate2,3,-249.27246,10.847230999999999
rotate2,2,-2.4627533,3359.252462
rotate2,13,-2.363388,4085.259154
rotate2,8,-2.5327454,3460.760078
rotate2,3,0.438591,3563.673769
rotate2,7,-1.7116699,3962.5225389999996
rotate2,12,0.34178162,2695.88377
rotate2,1,-0.3750229,3511.4845379999997
rotate2,11,1.2821655,3265.758769
rotate2,6,-3.769844,4461.544615
rotate2,10,-3.516594,4063.060384
rotate2,5,1.6097565,3983.733077
rotate2,15,1.6097565,113.989769
rotate2,9,1.6097565,109.806384
rotate2,4,1.6097565,49.017077
rotate2,14,1.6097565,28.556691999999998
rotate2,2,0.7429657,3519.347616
rotate2,13,4.8676987,3613.164385
rotate2,8,-6.884865,5573.903539
rotate2,3,-2.8332214,3889.2873839999997
rotate2,7,7.389862,4582.994307999999
rotate2,12,1.6041336,3533.705308
rotate2,1,-1.0578461,3421.913462
rotate2,11,3.3186111,4330.122846
rotate2,6,1.6071854,3706.89
rotate2,10,1.6071854,48.090077
rotate2,5,3.8750916,3795.6792309999996
rotate2,15,-2.298584,5985.015923
rotate2,9,-1.3416138,3909.3964619999997
rotate2,4,-1.5892105,3266.665385
rotate2,14,1.5552292,3860.59977
scale2,25,-1.1679611,4491.750308
scale2,9,66.239624,3338.0106149999997
scale2,28,2.705017,3776.142539
scale2,10,3.101366,4034.147154
scale2,29,8.970377,2910.4522309999998
scale2,12,-3.9797916,3370.496154
scale2,30,-1.5918789,4870.400692
scale2,13,3.7059917,4063.795615
scale2,32,9.541958,4195.3436919999995
scale2,15,69.81759,2631.1291539999997
scale2,34,6.7585773,2828.1586159999997
scale2,17,26.134735,2715.654461
scale2,1,10.255474,3655.6518459999998
scale2,20,4.735794,4166.486846
scale2,3,15.1222515,2681.8114619999997
scale2,24,3.1160316,4133.841077
scale2,16,20.106417,3970.135539
scale2,2,-2.8942223,4184.606693
scale2,23,20.686306,3551.4873079999998
scale2,7,0.41548347,4071.297693
scale2,11,-2.1165047,4636.854846
scale2,14,-3.3227978,4695.9900769999995
scale2,26,6.427122,3225.638077
scale2,35,3.9163456,4409.917614999999
scale2,21,-15.458239,5411.125153999999
scale2,22,17.103493,4174.084846
scale2,27,-3.6381397,2237.182923
scale2,36,3.09268,2284.920616
scale2,31,21.837147,3141.844385
scale2,19,12.055,2571.201923
scale2,4,-20.632301,3103.599692
scale2,8,47.048264,3520.347769
scale2,5,-44.71574,4890.623539
scale2,33,-4.983032,4255.765230999999
scale2,18,-12.611916,3397.0873079999997
scale2,6,434.80865,3054.139308
