rotate2,2,-53.903564,2452.7422309999997
rotate2,13,16.158821,1747.161615
rotate2,8,-0.582695,2400.089308
rotate2,3,11.026268,2045.7301539999999
rotate2,7,1.9739227,1992.8145379999999
rotate2,12,10.850998,1471.372154
rotate2,1,0.9284897,2051.27177
rotate2,11,-4.298149,2034.745847
rotate2,6,5.6655884,1735.751923
rotate2,10,5.6655884,43.55423
rotate2,5,-66.96469,592.284
rotate2,2,-2.3446045,1952.221846
rotate2,13,-6.4363174,2146.145692
rotate2,8,4.0476913,2108.08423
rotate2,3,0.073020935,2062.855616
rotate2,7,-3.0282135,2086.236769
rotate2,12,-11.048985,1809.812923
rotate2,1,-11.048985,71.613231
rotate2,11,-75.187584,387.695538
rotate2,2,4.2641068,1131.5800769999998
rotate2,13,-35.767647,706.610769
rotate2,8,-12.905979,1419.6417689999998
rotate2,3,-1.8682785,1585.539385
rotate2,7,0.6358795,1225.278308
rotate2,12,5.0976257,1248.8762299999999
rotate2,1,-75.091805,1688.516308
rotate2,11,4.51915,1435.4213849999999
rotate2,6,-2.8043594,1472.905462
rotate2,10,9.130791,1178.945
rotate2,5,-9.898766,1614.7464619999998
rotate2,15,-10.195969,1411.334692
rotate2,9,-8.979492,1454.9662309999999
rotate2,4,-5.009529,1618.5376159999998
rotate2,14,-1.86483,1646.6388459999998
rotate1,9,5.443676,702.409308
rotate1,4,6.0690613,732.593077
rotate1,13,9.5335045,647.572462
rotate1,6,9.301764,783.6759999999999
rotate1,15,12.160427,543.2094609999999
rotate1,2,-0.08802986,661.999384
rotate1,10,9.787985,712.781307
rotate1,5,-0.7661886,745.851539
rotate1,14,4.2409687,685.661923
rotate1,8,-3.2538605,743.395539
rotate1,11,7.0083103,743.810923
rotate1,7,2.604723,743.671385
rotate1,1,1.2646084,776.819385
rotate1,12,0.2985096,681.652846
rotate1,3,6.585432,866.688
tap2,6,138,480,149.86124,530.7236,1.09,1567321929317
tap2,7,759,1101,797.2618,1126.4133,1.2099999,1567321930530
tap2,8,138,1101,166.84552,1181.3846,0.78999996,1567321931625
tap2,9,759,480,842.22015,517.73035,1.13,1567321932595
tap2,164,0,687,76.92877,761.60333,0.90999997,1567321933760
tap2,183,621,1308,679.371,1387.2775,0.69,1567321935149
tap2,182,0,1308,49.953747,1367.2878,0.66999996,1567321936160
tap2,163,621,687,690.3608,710.6299,0.89,1567321937283
tap2,242,345,66,416.61426,108.94325,0.96,1567321938529
tap2,243,552,1032,647.4006,1086.4341,0.83,1567321939704
tap2,244,345,1032,448.58466,1020.4685,0.90999997,1567321940654
tap2,245,552,66,621.4246,88.95367,1.27,1567321941838
tap2,42,69,411,179.8335,436.7725,1.01,1567321942901
tap2,43,690,1032,753.3025,1030.4633,0.91999996,1567321944065
tap2,45,690,411,728.3256,434.77356,0.71,1567321945076
tap2,44,69,1032,143.86679,1044.4559,0.85999995,1567321946067
tap2,322,345,756,385.6429,723.6231,0.88,1567321947037
tap2,321,483,1653,582.4607,1703.1129,0.85999995,1567321948028
tap2,316,345,1653,382.6457,1676.127,1.0,1567321949100
tap2,323,483,756,528.5106,808.57886,1.0699999,1567321949978
tap2,2,138,549,246.77151,562.7069,1.13,1567321950877
tap2,3,759,1170,830.23126,1198.3759,0.97999996,1567321951929
tap2,4,138,1170,170.84181,1202.3738,0.78,1567321952909
tap2,5,759,549,869.1952,612.6809,0.78999996,1567321953900
tap2,11,759,1032,810.24976,1078.4382,0.87,1567321954922
tap2,10,138,411,207.80759,387.798,0.81,1567321956004
tap2,12,138,1032,219.79648,1052.4518,0.97999996,1567321956994
tap2,13,759,411,768.28864,437.77197,1.0799999,1567321958016
tap2,15,759,963,797.2618,1007.4752,0.95,1567321959068
tap2,14,138,342,222.79372,360.81207,0.89,1567321960100
tap2,17,759,342,822.23865,355.81467,1.22,1567321961162
tap2,16,138,963,190.82332,997.48047,0.98999995,1567321962040
tap2,122,207,66,282.73822,92.951584,1.12,1567321963164
tap2,123,828,687,915.15265,725.6221,1.14,1567321964359
tap2,124,207,687,250.7678,696.63715,1.02,1567321965492
tap2,125,828,66,882.18317,86.95471,0.97999996,1567321966605
tap2,135,621,1170,691.35986,1180.3851,0.95,1567321967576
tap2,134,0,549,94.91212,560.70795,0.98999995,1567321968638
tap2,136,0,1170,53.950047,1202.3738,0.75,1567321969700
tap2,137,621,549,712.34045,554.71106,1.0,1567321970752
tap2,130,69,66,140.86957,116.939095,0.96,1567321971916
tap2,131,690,687,747.30804,720.62463,0.95,1567321972897
tap2,133,690,66,721.3321,114.94013,1.02,1567321973990
tap2,132,69,687,104.90287,673.6491,0.96999997,1567321974776
tap2,127,759,687,876.1887,670.6507,0.96,1567321975777
tap2,126,138,66,217.79834,133.93024,0.9,1567321976880
tap2,128,138,687,209.80574,700.6351,0.98999995,1567321977881
tap2,129,759,66,802.2572,101.9469,1.11,1567321978902
tap2,18,138,273,208.80666,275.85632,0.97999996,1567321979914
tap2,19,759,894,807.25256,915.52313,0.96999997,1567321980905
tap2,20,138,894,203.81128,881.54083,0.87,1567321981762
tap2,21,759,273,811.24884,277.8553,0.93,1567321982815
tap2,35,828,1170,864.1998,1194.3779,0.96999997,1567321983642
tap2,34,207,549,264.75485,561.70746,0.91999996,1567321984561
tap2,36,207,1170,242.7752,1172.3894,0.81,1567321985368
tap2,37,828,549,845.2174,609.68243,0.89,1567321986298
tap2,26,138,135,205.80943,106.9443,0.96999997,1567321987196
tap2,27,759,756,856.2072,757.6054,0.97999996,1567321988024
tap2,28,138,756,227.7891,723.6231,0.82,1567321988861
tap2,29,759,135,761.2951,156.91827,0.96999997,1567321989811
tap2,43,690,1032,743.31177,994.482,0.72999996,1567321990659
tap2,42,69,411,81.92415,406.78812,0.78999996,1567321991507
tap2,45,690,411,773.284,483.74805,1.11,1567321992446
tap2,44,69,1032,140.86957,1046.455,0.77,1567321993274
tap2,24,138,825,188.82516,797.5846,0.96999997,1567321994091
tap2,25,759,204,818.2424,192.89952,0.94,1567321994908
tap2,22,138,204,236.78076,227.8813,0.98999995,1567321995837
tap2,23,759,825,828.2331,766.6007,0.94,1567321996706
tap2,38,69,480,150.86032,453.76364,0.78999996,1567321997584
tap2,39,690,1101,730.3238,1102.4258,0.88,1567321998432
tap2,40,69,1101,131.8779,1074.4404,0.77,1567321999310
tap2,41,690,480,770.2868,421.7803,0.81,1567322000127
tap2,33,690,549,742.3127,567.7043,0.97999996,1567322001088
tap2,32,69,1170,172.83997,1133.4097,0.82,1567322001915
tap2,30,69,549,150.86032,546.7152,0.64,1567322002926
tap2,31,690,1170,729.3247,1274.3363,0.87,1567322003774
tap2,46,69,342,153.85754,307.83966,1.03,1567322004683
tap2,47,690,963,768.28864,1010.4737,0.85999995,1567322005480
tap2,48,69,963,118.889915,920.52057,0.63,1567322006338
tap2,49,690,342,739.3154,326.82977,1.09,1567322007134
tap2,108,276,963,310.7123,938.51117,0.96,1567322007993
tap2,231,897,1584,967.10455,1598.1676,0.76,1567322009004
tap2,230,276,1584,291.7299,1600.1665,0.82,1567322009811
tap2,107,897,963,943.1267,968.49554,0.84999996,1567322010669
tap2,143,621,1032,702.3497,983.48773,0.78,1567322011486
tap2,232,0,1653,103.90379,1640.1458,0.83,1567322012375
tap2,233,621,1653,640.40704,1599.1671,0.9,1567322013212
tap2,144,0,1032,69.93524,1054.4508,0.74,1567322014295
tap2,44,69,1032,173.83904,1034.4612,0.90999997,1567322015214
tap2,235,690,1653,708.3441,1654.1384,1.02,1567322016144
tap2,43,690,1032,753.3025,1103.4253,1.01,1567322016981
tap2,234,69,1653,149.86124,1652.1395,0.71999997,1567322017890
tap2,12,138,1032,165.84644,1024.4664,0.84,1567322018809
tap2,237,759,1653,769.2877,1625.1536,0.95,1567322019729
tap2,11,759,1032,798.26086,1099.4274,0.84,1567322020597
tap2,236,138,1653,211.8039,1615.1587,0.77,1567322021465
tap2,238,207,1653,287.73358,1630.1509,1.04,1567322022385
tap2,67,828,1032,820.24054,1130.4113,0.84999996,1567322023253
tap2,68,207,1032,313.70953,1058.4487,0.78999996,1567322024070
tap2,239,828,1653,889.1767,1669.1306,0.89,1567322024918
tap2,104,276,1032,340.68454,990.4841,0.95,1567322025725
tap2,241,897,1653,928.1406,1676.127,0.84,1567322026613
tap2,240,276,1653,315.70767,1673.1285,0.71999997,1567322027451
tap2,103,897,1032,936.13324,1082.4362,0.79999995,1567322028288
tap2,50,69,273,139.87048,281.85318,0.91999996,1567322029259
tap2,51,690,894,767.28955,909.52625,0.78999996,1567322030137
tap2,52,69,894,102.90472,913.5242,0.93,1567322030995
tap2,53,690,273,736.31824,312.83707,0.88,1567322031935
tap2,55,690,825,763.2933,796.5851,0.93,1567322032834
tap2,54,69,204,133.87604,245.87193,0.96,1567322033845
tap2,56,69,825,83.922295,831.5669,0.94,1567322034764
tap2,57,690,204,710.3423,191.90005,1.09,1567322035684
tap2,59,690,756,793.2655,697.63666,0.72999996,1567322036541
tap2,58,69,135,167.84459,176.90785,0.83,1567322037624
tap2,61,690,135,744.31085,163.91463,0.89,1567322038605
tap2,60,69,756,108.89917,714.6278,0.93,1567322039534
tap2,62,207,480,280.74005,473.75323,0.85999995,1567322040464
tap2,63,828,1101,861.2026,1109.4221,0.78,1567322041424
tap2,64,207,1101,277.74283,1103.4253,0.9,1567322042282
tap2,65,828,480,904.16284,447.76678,0.84999996,1567322043232
tap2,290,345,480,395.63367,527.72516,0.87,1567322044131
tap2,291,552,1446,589.4542,1498.2196,0.87,1567322044948
tap2,293,552,480,627.41907,469.7553,0.90999997,1567322045847
tap2,292,345,1446,393.63553,1514.2113,0.59999996,1567322046684
tap2,141,621,480,745.3099,471.75427,0.96,1567322047532
tap2,295,414,1446,481.5541,1498.2196,0.74,1567322048278
tap2,294,414,480,533.50604,467.75638,0.95,1567322049115
tap2,203,621,1446,677.3728,1510.2134,0.88,1567322049963
tap2,297,483,1446,543.49677,1467.2357,0.78,1567322050719
tap2,41,690,480,793.2655,494.7423,0.84,1567322051598
tap2,296,483,480,520.51807,457.76157,0.87,1567322052405
tap2,205,690,1446,734.32007,1479.2295,0.84,1567322053171
tap2,319,414,1653,448.58466,1643.1442,0.78999996,1567322053978
tap2,325,552,756,597.44684,745.61163,0.72999996,1567322054856
tap2,324,414,756,469.56522,796.5851,0.94,1567322055663
tap2,315,552,1653,564.47736,1682.1239,0.71999997,1567322056491
tap2,298,345,549,382.6457,615.6793,0.89,1567322057441
tap2,299,552,1515,617.4283,1523.2067,0.83,1567322058279
tap2,301,552,549,634.4126,581.697,0.79999995,1567322059157
tap2,300,345,1515,384.64386,1527.2046,0.87,1567322060005
tap2,326,345,825,414.6161,858.5528,0.94,1567322060802
tap2,256,483,135,556.48474,208.8912,0.9,1567322061732
tap2,250,345,135,398.6309,169.9115,0.89,1567322062682
tap2,327,483,825,541.4986,901.53046,0.95,1567322063478
tap2,67,828,1032,889.1767,1123.4149,0.85999995,1567322064306
tap2,66,207,411,264.75485,414.78397,0.96999997,1567322065389
tap2,68,207,1032,253.76503,1059.4481,0.79999995,1567322066237
tap2,69,828,411,850.21277,503.7376,0.9,1567322067156
tap2,72,207,963,299.72247,1053.4513,0.91999996,1567322068004
tap2,73,828,342,875.18964,398.7923,1.15,1567322068964
tap2,70,207,342,272.74747,400.79126,1.06,1567322069976
tap2,71,828,963,858.2054,1052.4518,0.9,1567322070905
tap2,76,207,894,281.73914,918.5216,1.06,1567322071784
tap2,77,828,273,925.1434,262.8631,0.98999995,1567322072754
tap2,74,207,273,311.71136,352.81622,1.15,1567322073766
tap2,75,828,894,848.2146,986.4862,1.27,1567322075022
tap2,80,207,825,357.66882,812.5768,0.97999996,1567322075839
tap2,81,828,204,865.1989,278.85477,1.04,1567322076861
tap2,78,207,204,263.7558,209.89067,1.04,1567322077974
tap2,79,828,825,914.15356,844.5601,0.79999995,1567322078761
tap2,84,207,756,329.69473,744.6122,1.1,1567322079681
tap2,85,828,135,865.1989,172.90994,1.06,1567322080814
tap2,82,207,135,276.74374,157.91774,0.83,1567322081877
tap2,83,828,756,906.16095,824.5705,0.77,1567322082755
tap2,89,621,618,703.34875,592.6913,0.78999996,1567322083634
tap2,88,0,1239,81.92415,1199.3752,0.78,1567322084604
tap2,87,621,1239,711.3414,1241.3534,0.91999996,1567322085452
tap2,86,0,618,125.88344,634.66943,0.87,1567322086423
tap2,305,483,1515,538.5014,1596.1686,0.88,1567322087352
tap2,33,690,549,780.2775,527.72516,0.78,1567322088159
tap2,304,483,549,551.4894,577.6991,0.94,1567322089130
tap2,215,690,1515,763.2933,1563.1858,0.94,1567322090008
tap2,309,552,618,577.46533,674.6486,0.78999996,1567322090846
tap2,308,345,1584,470.5643,1549.1931,0.78999996,1567322091673
tap2,307,552,1584,563.4783,1593.1702,0.7,1567322092541
tap2,306,345,618,378.6494,640.6663,0.96,1567322093553
tap2,258,345,204,399.62997,287.85007,0.83,1567322094574
tap2,331,483,894,533.50604,905.5283,0.75,1567322095514
tap2,330,345,894,374.6531,943.50854,0.95,1567322096393
tap2,264,483,204,539.5005,281.85318,0.84,1567322097404
tap2,223,621,1584,647.4006,1601.166,0.68,1567322098293
tap2,310,414,618,481.5541,643.66473,0.76,1567322099243
tap2,89,621,618,695.35614,629.67206,0.82,1567322100162
tap2,311,414,1584,469.56522,1607.1628,0.93,1567322100959
tap2,261,552,204,618.42737,249.86986,0.9,1567322102001
tap2,322,345,756,457.57632,775.596,0.9,1567322102890
tap2,262,414,204,484.55133,238.87558,0.83,1567322103850
tap2,333,552,894,561.4801,895.53357,1.03,1567322104667
tap2,312,483,618,585.4579,590.6923,1.13,1567322105536
tap2,225,690,1584,773.284,1685.1223,0.78,1567322106373
tap2,93,690,618,732.3219,623.6752,0.96999997,1567322107221
tap2,313,483,1584,535.50415,1571.1816,0.79999995,1567322108294
tap2,91,690,1239,757.2988,1225.3618,0.83,1567322109131
tap2,90,69,618,141.86864,628.67255,0.95,1567322109989
tap2,93,690,618,755.30066,620.6767,0.98999995,1567322110776
tap2,92,69,1239,149.86124,1258.3446,0.76,1567322111685
tap2,108,276,963,345.67993,937.5117,1.02,1567322112503
tap2,109,897,342,964.1073,381.80115,0.98999995,1567322113381
tap2,106,276,342,345.67993,323.83133,0.91999996,1567322114260
tap2,107,897,963,937.13226,947.5065,0.74,1567322115066
tap2,100,276,1101,355.6707,1103.4253,0.84,1567322115863
tap2,101,897,480,944.1258,426.7777,0.88,1567322116691
tap2,99,897,1101,986.087,1079.4377,0.83,1567322117559
tap2,98,276,480,302.7197,536.72046,0.93,1567322118519
tap2,105,897,411,965.1064,439.77094,0.96,1567322119316
tap2,104,276,1032,341.68362,1049.4534,0.93,1567322120195
tap2,102,276,411,373.65402,413.7845,0.89,1567322121176
tap2,103,897,1032,938.13135,1032.4623,0.81,1567322122075
tap2,97,897,549,960.111,533.722,0.96999997,1567322122923
tap2,96,276,1170,320.70306,1184.383,0.90999997,1567322123832
tap2,94,276,549,394.6346,581.697,0.94,1567322124690
tap2,95,897,1170,945.1249,1189.3805,0.75,1567322125487
tap2,111,897,894,966.10547,879.5419,0.78,1567322126315
tap2,110,276,273,322.7012,243.87297,1.01,1567322127183
tap2,112,276,894,353.67252,951.5044,0.95,1567322128021
tap2,113,897,273,936.13324,291.848,0.85999995,1567322128899
tap2,116,276,825,328.69565,841.56165,1.0,1567322129809
tap2,117,897,204,940.1295,231.87923,1.05,1567322130749
tap2,114,276,204,332.69196,237.8761,0.88,1567322131658
tap2,115,897,825,922.1462,850.557,0.76,1567322132546
tap2,119,897,756,1001.07306,761.60333,0.87,1567322133537
tap2,118,276,135,331.69287,170.91098,0.97999996,1567322134488
tap2,121,897,135,894.17206,121.936485,0.89,1567322135427
tap2,120,276,756,294.7271,795.58563,0.93,1567322136234
tap2,152,0,894,79.925995,924.51843,0.75,1567322137133
tap2,213,621,1515,693.35803,1520.2081,0.95,1567322138022
tap2,212,0,1515,81.92415,1508.2145,0.76,1567322139013
tap2,151,621,894,696.3552,900.53094,0.84999996,1567322139728
tap2,56,69,825,193.82054,848.55804,0.29999998,1567322140607
tap2,205,690,1446,122.886215,888.5372,0.76,1567322140791
tap2,204,69,1446,147.8631,1499.2191,0.84,1567322141639
tap2,55,690,825,754.3016,844.5601,0.90999997,1567322142497
tap2,24,138,825,169.84274,824.5705,0.94,1567322143335
tap2,207,759,1446,809.2507,1437.2513,0.83,1567322144274
tap2,206,138,1446,201.81314,1451.2441,0.81,1567322145143
tap2,23,759,825,795.2637,824.5705,0.85999995,1567322145858
tap2,80,207,825,242.7752,846.5591,0.97999996,1567322146675
tap2,209,828,1446,851.21185,1468.2352,0.72999996,1567322147666
tap2,208,207,1446,262.7567,1484.2269,0.89,1567322148545
tap2,79,828,825,876.1887,867.54816,0.79999995,1567322149413
tap2,115,897,825,944.1258,820.5726,0.83,1567322150231
tap2,210,276,1446,344.68085,1451.2441,0.83,1567322151140
tap2,116,276,825,317.70584,789.58875,0.91999996,1567322152029
tap2,211,897,1446,965.1064,1517.2097,0.66999996,1567322152908
tap2,203,621,1446,678.3719,1457.241,0.88,1567322153766
tap2,156,0,825,46.95652,805.5804,0.78,1567322154716
tap2,202,0,1446,92.91397,1432.254,0.62,1567322155594
tap2,155,621,825,679.371,823.57104,0.81,1567322156637
tap2,52,69,894,139.87048,894.53406,1.02,1567322157566
tap2,215,690,1515,770.2868,1553.191,0.84,1567322158445
tap2,51,690,894,737.3173,888.5372,0.93,1567322159272
tap2,214,69,1515,176.83626,1531.2025,0.64,1567322160263
tap2,216,138,1515,176.83626,1526.2051,0.78999996,1567322161234
tap2,19,759,894,772.2849,933.5138,0.66999996,1567322162092
tap2,217,759,1515,802.2572,1532.2019,0.65999997,1567322163002
tap2,20,138,894,155.85568,945.5075,0.90999997,1567322163911
tap2,141,621,480,672.37744,503.7376,0.88,1567322164759
tap2,140,0,1101,46.95652,1141.4055,0.68,1567322165719
tap2,138,0,480,99.90749,489.7449,0.88,1567322166721
tap2,139,621,1101,711.3414,1128.4122,0.84,1567322167599
tap2,142,0,411,76.92877,436.7725,0.78999996,1567322168692
tap2,143,621,1032,700.3515,1063.446,0.84999996,1567322169500
tap2,144,0,1032,82.92322,1005.4763,0.71999997,1567322170480
tap2,145,621,411,688.3626,392.7954,0.96,1567322171420
tap2,148,0,963,99.90749,961.4992,0.82,1567322172421
tap2,149,621,342,659.38947,316.83496,0.89,1567322173413
tap2,147,621,963,697.3543,992.48303,0.78,1567322174261
tap2,146,0,342,68.93617,370.80685,0.82,1567322175221
tap2,153,621,273,709.3432,278.85477,0.83,1567322176171
tap2,152,0,894,84.92137,905.5283,0.82,1567322177019
tap2,150,0,273,97.90935,271.8584,0.65,1567322178030
tap2,151,621,894,691.35986,955.5023,0.76,1567322178960
tap2,266,345,273,381.64664,280.85373,0.76,1567322179961
tap2,267,552,1239,638.4089,1254.3467,0.76,1567322180748
tap2,269,552,273,610.4348,226.88182,0.94,1567322181851
tap2,268,345,1239,379.64847,1248.3497,0.81,1567322182659
tap2,271,414,1239,493.54303,1263.3419,0.85999995,1567322183547
tap2,153,621,273,721.3321,281.85318,0.90999997,1567322184538
tap2,270,414,273,482.5532,273.85736,1.02,1567322185335
tap2,87,621,1239,695.35614,1266.3405,0.78999996,1567322186091
tap2,91,690,1239,748.3071,1216.3665,0.85999995,1567322186847
tap2,272,483,273,539.5005,302.84225,0.91999996,1567322187715
tap2,273,483,1239,525.5134,1259.3441,0.81,1567322188461
tap2,53,690,273,757.2988,315.83548,0.84,1567322189299
tap2,277,552,342,547.49304,412.785,1.0,1567322190127
tap2,276,345,1308,412.61795,1301.3221,1.01,1567322190975
tap2,274,345,342,476.55875,377.80322,1.1,1567322191771
tap2,275,552,1308,597.44684,1359.292,0.95,1567322192548
tap2,183,621,1308,672.37744,1395.2733,1.03,1567322193334
tap2,278,414,342,507.53006,395.79385,1.11,1567322194172
tap2,149,621,342,702.3497,351.81674,1.12,1567322195041
tap2,279,414,1308,506.531,1323.3108,1.03,1567322195848
tap2,281,483,1308,548.4921,1406.2676,1.09,1567322196593
tap2,49,690,342,749.3062,387.798,1.15,1567322197339
tap2,280,483,342,549.4912,391.79593,0.91999996,1567322198146
tap2,185,690,1308,775.28217,1293.3264,0.91999996,1567322199015
tap2,156,0,825,154.85661,802.582,0.69,1567322199954
tap2,157,621,204,660.38855,172.90994,1.14,1567322201027
tap2,155,621,825,686.3645,863.55023,0.84999996,1567322201835
tap2,154,0,204,116.89177,248.87038,0.78,1567322202866
tap2,158,0,135,67.937096,151.92087,0.93,1567322203959
tap2,159,621,756,702.3497,767.6002,0.9,1567322204961
tap2,160,0,756,92.91397,743.6127,1.0,1567322206003
tap2,161,621,135,676.3737,207.89172,1.03,1567322207024
tap2,162,0,66,91.914894,140.92659,0.82,1567322208087
tap2,163,621,687,702.3497,667.6522,0.88,1567322209160
tap2,164,0,687,100.90657,654.659,0.88,1567322210130
tap2,165,621,66,648.39966,126.93388,0.84999996,1567322211162
tap2,169,897,66,951.1193,114.94013,1.04,1567322212275
tap2,168,276,687,350.6753,670.6507,0.95,1567322213175
tap2,166,276,66,340.68454,84.95575,1.01,1567322214186
tap2,167,897,687,937.13226,628.67255,0.96,1567322215044
tap2,170,138,618,217.79834,649.6616,1.0799999,1567322215943
tap2,171,759,1239,817.2433,1277.3347,0.81,1567322216853
tap2,173,759,618,819.24146,620.6767,0.87,1567322217721
tap2,172,138,1239,197.81683,1279.3336,0.79999995,1567322218590
tap2,177,828,618,886.17944,629.67206,1.05,1567322219468
tap2,176,207,1239,223.79279,1271.3378,0.78999996,1567322220296
tap2,174,207,618,318.7049,575.70013,0.94,1567322221093
tap2,175,828,1239,843.21924,1221.3639,0.77,1567322221910
tap2,133,690,66,765.2914,100.94742,1.04,1567322223024
tap2,249,483,1032,552.48846,1083.4357,0.84,1567322223851
tap2,43,690,1032,737.3173,1131.4106,0.79999995,1567322224659
tap2,248,483,66,556.48474,119.93753,0.81,1567322225568
tap2,251,552,1101,584.45886,1101.4263,0.71,1567322226385
tap2,250,345,135,388.64014,168.91202,0.89,1567322227345
tap2,252,345,1101,395.63367,1107.4232,0.78999996,1567322228153
tap2,253,552,135,599.44495,211.88963,0.56,1567322229154
tap2,254,414,135,465.5689,135.9292,0.9,1567322230053
tap2,139,621,1101,642.4052,1111.4211,0.65999997,1567322230860
tap2,161,621,135,676.3737,144.92451,0.89,1567322231831
tap2,255,414,1101,442.5902,1107.4232,0.76,1567322232638
tap2,178,276,618,314.70862,661.6554,0.89,1567322233476
tap2,179,897,1239,942.1277,1270.3384,0.69,1567322234334
tap2,181,897,618,953.1175,584.69543,0.77,1567322235325
tap2,180,276,1239,313.70953,1231.3586,0.9,1567322236235
tap2,132,69,687,130.87881,734.6174,0.85999995,1567322237093
tap2,185,690,1308,710.3423,1326.3092,0.76,1567322238063
tap2,184,69,1308,157.85384,1307.3191,0.65,1567322239034
tap2,131,690,687,768.28864,696.63715,0.81,1567322239902
tap2,127,759,687,833.2285,740.61426,0.66999996,1567322240689
tap2,187,759,1308,793.2655,1281.3326,0.71999997,1567322241496
tap2,186,138,1308,209.80574,1270.3384,0.65999997,1567322242395
tap2,126,138,66,225.79094,121.936485,0.71,1567322243295
tap2,123,828,687,882.18317,708.6309,0.81,1567322244143
tap2,188,207,1308,245.77243,1317.3138,0.78999996,1567322245011
tap2,124,207,687,250.7678,692.6392,0.69,1567322245961
tap2,189,828,1308,891.17487,1329.3076,0.72999996,1567322246860
tap2,317,552,687,614.4311,703.6335,0.77,1567322247708
tap2,316,345,1653,409.62073,1649.141,0.75,1567322248566
tap2,314,345,687,372.65494,724.62256,0.82,1567322249404
tap2,315,552,1653,608.43665,1643.1442,0.66999996,1567322250180
tap2,266,345,273,395.63367,277.8553,0.76,1567322251131
tap2,335,483,963,536.50323,991.4836,0.71,1567322251989
tap2,272,483,273,565.47644,306.84018,0.71,1567322252908
tap2,334,345,963,382.6457,944.50806,0.77,1567322253746
tap2,318,414,687,493.54303,683.6439,0.83,1567322254543
tap2,233,621,1653,637.4098,1660.1353,0.71999997,1567322255319
tap2,163,621,687,685.3654,701.6345,0.74,1567322256045
tap2,319,414,1653,449.5837,1693.1182,0.91999996,1567322256760
tap2,269,552,273,581.4616,300.8433,1.02,1567322257639
tap2,336,414,963,491.54486,978.49036,0.97999996,1567322258385
tap2,337,552,963,614.4311,992.48303,1.04,1567322259182
tap2,270,414,273,509.52823,278.85477,1.1,1567322260040
tap2,168,276,687,336.68826,710.6299,0.98999995,1567322260868
tap2,191,897,1308,887.1785,1309.318,0.87,1567322261583
tap2,167,897,687,965.1064,650.6611,0.83,1567322262594
tap2,190,276,1308,318.7049,1317.3138,0.89,1567322263422
tap2,192,0,1377,112.89547,1373.2847,0.66999996,1567322264249
tap2,160,0,756,81.92415,803.5814,0.71,1567322265148
tap2,193,621,1377,653.395,1370.2863,0.81,1567322266109
tap2,159,621,756,703.34875,743.6127,0.7,1567322266926
tap2,194,69,1377,182.83072,1368.2874,0.76,1567322267958
tap2,59,690,756,758.29785,742.6132,0.81,1567322269072
tap2,60,69,756,133.87604,774.59656,0.93,1567322269940
tap2,195,690,1377,677.3728,1432.254,0.76,1567322270737
tap2,28,138,756,204.81036,754.60693,0.74,1567322271667
tap2,197,759,1377,781.2766,1363.2899,0.76,1567322272556
tap2,27,759,756,798.26086,758.60486,0.65999997,1567322273465
tap2,196,138,1377,217.79834,1368.2874,0.72999996,1567322274334
tap2,84,207,756,257.76132,756.6059,0.87,1567322275141
tap2,199,828,1377,875.18964,1382.28,0.93,1567322275958
tap2,83,828,756,863.20074,728.6205,0.77,1567322276796
tap2,198,207,1377,293.72803,1389.2764,0.75,1567322277716
tap2,200,276,1377,275.7447,1420.2603,0.79999995,1567322278656
tap2,119,897,756,893.173,758.60486,0.84,1567322279484
tap2,120,276,756,337.68732,726.6215,0.88,1567322280321
tap2,201,897,1377,923.14526,1296.3248,0.79999995,1567322281067
tap2,242,345,66,383.64478,145.924,0.71,1567322282221
tap2,347,966,687,1009.0657,694.6382,0.71999997,1567322283192
tap2,338,966,66,963.1082,120.93701,0.91999996,1567322284459
tap2,314,345,687,409.62073,724.62256,0.88,1567322285276
tap2,322,345,756,418.6124,735.6168,0.96999997,1567322286155
tap2,339,966,135,950.12024,196.89745,1.05,1567322287095
tap2,348,966,756,972.0999,768.5997,0.88,1567322288076
tap2,250,345,135,386.642,155.9188,1.04,1567322289026
tap2,258,345,204,416.61426,169.9115,0.98999995,1567322289895
tap2,349,966,825,1038.0388,788.58923,0.65,1567322290701
tap2,340,966,204,1020.0555,207.89172,0.87,1567322291734
tap2,326,345,825,377.65033,862.5507,0.94,1567322292541
tap2,330,345,894,415.61517,885.53876,0.96999997,1567322293327
tap2,341,966,273,996.0777,279.85425,0.85999995,1567322294359
tap2,266,345,273,416.61426,283.85214,0.88,1567322295238
tap2,350,966,894,1003.0712,934.51324,0.63,1567322296198
tap2,76,207,894,282.73822,884.5393,0.81,1567322297108
tap2,219,828,1515,839.22296,1524.206,0.78999996,1567322298252
tap2,218,207,1515,221.79463,1580.177,0.85999995,1567322299131
tap2,75,828,894,849.2137,925.51794,0.89,1567322300255
tap2,220,276,1515,314.70862,1493.2223,0.83,1567322301165
tap2,111,897,894,918.14984,900.53094,0.87,1567322302043
tap2,112,276,894,302.7197,911.5252,0.94,1567322302871
tap2,221,897,1515,900.1665,1470.2343,0.79999995,1567322303749
tap2,225,690,1584,775.28217,1556.1895,0.75,1567322304556
tap2,48,69,963,175.83719,993.48254,1.12,1567322305415
tap2,47,690,963,764.2923,1032.4623,0.93,1567322306273
tap2,224,69,1584,102.90472,1582.1759,0.84,1567322307090
tap2,165,621,66,695.35614,113.94065,1.0799999,1567322308071
tap2,247,414,1032,471.56335,1059.4481,0.96999997,1567322308889
tap2,143,621,1032,653.395,1096.429,0.9,1567322309819
tap2,246,414,66,481.5541,69.96356,0.96999997,1567322311116
tap2,15,759,963,797.2618,1037.4596,0.76,1567322311893
tap2,226,138,1584,193.82054,1525.2056,0.75,1567322312751
tap2,227,759,1584,801.2581,1573.1805,0.90999997,1567322313947
tap2,16,138,963,201.81314,993.48254,1.03,1567322314836
tap2,72,207,963,208.80666,950.50494,0.96999997,1567322315704
tap2,229,828,1584,885.1804,1595.1692,0.74,1567322316542
tap2,71,828,963,856.2072,961.4992,0.78999996,1567322317360
tap2,228,207,1584,195.8187,1613.1598,0.84,1567322318147
tap2,242,345,66,392.63644,130.93181,1.02,1567322319138
tap2,243,552,1032,594.4496,1030.4633,0.94,1567322319914
tap2,244,345,1032,388.64014,1044.4559,0.9,1567322320701
tap2,245,552,66,591.4524,121.936485,1.04,1567322321600
tap2,148,0,963,84.92137,967.4961,0.88,1567322322469
tap2,223,621,1584,726.32745,1585.1743,0.81,1567322323266
tap2,147,621,963,687.3635,983.48773,0.71,1567322324073
tap2,222,0,1584,81.92415,1614.1593,0.75,1567322325115
tap2,252,345,1101,397.63184,1129.4117,0.89,1567322325912
tap2,344,966,480,981.0916,488.74542,0.78,1567322326791
tap2,290,345,480,380.64755,467.75638,0.90999997,1567322327568
tap2,353,966,1101,966.10547,1092.431,1.02,1567322328324
tap2,345,966,549,996.0777,562.7069,0.96999997,1567322329274
tap2,260,345,1170,377.65033,1232.3582,0.90999997,1567322330061
tap2,354,966,1170,949.1212,1044.4559,0.84999996,1567322330909
tap2,298,345,549,454.5791,547.7147,0.84999996,1567322331798
tap2,346,966,618,1007.0675,646.6632,0.84999996,1567322332615
tap2,268,345,1239,407.62256,1268.3394,0.87,1567322333392
tap2,355,966,1239,976.0962,1249.3492,0.82,1567322334342
tap2,306,345,618,424.60684,584.69543,0.87,1567322335160
tap2,314,345,687,429.60223,778.5945,1.22,1567322335977
tap2,356,966,1308,986.087,1346.2988,0.88,1567322336968
tap2,347,966,687,1040.037,655.6585,0.69,1567322337765
tap2,276,345,1308,374.6531,1377.2826,0.94,1567322338603
tap2,257,483,1101,541.4986,1167.392,0.84,1567322339400
tap2,61,690,135,772.2849,130.93181,1.06,1567322340279
tap2,39,690,1101,727.32654,1194.3779,0.71999997,1567322341168
tap2,256,483,135,541.4986,122.93597,0.87,1567322341975
tap2,258,345,204,400.62906,221.88443,1.01,1567322342782
tap2,259,552,1170,606.4385,1179.3857,0.93,1567322343641
tap2,260,345,1170,405.62442,1176.3873,0.88,1567322344428
tap2,261,552,204,576.46625,236.87662,0.89,1567322345265
tap2,157,621,204,693.35803,230.87975,1.26,1567322346113
tap2,263,414,1170,537.5023,1182.3842,1.0699999,1567322346890
tap2,262,414,204,453.58002,269.85944,1.25,1567322347769
tap2,135,621,1170,732.3219,1227.3607,0.91999996,1567322348525
tap2,244,345,1032,419.61148,1031.4628,0.98999995,1567322349281
tap2,361,966,1653,996.0777,1666.1322,0.95,1567322350231
tap2,352,966,1032,1022.05365,1032.4623,0.72999996,1567322351110
tap2,316,345,1653,401.6281,1568.1832,0.95,1567322351979
tap2,282,345,411,448.58466,422.7798,0.82,1567322352806
tap2,283,552,1377,620.42554,1419.2607,0.74,1567322353654
tap2,284,345,1377,405.62442,1346.2988,0.84999996,1567322354492
tap2,285,552,411,628.41815,388.7975,0.65,1567322355320
tap2,145,621,411,717.3358,439.77094,1.0799999,1567322356158
tap2,287,414,1377,502.5347,1373.2847,0.84,1567322357006
tap2,193,621,1377,682.36816,1381.2805,0.78999996,1567322357823
tap2,286,414,411,460.57355,428.77667,0.89,1567322358671
tap2,288,483,411,556.48474,446.7673,0.87,1567322359438
tap2,195,690,1377,737.3173,1412.2644,0.78999996,1567322360204
tap2,289,483,1377,503.53375,1399.2711,0.87,1567322360919
tap2,45,690,411,689.3617,446.7673,0.77,1567322361696
tap2,31,690,1170,769.2877,1207.3711,0.48,1567322362626
tap2,264,483,204,537.5023,211.88963,0.96,1567322363525
tap2,57,690,204,749.3062,219.88547,1.04,1567322364342
tap2,265,483,1170,536.50323,1141.4055,0.95,1567322365057
tap2,300,345,1515,384.64386,1500.2186,0.91999996,1567322365793
tap2,350,966,894,936.13324,940.51013,1.01,1567322366672
tap2,330,345,894,458.5754,875.54395,1.1,1567322367500
tap2,359,966,1515,959.11194,1505.216,0.9,1567322368552
tap2,351,966,963,997.0768,932.5143,0.58,1567322369410
tap2,308,345,1584,410.6198,1539.1982,0.85999995,1567322370289
tap2,360,966,1584,953.1175,1557.189,0.69,1567322371311
tap2,334,345,963,393.63553,956.5018,1.02,1567322372159
tap2,137,621,549,672.37744,556.71,0.90999997,1567322372946
tap2,303,414,1515,481.5541,1479.2295,0.93,1567322373804
tap2,213,621,1515,635.4117,1575.1796,0.85999995,1567322374529
tap2,302,414,549,486.5495,591.69183,1.0699999,1567322375368
tap2,254,414,135,512.52545,176.90785,0.81,1567322376246
tap2,329,552,825,617.4283,768.5997,0.9,1567322377023
tap2,253,552,135,625.4209,198.89641,0.88,1567322377901
tap2,328,414,825,457.57632,829.56793,0.78999996,1567322378668
tap2,334,345,963,435.59668,925.51794,0.78999996,1567322379475
tap2,342,966,342,997.0768,406.78812,0.90999997,1567322380425
tap2,274,345,342,415.61517,401.7907,1.13,1567322381294
tap2,351,966,963,1034.0426,955.5023,0.55,1567322382305
tap2,282,345,411,458.5754,453.76364,1.04,1567322383255
tap2,352,966,1032,1001.07306,1075.4398,0.71,1567322384114
tap2,343,966,411,1004.0703,473.75323,0.85999995,1567322385002
tap2,244,345,1032,395.63367,1103.4253,0.87,1567322385789
tap2,322,345,756,384.64386,748.6101,0.9,1567322386556
tap2,357,966,1377,1017.0583,1365.2888,0.65999997,1567322387731
tap2,348,966,756,1007.0675,753.6075,0.79999995,1567322388538
tap2,284,345,1377,413.61703,1371.2858,1.0,1567322389396
tap2,292,345,1446,449.5837,1459.24,0.94,1567322390224
tap2,349,966,825,1005.0694,845.5596,0.77,1567322391133
tap2,326,345,825,419.61148,842.56116,1.01,1567322391992
tap2,358,966,1446,989.08417,1437.2513,0.95,1567322392901
tap2,131,690,687,818.2424,671.65015,0.96999997,1567322393647
tap2,321,483,1653,528.5106,1612.1603,0.71999997,1567322394556
tap2,320,483,687,505.53192,723.6231,0.94,1567322395384
tap2,235,690,1653,774.2831,1704.1124,0.81,1567322396242
tap2,362,0,1722,131.8779,1710.1093,0.78999996,1567322397111
tap2,139,621,1101,687.3635,1131.4106,0.84999996,1567322397959
tap2,140,0,1101,113.89455,1129.4117,0.83,1567322398848
tap2,371,621,1722,702.3497,1668.1311,0.71999997,1567322399747
tap2,39,690,1101,754.3016,1129.4117,0.78999996,1567322400585
tap2,363,69,1722,99.90749,1716.1062,0.61,1567322401576
tap2,372,690,1722,720.333,1725.1014,0.76,1567322402567
tap2,40,69,1101,153.85754,1119.417,0.78,1567322403446
tap2,136,0,1170,41.961147,1204.3727,0.53999996,1567322404498
tap2,386,621,1791,683.36725,1816.0541,0.69,1567322405377
tap2,135,621,1170,722.3312,1162.3945,0.75,1567322406225
tap2,377,0,1791,101.90564,1766.0801,0.59,1567322407145
tap2,31,690,1170,739.3154,1190.38,0.78999996,1567322407983
tap2,378,69,1791,129.87975,1800.0624,0.55,1567322408912
tap2,32,69,1170,120.88807,1164.3936,0.77,1567322409791
tap2,387,690,1791,730.3238,1821.0515,0.59999996,1567322410649
tap2,8,138,1101,160.85106,1106.4237,0.76,1567322411487
tap2,373,759,1722,807.25256,1764.0812,0.71999997,1567322412284
tap2,7,759,1101,787.27106,1088.4331,0.76,1567322413000
tap2,364,138,1722,183.82979,1762.0822,0.74,1567322413797
tap2,374,828,1722,849.2137,1751.0879,0.56,1567322414502
tap2,64,207,1101,229.78723,1133.4097,0.91999996,1567322415319
tap2,365,207,1722,253.76503,1764.0812,0.79999995,1567322416126
tap2,63,828,1101,885.1804,1105.4242,0.93,1567322416964
tap2,379,138,1791,190.82332,1881.0203,0.62,1567322417772
tap2,3,759,1170,844.2183,1172.3894,0.78999996,1567322418558
tap2,4,138,1170,193.82054,1176.3873,0.85999995,1567322419335
tap2,388,759,1791,825.2359,1777.0743,0.84,1567322420203
tap2,380,207,1791,241.77614,1791.0671,0.81,1567322421041
tap2,35,828,1170,870.1943,1184.383,0.82,1567322421838
tap2,389,828,1791,877.1878,1778.0739,0.53,1567322422645
tap2,36,207,1170,262.7567,1177.3867,0.85999995,1567322423371
tap2,100,276,1101,356.66974,1143.4044,0.96,1567322424137
tap2,375,897,1722,956.1147,1748.0895,0.58,1567322424811
tap2,99,897,1101,898.1684,1192.3789,0.66999996,1567322425465
tap2,366,276,1722,273.74652,1717.1056,0.69,1567322426354
tap2,368,414,1722,404.62534,1744.0916,0.78999996,1567322427100
tap2,159,621,756,706.346,762.6028,0.93,1567322427927
tap2,371,621,1722,683.36725,1724.1019,0.77,1567322428694
tap2,324,414,756,496.54025,737.6158,0.96,1567322429511
tap2,96,276,1170,350.6753,1163.394,0.94,1567322430298
tap2,390,897,1791,945.1249,1742.0927,0.57,1567322430982
tap2,95,897,1170,969.10266,1178.3862,0.79999995,1567322431810
tap2,381,276,1791,345.67993,1800.0624,0.59999996,1567322432648
tap2,385,552,1791,600.44403,1678.126,0.59,1567322433393
tap2,326,345,825,395.63367,847.55853,0.93,1567322434262
tap2,382,345,1791,381.64664,1785.0702,0.72999996,1567322435028
tap2,329,552,825,649.3987,819.5731,0.9,1567322435846
tap2,323,483,756,525.5134,766.6007,0.69,1567322436581
tap2,372,690,1722,682.36816,1746.0906,0.58,1567322437347
tap2,59,690,756,729.3247,768.5997,0.76,1567322438226
tap2,369,483,1722,511.52637,1789.0681,0.68,1567322439033
tap2,353,966,1101,989.08417,1102.4258,0.65,1567322439769
tap2,367,345,1722,433.5985,1730.0989,0.53999996,1567322440678
tap2,252,345,1101,428.60315,1109.4221,0.61,1567322441404
tap2,376,966,1722,972.0999,1736.0957,0.45999998,1567322442364
tap2,383,414,1791,492.54395,1786.0697,0.59,1567322443182
tap2,155,621,825,710.3423,831.5669,0.96,1567322443928
tap2,328,414,825,470.5643,881.54083,0.81,1567322444735
tap2,386,621,1791,649.3987,1827.0483,0.65999997,1567322445511
tap2,55,690,825,740.3145,810.5778,0.90999997,1567322446298
tap2,384,483,1791,554.4866,1799.063,0.66999996,1567322447146
tap2,327,483,825,548.4921,858.5528,0.75,1567322447943
tap2,387,690,1791,716.33673,1820.052,0.22,1567322448740
tap1,2,288,642,396.63275,647.66266,0.85999995,1567322513801
tap1,3,576,930,684.36633,985.4867,0.71,1567322514498
tap1,4,576,642,670.3793,675.6481,0.84999996,1567322515284
tap1,5,288,930,394.6346,996.48096,0.77,1567322516009
tap1,9,288,786,388.64014,846.5591,0.74,1567322516653
tap1,17,576,1074,716.33673,1120.4164,0.82,1567322517388
tap1,16,288,1074,433.5985,1159.3961,1.0,1567322518123
tap1,7,576,786,721.3321,829.56793,1.13,1567322518899
tap1,4,576,642,651.39685,698.6361,1.25,1567322519553
tap1,10,288,354,387.64108,455.7626,1.41,1567322520288
tap1,2,288,642,434.5976,694.6382,1.16,1567322520901
tap1,11,576,354,685.3654,433.77408,1.18,1567322521616
tap1,4,576,642,669.3802,802.582,0.58,1567322522208
tap1,18,288,1218,413.61703,1267.3398,0.97999996,1567322522862
tap1,2,288,642,397.63184,710.6299,1.13,1567322523587
tap1,19,576,1218,639.40796,1306.3196,0.79999995,1567322524261
tap1,13,576,210,678.3719,294.84644,0.91999996,1567322525098
tap1,6,288,498,425.60593,536.72046,1.09,1567322525813
tap1,12,288,210,414.6161,282.85266,0.90999997,1567322526671
tap1,8,576,498,707.34503,543.7168,0.84,1567322527365
tap1,19,576,1218,637.4098,1350.2966,0.90999997,1567322528131
tap1,22,288,1506,398.6309,1571.1816,0.83,1567322528805
tap1,18,288,1218,346.67902,1291.3274,0.97999996,1567322529490
tap1,23,576,1506,661.38763,1544.1957,0.95,1567322530460
tap1,14,288,66,392.63644,167.91254,0.83,1567322531542
tap1,11,576,354,685.3654,418.78186,0.87,1567322532257
tap1,10,288,354,397.63184,397.79282,1.03,1567322532982
tap1,15,576,66,701.3506,108.94325,1.11,1567322533717
tap1,17,576,1074,723.33026,1141.4055,0.83,1567322534463
tap1,20,288,1362,387.64108,1423.2587,0.93,1567322535474
tap1,21,576,1362,678.3719,1430.255,0.94,1567322536271
tap1,16,288,1074,391.6374,1077.4388,0.95,1567322537027
tap1,9,288,786,383.64478,815.5752,1.05,1567322537680
tap1,8,576,498,709.3432,562.7069,0.90999997,1567322538374
tap1,6,288,498,355.6707,498.74023,0.98999995,1567322539038
tap1,7,576,786,679.371,865.5492,0.77,1567322539814
tap1,24,144,66,220.79556,164.91411,0.89,1567322540927
tap1,26,432,354,555.48566,396.79333,0.79999995,1567322541724
tap1,27,144,354,255.76318,407.7876,0.71999997,1567322542490
tap1,25,432,66,559.48193,157.91774,1.06,1567322543327
tap1,66,720,1506,816.2442,1604.1644,0.74,1567322544155
tap1,41,432,1218,518.5199,1283.3315,0.59,1567322544961
tap1,42,432,1506,549.4912,1563.1858,0.66999996,1567322545748
tap1,65,720,1218,840.22205,1257.3451,0.63,1567322546463
tap1,36,144,786,258.7604,876.54346,0.85999995,1567322547116
tap1,38,432,1074,555.48566,1096.429,1.02,1567322547923
tap1,39,144,1074,214.80112,1118.4175,0.75,1567322548832
tap1,37,432,786,432.59946,776.5955,0.97999996,1567322549649
tap1,16,288,1074,371.65588,1140.406,1.06,1567322550394
tap1,56,0,1362,143.86679,1419.2607,0.89,1567322551150
tap1,20,288,1362,412.61795,1497.2202,0.82,1567322551855
tap1,53,0,1074,99.90749,1083.4357,0.57,1567322552651
tap1,59,720,210,791.26733,284.85162,1.0799999,1567322553458
tap1,30,432,498,545.49493,517.73035,0.97999996,1567322554204
tap1,29,432,210,516.5217,268.85995,1.1999999,1567322554939
tap1,60,720,498,841.22107,544.7163,0.93,1567322555623
tap1,33,432,642,481.5541,701.6345,1.02,1567322556307
tap1,62,720,930,844.2183,1028.4644,1.0699999,1567322557277
tap1,61,720,642,853.21,662.65485,1.0799999,1567322557890
tap1,34,432,930,496.54025,990.4841,1.17,1567322558574
tap1,6,288,498,427.60406,573.7012,0.87,1567322559412
tap1,48,0,210,113.89455,259.86465,1.04,1567322560270
tap1,12,288,210,419.61148,255.86673,0.82,1567322561087
tap1,49,0,498,78.92692,606.684,1.06,1567322561832
tap1,51,0,930,174.83812,967.4961,0.95,1567322562629
tap1,2,288,642,350.6753,687.64185,1.0,1567322563436
tap1,5,288,930,434.5976,972.49347,1.04,1567322564181
tap1,50,0,642,96.91027,691.6398,0.93,1567322565121
tap1,37,432,786,536.50323,845.5596,0.9,1567322565948
tap1,64,720,1074,848.2146,1122.4154,0.65999997,1567322566836
tap1,38,432,1074,524.51434,1082.4362,0.96999997,1567322567561
tap1,63,720,786,839.22296,847.55853,1.13,1567322568368
tap1,29,432,210,486.5495,311.8376,0.88,1567322569195
tap1,31,144,498,230.78632,565.7053,0.82,1567322569930
tap1,28,144,210,270.7493,265.8615,0.98999995,1567322570738
tap1,30,432,498,517.5208,507.73553,0.69,1567322571411
tap1,42,432,1506,491.54486,1554.1904,0.94,1567322572239
tap1,40,144,1218,290.7308,1267.3398,0.79999995,1567322572933
tap1,41,432,1218,558.4829,1276.3352,0.9,1567322573596
tap1,43,144,1506,236.78076,1571.1816,0.96999997,1567322574281
tap1,45,144,1362,211.8039,1404.2686,0.96999997,1567322574975
tap1,82,432,1650,502.5347,1718.1051,1.1,1567322575629
tap1,80,144,1650,251.76688,1709.1097,1.14,1567322576354
tap1,44,432,1362,525.5134,1361.291,1.3399999,1567322577028
tap1,57,720,66,814.2461,237.8761,0.96,1567322578019
tap1,26,432,354,558.4829,390.79645,1.12,1567322578836
tap1,58,720,354,832.22943,416.78293,0.96,1567322579643
tap1,25,432,66,535.50415,130.93181,1.15,1567322580511
tap1,64,720,1074,834.2276,1146.4028,0.78,1567322581287
tap1,44,432,1362,561.4801,1396.2727,1.05,1567322582053
tap1,38,432,1074,546.494,1074.4404,1.1999999,1567322582747
tap1,67,720,1362,798.26086,1404.2686,0.58,1567322583350
tap1,9,288,786,404.62534,873.545,0.97999996,1567322584340
tap1,53,0,1074,121.887146,1119.417,0.90999997,1567322585198
tap1,16,288,1074,373.65402,1179.3857,0.93,1567322585883
tap1,52,0,786,96.91027,844.5601,1.11,1567322586730
tap1,74,864,786,924.1443,891.53564,1.12,1567322587639
tap1,17,576,1074,696.3552,1138.4071,0.97999996,1567322588354
tap1,75,864,1074,976.0962,1160.3956,1.0,1567322589059
tap1,7,576,786,658.3904,815.5752,0.68,1567322589907
tap1,38,288,66,386.642,116.939095,0.96,1567322590785
tap1,45,0,354,98.90842,385.79904,0.95,1567322591602
tap1,44,0,66,105.90195,126.93388,0.95,1567322592388
tap1,39,288,354,393.63553,397.79282,0.93,1567322593083
tap1,14,288,1506,365.66144,1535.2004,0.95,1567322593879
tap1,47,0,1794,122.886215,1822.051,0.87,1567322594655
tap1,46,0,1506,103.90379,1562.1863,0.79999995,1567322595360
tap1,10,288,1794,393.63553,1813.0557,0.74,1567322596055
tap1,22,864,210,957.1138,300.8433,1.04,1567322596902
tap1,86,576,498,686.3645,524.7267,1.24,1567322597648
tap1,55,576,210,682.36816,274.85684,1.0699999,1567322598455
tap1,88,864,498,975.09717,526.72565,1.1899999,1567322599170
tap1,70,864,1362,945.1249,1411.2649,0.97999996,1567322599884
tap1,8,576,1650,714.33856,1721.1035,1.12,1567322600549
tap1,13,576,1362,680.37006,1356.2936,1.12,1567322601284
tap1,71,864,1650,987.08606,1716.1062,0.63,1567322601927
tap1,78,576,1218,706.346,1274.3363,1.06,1567322602652
tap1,83,864,1506,1000.07404,1574.18,0.82,1567322603337
tap1,21,864,1218,942.1277,1243.3524,0.9,1567322604000
tap1,85,576,1506,681.3691,1572.1812,0.89,1567322604787
tap1,19,576,66,684.36633,157.91774,1.27,1567322605716
tap1,77,864,354,972.0999,418.78186,1.11,1567322606462
tap1,76,576,354,714.33856,440.77042,1.03,1567322607157
tap1,23,864,66,920.148,186.90265,1.0699999,1567322608280
tap1,15,576,1362,717.3358,1351.2961,1.01,1567322609148
tap1,69,864,1074,955.11566,1147.4023,1.03,1567322609894
tap1,11,576,1074,688.3626,1135.4086,1.0699999,1567322610547
tap1,68,864,1362,994.0796,1439.2504,0.79999995,1567322611282
tap1,21,0,1218,133.87604,1217.366,0.89,1567322612079
tap1,75,288,1506,345.67993,1606.1635,1.1999999,1567322612835
tap1,17,288,1218,390.6383,1278.3342,1.01,1567322613662
tap1,78,0,1506,99.90749,1536.1998,0.9,1567322614449
tap1,54,576,642,719.334,679.646,0.94,1567322615297
tap1,22,864,930,962.1092,932.5143,1.02,1567322616093
tap1,18,864,642,963.1082,682.6444,1.0699999,1567322616849
tap1,55,576,930,687.3635,982.4883,1.09,1567322617605
tap1,4,576,1794,677.3728,1832.0458,0.82,1567322618391
tap1,73,864,1506,937.13226,1537.1993,0.77,1567322619075
tap1,72,576,1506,692.35895,1566.1842,0.90999997,1567322619750
tap1,3,864,1794,954.1166,1790.0676,0.75,1567322620587
tap1,90,720,1362,792.2664,1423.2587,0.66999996,1567322621292
tap1,77,432,1650,481.5541,1745.0911,0.78999996,1567322622088
tap1,23,720,1650,836.2257,1741.0931,0.7,1567322622813
tap1,92,432,1362,540.4995,1379.2816,1.17,1567322623508
tap1,67,432,1074,540.4995,1130.4113,1.4399999,1567322624213
tap1,82,144,1362,216.79926,1441.2493,1.05,1567322624917
tap1,84,432,1362,516.5217,1424.2582,1.16,1567322625602
tap1,44,144,1074,239.77798,1104.4248,1.3299999,1567322626306
tap1,38,432,1506,540.4995,1521.2076,1.0799999,1567322627093
tap1,45,144,1794,268.75116,1827.0483,1.03,1567322627869
tap1,44,432,1794,531.5079,1814.0552,1.02,1567322628604
tap1,39,144,1506,214.80112,1523.2067,1.3199999,1567322629329
tap1,42,432,1506,544.49585,1542.1968,1.24,1567322630003
tap1,87,720,1794,773.284,1852.0354,0.96,1567322630820
tap1,89,432,1794,529.5097,1832.0458,0.93,1567322631556
tap1,43,720,1506,763.2933,1568.1832,1.0,1567322632220
tap1,42,0,1362,124.88437,1383.2795,1.02,1567322633108
tap1,91,288,1650,363.66327,1701.114,1.05,1567322633854
tap1,89,288,1362,360.66605,1425.2577,1.29,1567322634528
tap1,66,0,1650,107.90009,1700.1145,1.06,1567322635314
tap1,56,432,642,519.519,687.64185,1.3199999,1567322636091
tap1,81,144,930,224.79185,1018.46954,1.31,1567322636857
tap1,20,432,930,597.44684,1015.47107,1.0799999,1567322637561
tap1,79,144,642,234.78261,669.6512,1.03,1567322638297
drag1,2,369.73615,581.6185,0.85999995,2238.60677,73.59704891270928
drag1,3,661.38763,845.5596,1.22,1982.453077,92.72919234670809
drag1,4,702.3497,641.6658,1.06,1757.7664619999998,72.82611142301607
drag1,5,403.12677,908.5268,0.96999997,1584.084692,63.79129737252066
drag1,9,880.185,974.49243,0.32999998,1587.000462,496.6425054742337
drag1,17,658.11676,1043.4565,1.0799999,3190.0994619999997,85.12985968354532
drag1,16,586.457,1099.4274,0.81,714.693616,170.40097613449677
drag1,7,677.3728,778.6878,1.16,1903.046693,154.1815062760646
drag1,4,685.807,669.76715,1.12,1612.881692,79.8134523272269
drag1,10,425.60593,367.8084,1.3299999,3015.683154,65.86190966009065
drag1,2,399.62997,597.68866,1.04,1903.675231,76.16941723973916
drag1,11,696.3552,437.77197,0.87,980.6719999999999,17.7947232698284
drag1,4,704.34784,631.67096,1.09,1540.698692,47.26881504316172
drag1,18,419.61148,1181.3846,0.83,1842.084615,63.261976119535476
drag1,2,391.6374,643.66473,0.81,3082.673539,70.69044167204838
drag1,19,695.35614,1183.3837,1.16,2482.256,67.88277599500236
drag1,13,663.3901,226.88182,1.05,2963.073308,76.53918141602439
drag1,6,349.67624,441.7699,1.16,2700.288462,66.16914090163355
drag1,12,372.65494,241.67847,1.0699999,2196.8087689999998,98.99923375196965
drag1,8,663.38574,470.7548,0.84,1501.3052309999998,61.70789967133101
drag1,19,655.3932,1157.3972,1.0,2703.7003839999998,76.49173207352476
drag1,22,413.61703,1444.2478,0.76,2252.047846,65.29363482966683
drag1,18,390.6383,1219.3649,0.9,2232.573615,72.83967286463509
drag1,23,684.36633,1470.2343,0.90999997,2201.15,51.13216237484698
drag1,14,355.6707,50.97345,0.96999997,2640.0796929999997,74.50834351523805
drag1,11,648.39966,374.80478,0.97999996,3362.6109229999997,76.11381593388676
drag1,10,410.6198,333.85562,0.98999995,3395.367308,91.39896588538475
drag1,15,636.2408,105.115295,1.15,3066.880308,94.23792387263572
drag1,17,686.3645,1054.4508,0.7,1974.0908459999998,55.57647364244058
drag1,20,417.6133,1313.3159,0.68,1370.837693,71.64144415424138
drag1,21,661.4121,1330.3071,0.63,1696.4209999999998,70.3937489115143
drag1,16,407.62256,1087.4336,0.61,1462.693231,92.87837660883102
drag1,24,254.76411,88.95367,0.81,2073.4773849999997,73.02325823810816
drag1,26,558.4829,287.85007,0.83,3075.9663069999997,75.61695187234811
drag1,27,244.30748,317.90176,1.23,2534.387077,71.53035011384816
drag1,25,553.4875,80.95783,0.88,2174.9953849999997,60.451747895410186
drag1,66,835.2266,1515.2108,0.76,2536.239615,45.72901112909539
drag1,41,500.53653,1230.3591,0.65999997,1675.183308,115.79487611825238
drag1,42,498.5384,1450.2446,0.84,2098.899,75.93831734345581
drag1,65,838.2239,1235.3566,0.96999997,2581.005231,65.0730243916508
drag1,36,290.7308,751.6085,0.9,2431.7990769999997,84.98174655057633
drag1,38,551.4894,1061.487,0.89,2021.008846,63.264504902521985
drag1,39,247.77058,1056.4497,0.81,2105.399923,72.2749537528218
drag1,37,524.51434,775.596,0.78,2649.223924,82.05960885510186
drag1,16,419.00378,1041.849,1.0699999,1879.5563069999998,61.02423397542425
drag1,56,137.87234,1327.3087,0.74,2235.4956159999997,62.3791595123052
drag1,20,368.65866,1302.9327,0.81,2032.120616,72.34985576081847
drag1,53,117.89084,1000.4789,0.71999997,2135.21177,93.87897102289298
drag1,59,834.2276,163.91463,0.68,1943.5109229999998,76.22752348750548
drag1,30,541.5276,437.77197,0.69,2404.678846,79.2913427170914
drag1,29,533.50604,267.86047,0.7,2446.156923,74.84485076525866
drag1,60,811.87897,477.38205,0.65,2216.843923,63.74026693025053
drag1,33,534.50507,584.69543,0.52,1982.888,72.0064008026675
drag1,62,799.25995,887.6177,0.48,1880.339231,82.03039231006373
drag1,61,753.3025,670.5114,0.34,1338.7087689999998,80.18656930421452
drag1,34,473.56152,925.51794,0.61,1707.5466159999999,64.34008283390042
drag1,6,384.64386,511.73346,0.95,2595.504077,60.76628617327062
drag1,48,41.961147,215.88756,0.63,1277.690461,86.57141405887478
drag1,12,354.17206,204.89328,0.51,1350.790693,61.52992643249613
drag1,49,108.89917,462.75897,0.65,1902.122001,39.12797237621411
drag1,51,39.962997,968.99524,0.52,1939.815615,71.36524973268098
drag1,2,362.6642,680.6455,0.74,2096.268385,87.97317607113398
drag1,5,392.63644,881.7366,0.75,826.10577,79.55491104422825
drag1,50,89.91675,689.6408,0.62,1882.351538,86.25195444118003
drag1,37,506.531,775.596,0.65,1940.619461,59.41858317663493
drag1,64,734.3759,1047.4545,0.53,2736.568538,74.28961257839231
drag1,38,567.47455,1046.455,0.97999996,2526.6215389999998,94.97073895508156
drag1,63,812.2479,805.5804,1.05,2210.627154,73.87714051766842
drag1,29,965.1064,633.6699,0.38,2493.209308,561.8783265031703
drag1,31,211.8039,441.7699,0.53,2517.892077,61.18042554768362
drag1,28,233.78354,243.87297,0.53,1413.431539,75.04898037910064
drag1,30,535.50415,433.77408,0.71999997,1872.78,80.12305861419226
drag1,42,481.5541,710.6299,0.31,541.129769,835.6720282914689
drag1,40,514.5236,761.60333,0.22,29.366539,546.2352972849704
drag1,41,521.5171,1175.5149,0.63,1571.9817699999999,75.40705086283008
drag1,43,255.76318,1476.7308,0.63,1870.0373069999998,55.011073171745345
drag1,45,202.81221,1406.2676,0.57,1105.153539,94.06025014568769
drag1,82,461.57263,1651.1555,0.58,1921.659001,51.19502584551638
drag1,80,259.7595,1657.1368,0.59999996,2382.3593849999997,51.994483452187914
drag1,44,982.09064,1571.1816,0.24,1809.804846,494.91598532247065
drag1,57,769.2877,54.861416,0.78,2666.628692,83.76416880478348
drag1,26,566.4194,285.8511,0.59,1675.9972309999998,85.84416853598212
drag1,58,797.60754,319.4875,0.53999996,1226.9862309999999,87.68429900646898
drag1,25,550.4903,94.95055,0.61,2333.6383849999997,82.52882309158136
drag1,64,855.2081,1030.798,0.71,3169.032615,73.37472925664729
drag1,44,573.469,1314.0554,0.51,1888.2754619999998,84.59167523802631
drag1,38,521.5171,1090.432,0.55,1472.0142309999999,71.07378141022822
drag1,67,834.2276,1327.3088,0.53,1657.3575389999999,57.317637978054485
drag1,9,375.65216,754.45026,0.59999996,1696.919154,71.8289383244621
drag1,53,73.93155,1018.46954,0.59999996,1452.426923,70.63461523022879
drag1,16,380.64755,1028.3992,0.57,1583.795077,80.30472145449572
drag1,52,967.10455,1756.0853,1.14,2070.8245389999997,1297.643448611447
drag1,74,945.23694,779.4818,0.57,2668.612231,64.04490608723981
drag1,17,678.3719,1063.9879,0.65,1515.312769,41.14063631315471
drag1,75,962.1092,1096.429,0.76,1056.080462,69.75175190957647
drag1,7,688.3626,839.465,0.88,1913.191308,61.69333164359266
drag1,70,974.0981,209.50084,0.98999995,2054.93577,86.04252496158799
drag1,8,701.8501,511.73346,0.65999997,2044.746308,41.55609595350868
drag1,13,630.41626,206.89224,0.69,1602.3907689999999,86.7976353182881
drag1,71,964.1073,442.76938,0.63,1818.4356149999999,77.56166925651098
drag1,78,976.0962,1339.719,0.71999997,1328.489539,52.05049864618904
drag1,83,727.32654,1614.1593,0.78999996,1546.191693,57.679851354429296
drag1,21,673.3765,1351.2961,0.89,1524.713307,93.98244142659978
drag1,85,961.1101,1611.5908,0.65,1934.935847,51.15155318378644
drag1,19,687.3635,1238.355,0.78999996,2078.849154,80.15292205166894
drag1,77,939.13043,1481.2285,0.82,1748.913693,64.49939397608162
drag1,76,977.0953,1246.3508,0.84999996,1891.630154,81.86081035090669
drag1,23,697.3543,1496.2207,0.75,2808.294692,71.59936604499703
drag1,15,665.3839,56.957253,0.93,3546.368923,58.280472437557
drag1,69,968.1422,263.86258,0.72999996,2556.289538,98.43941286203943
drag1,11,693.1337,330.9399,0.69,1369.685616,88.53959945851899
drag1,68,974.0981,79.697426,0.98999995,1963.5057689999999,67.42299991686063
drag1,21,644.59515,1327.5006,0.83,2060.126385,70.47353490382469
drag1,75,940.1295,1103.4253,0.79999995,2066.9666159999997,109.31730904220859
drag1,17,929.13855,1102.4281,0.44,366.230615,252.6121045242568
drag1,78,951.1193,1307.3191,0.35,398.36607699999996,105.05754932709551
drag1,54,86.91952,1243.3838,0.65,3650.039538,55.31481172472247
drag1,22,382.44272,1456.2415,0.53999996,1873.7506159999998,74.12050333989129
drag1,18,412.61795,1226.3612,0.57,1399.716692,90.60480168778628
drag1,55,90.91582,1476.1371,0.55,1950.087924,63.282142476086264
drag1,67,832.1077,1324.4319,0.48,2133.038,79.76102208196117
drag1,82,512.52545,1613.1598,0.5,1593.386693,64.27270597083553
drag1,84,834.2276,1625.1536,0.39,1478.908616,75.21692131638203
drag1,44,552.48846,1326.3092,0.72999996,2088.2039999999997,68.04595518402027
drag1,38,549.4912,1073.3104,0.77,1748.9859999999999,85.94178225208447
drag1,45,271.74838,1295.3253,0.81,2128.164539,73.90429592226451
drag1,44,550.5775,1307.4064,0.56,1787.935154,94.92093502852799
drag1,39,217.79834,1038.43,0.59,1970.4289999999999,84.81057163589387
drag1,56,116.89177,1296.3248,0.74,1472.286308,80.89528693954968
drag1,81,378.6494,1610.1614,0.83,2192.10677,50.18222551440548
drag1,20,442.5902,1325.3097,0.72999996,1799.1024619999998,80.82649619653151
drag1,79,117.89084,1600.6663,0.84999996,2054.892693,58.903855973142164
drag1,33,539.5005,641.6658,0.85999995,2846.8480769999996,59.617830635225296
drag1,35,269.75024,878.5424,0.57,1470.9169239999999,73.14394507515772
drag1,34,417.6133,949.50543,0.5,615.524308,137.4934525773574
drag1,32,253.76503,654.659,0.71,1634.1567699999998,77.30353476646675
drag1,9,387.64108,718.6257,0.69,1585.454538,81.06344695446228
drag1,8,667.3821,498.41684,0.91999996,1748.954692,68.64316608890397
drag1,6,417.6133,455.7626,0.68,1830.189616,78.05053873260954
drag1,7,699.3525,738.8567,0.78999996,1821.397769,82.77852624032651
drag1,14,372.65494,41.478394,0.69,2614.240923,73.24368223827362
drag1,47,89.41721,320.8329,0.77,1767.933615,57.21180037920401
drag1,46,128.74187,47.114388,0.65999997,1227.137,123.5384770357703
drag1,10,379.64847,294.84644,0.74,1832.607231,67.11552993545703
drag1,4,656.3922,610.68195,0.71,2141.379923,68.17021970897237
drag1,73,803.2562,739.61475,0.78999996,582.915385,252.2178966133048
drag1,72,939.13043,671.2589,0.72999996,1817.237846,95.28324802841766
drag1,3,697.1184,872.3095,0.59,1379.609692,78.44873261003116
scale2,25,-246.30972,2516.6430769999997
scale2,25,-326.04288,1939.866307
scale2,25,-85.396774,3718.0023079999996
scale2,9,-39.812836,1432.777461
scale2,28,-13.794479,2321.605923
scale2,10,-25.13011,2708.160924
scale2,29,-43.300606,2565.8375379999998
scale2,12,-18.255152,2239.974077
scale2,30,-22.00086,2508.046462
scale2,13,-352.23697,1441.017539
scale2,32,-401.45654,1543.7956159999999
scale2,15,-29.39629,3230.861462
scale2,34,-45.624252,3168.668308
scale2,17,-382.44785,2095.9625379999998
scale2,25,-26.68265,2351.2463079999998
scale2,9,-34.692146,1862.1968459999998
scale2,28,-94.34849,3894.3955379999998
scale2,10,-49.414085,3560.228846
scale2,29,-48.404926,2455.229538
scale2,12,-50.789505,3659.266693
scale2,30,-37.091827,4222.469153999999
scale2,13,-21.587076,3025.726847
scale2,32,-87.2025,6082.056001
scale2,15,-44.76282,4455.914384
scale2,34,-44.02652,4438.053462
scale2,17,-64.8737,3569.4034619999998
scale2,1,-465.41913,2118.452308
scale2,20,-32.44044,3780.6956929999997
scale2,3,-455.28415,1839.377385
scale2,24,-33.88837,2186.238154
scale2,16,-181.96814,1289.024692
scale2,2,-464.3001,1993.557231
scale2,23,-352.9424,5550.648
scale2,7,-348.8509,815.3276149999999
scale2,11,-452.97873,1881.0503079999999
scale2,14,-444.0221,1890.927847
scale2,26,-472.18353,2055.2327689999997
scale2,35,-363.872,1103.315692
scale2,21,-6.69532,2870.653308
scale2,22,-54.252853,2740.1131539999997
scale2,27,17.956238,1182.404
scale2,36,-8.867151,889.027846
scale2,31,-9.801218,592.582462
scale2,19,-12.666676,651.9046159999999
scale2,4,-85.65131,549.452308
scale2,8,-207.86986,620.8719239999999
scale2,5,115.31879,559.822923
scale2,33,264.31308,426.741769
scale2,18,-78.478195,469.60523
scale2,25,-31.223888,1697.651077
scale2,9,-308.5167,1157.622693
scale2,28,-13.071585,1339.500077
scale2,10,-410.4253,1165.288769
scale2,25,-205.2061,1839.479462
scale2,9,-455.5212,2677.2671539999997
scale2,25,-305.6139,1831.3057689999998
scale2,25,-66.59902,3912.1826149999997
scale2,9,-57.37178,3579.1019229999997
scale2,28,-129.76233,1882.4175389999998
scale2,10,-28.93083,1370.761462
scale2,29,-50.291943,1206.848847
scale2,12,-40.149387,2484.485846
scale2,30,-13.05459,1523.825153
scale2,13,-293.06982,1279.507308
scale2,32,-116.19092,2861.748231
scale2,15,-265.2629,2063.040693
scale2,34,141.48285,1399.2409229999998
scale2,17,-15.313723,2301.2469229999997
scale2,1,-87.30078,2096.1109229999997
scale2,20,169.79749,1225.344539
scale2,3,-76.64861,3158.820539
scale2,24,-24.475445,2545.744846
scale2,16,-33.870243,2748.958154
scale2,2,-11.293648,1450.8639229999999
scale2,23,-11.5895405,1810.351846
scale2,7,-36.999367,1523.3916159999999
scale2,11,-3.857872,1746.7040769999999
scale2,14,68.24339,890.201769
scale2,26,-176.12752,2063.181923
scale2,35,193.26892,943.867769
scale2,21,-63.909805,2168.058308
scale2,22,26.02937,1176.931846
scale2,27,-77.318665,2076.7606149999997
scale2,36,-8.8821945,2747.6839999999997
scale2,31,-13.440491,2412.7271539999997
scale2,19,-40.759804,1757.1017689999999
scale2,4,-28.605669,3086.6356149999997
scale2,8,-460.8777,1562.4044609999999
scale2,5,-40.68163,1279.177846
scale2,33,-121.161644,920.498154
scale2,18,-90.90216,1050.6119999999999
scale2,6,-447.41992,1643.2079999999999
scale1,27,40.660915,912.8824619999999
scale1,46,-27.859818,1206.562308
scale1,26,-18.610119,1127.390846
scale1,4,-2.3749352,2170.5868459999997
scale1,43,-7.369423,1503.353846
scale1,25,-17.05521,2384.696846
scale1,42,-9.487776,1902.3807689999999
scale1,23,-8.838844,1595.771923
scale1,5,4.9436417,1157.919077
scale1,24,83.102615,960.6010769999999
scale1,19,1.7028809,1741.75577
scale1,2,-19.65497,2322.761
scale1,44,-3.2989197,953.7133849999999
scale1,65,-12.827946,1440.503231
scale1,45,-9.457546,1993.9689999999998
scale1,28,-135.08803,1279.503
scale1,13,-5.2803383,1512.385538
scale1,56,-6.5956764,1328.5205389999999
scale1,40,-22.13855,1381.905769
scale1,41,-18.422098,1432.665769
scale1,6,-7.4045277,1271.044846
scale1,51,-27.102053,1270.8134619999998
scale1,36,-5.5318394,802.0981539999999
scale1,21,-10.183022,2136.879692
scale1,8,-9.546656,1596.075769
scale1,57,-7.8496113,1696.9021539999999
scale1,39,57.05348,841.035846
scale1,9,-6.8397446,1339.1275389999998
scale1,58,14.919228,862.0359229999999
scale1,47,-12.709122,1805.8595389999998
scale1,1,-11.918844,1544.282692
scale1,35,-26.22761,1251.0476159999998
scale1,3,0.8512001,1187.576615
scale1,17,-15.607779,2182.533539
scale1,53,-4.699196,1971.3733849999999
scale1,34,-6.2180214,2545.396616
scale1,18,-4.14406,1176.732616
scale1,50,-11.854317,1749.42277
scale1,62,-11.794441,1248.599692
scale1,66,-11.020523,2135.623923
scale1,20,-5.866356,1831.746846
scale1,37,-3.332428,1491.9933839999999
scale1,32,-10.796093,1669.90023
scale1,31,-1.3445034,2293.866
scale1,49,8.239849,1942.597307
scale1,7,-6.426298,1504.099616
scale1,15,3.050766,2198.825692
scale1,10,-5.970537,1972.58377
scale1,60,-9.403868,2018.7153079999998
scale1,63,-3.2298603,1667.043154
scale1,59,-1.034277,1963.7716919999998
scale1,55,7.175926,1177.540923
scale1,14,-1.4524784,2497.63177
scale1,12,10.070343,1112.279923
scale1,54,-19.99146,2295.002923
scale1,52,3.1753578,1081.304692
scale1,48,-5.018795,1155.519538
scale1,30,-0.87885475,2018.873461
scale1,16,-10.456718,1563.269769
scale1,11,-3.6184845,1361.732231
scale1,61,-3.6184845,18.581153999999998
scale1,38,20.974445,1042.264615
scale1,29,5.2456627,1941.3602309999999
scale1,64,7.4482155,1033.591692
scale1,22,5.5440445,973.7310769999999
scale1,33,-23.46029,1206.183462
