tap2,6,138,480,202.81221,510.73398,1.5,1567324515480
tap2,7,759,1101,827.2341,1121.4159,1.17,1567324516493
tap2,8,138,1101,194.81961,1142.405,1.1999999,1567324517707
tap2,9,759,480,866.198,516.73083,1.29,1567324518932
tap2,164,0,687,108.89917,729.62,1.15,1567324520157
tap2,183,621,1308,698.3534,1351.2961,1.1999999,1567324521146
tap2,182,0,1308,91.914894,1321.3118,1.0,1567324522422
tap2,163,621,687,720.333,714.6278,1.2099999,1567324523789
tap2,242,345,66,432.59946,102.94638,1.22,1567324525351
tap2,243,552,1032,640.40704,1062.4467,1.09,1567324526647
tap2,244,345,1032,422.6087,1051.4524,1.02,1567324527882
tap2,245,552,66,628.41815,118.93805,1.17,1567324529372
tap2,42,69,411,158.85292,429.77615,1.25,1567324530648
tap2,43,690,1032,749.3062,1055.4503,1.0799999,1567324531760
tap2,45,690,411,747.30804,422.7798,1.1999999,1567324533016
tap2,44,69,1032,112.89547,1032.4623,1.03,1567324534230
tap2,322,345,756,403.62628,788.58923,1.28,1567324535343
tap2,321,483,1653,546.494,1680.1249,1.06,1567324536486
tap2,316,345,1653,403.62628,1696.1166,0.95,1567324537771
tap2,323,483,756,535.50415,779.59393,1.18,1567324538894
tap2,2,138,549,191.82239,568.7038,1.2099999,1567324540058
tap2,3,759,1170,853.21,1209.3701,1.02,1567324541140
tap2,4,138,1170,189.82423,1202.3738,1.05,1567324542303
tap2,5,759,549,819.24146,575.70013,1.18,1567324543783
tap2,11,759,1032,832.22943,1074.4404,0.98999995,1567324544906
tap2,10,138,411,239.77798,405.78864,1.1899999,1567324546253
tap2,12,138,1032,244.77336,1039.4586,1.18,1567324547478
tap2,13,759,411,845.2174,428.77667,1.11,1567324548611
tap2,15,759,963,841.22107,993.48254,0.91999996,1567324549672
tap2,14,138,342,210.80481,358.8131,1.0699999,1567324550897
tap2,17,759,342,817.2433,373.8053,1.06,1567324552081
tap2,16,138,963,215.80019,951.5044,1.05,1567324553184
tap2,122,207,66,299.72247,140.92659,1.11,1567324554511
tap2,123,828,687,944.1258,689.6408,1.02,1567324555562
tap2,124,207,687,287.73358,702.63403,1.05,1567324556644
tap2,125,828,66,894.17206,107.94378,1.06,1567324557991
tap2,135,621,1170,722.3312,1204.3727,0.96999997,1567324559288
tap2,134,0,549,73.93155,574.7007,0.78999996,1567324560421
tap2,136,0,1170,73.93155,1165.393,0.77,1567324561656
tap2,137,621,549,703.34875,546.7152,1.06,1567324562758
tap2,130,69,66,191.82239,96.9495,1.12,1567324564249
tap2,131,690,687,782.2757,752.608,0.98999995,1567324565484
tap2,133,690,66,756.29974,88.95367,1.01,1567324566791
tap2,132,69,687,141.86864,693.63873,0.84999996,1567324568169
tap2,127,759,687,844.2183,709.6304,0.83,1567324569323
tap2,126,138,66,236.78076,119.93753,1.11,1567324570599
tap2,128,138,687,218.79741,672.64966,1.11,1567324571691
tap2,129,759,66,802.2572,79.95835,0.96,1567324572998
tap2,18,138,273,224.79185,301.84277,1.18,1567324574192
tap2,19,759,894,804.2553,932.5143,1.02,1567324575224
tap2,20,138,894,220.79556,886.53827,0.96999997,1567324576285
tap2,21,759,273,839.22296,309.83862,1.12,1567324577449
tap2,35,828,1170,905.16187,1232.3582,0.95,1567324578419
tap2,34,207,549,256.76227,568.7038,0.98999995,1567324579541
tap2,36,207,1170,284.73636,1195.3773,1.0799999,1567324580685
tap2,37,828,549,924.1443,559.7085,1.0,1567324582063
tap2,26,138,135,229.78723,166.91306,1.14,1567324583319
tap2,27,759,756,874.19055,791.5877,0.59999996,1567324584421
tap2,28,138,756,171.84088,782.5924,1.02,1567324585544
tap2,29,759,135,812.2479,191.90005,1.2099999,1567324586749
tap2,43,690,1032,759.29694,1041.4575,0.93,1567324587729
tap2,42,69,411,135.87419,471.75427,1.04,1567324588709
tap2,45,690,411,778.27936,392.7954,1.0799999,1567324589710
tap2,44,69,1032,183.82979,1007.4752,0.58,1567324590792
tap2,24,138,825,199.81499,878.5424,0.89,1567324591997
tap2,25,759,204,824.2368,236.87662,1.1899999,1567324593171
tap2,22,138,204,200.81406,232.87871,1.15,1567324594406
tap2,23,759,825,832.22943,865.5492,1.0699999,1567324595468
tap2,38,69,480,125.88344,523.72723,1.09,1567324596571
tap2,39,690,1101,757.2988,1136.4081,0.97999996,1567324597827
tap2,40,69,1101,123.88529,1130.4113,1.03,1567324598991
tap2,41,690,480,755.30066,512.7329,1.02,1567324600022
tap2,33,690,549,770.2868,583.696,0.93,1567324601411
tap2,32,69,1170,140.86957,1208.3706,0.81,1567324602523
tap2,30,69,549,143.86679,584.69543,1.11,1567324603759
tap2,31,690,1170,768.28864,1210.3696,0.89,1567324605025
tap2,46,69,342,173.83904,389.79697,0.96999997,1567324606311
tap2,47,690,963,757.2988,994.482,1.0799999,1567324607496
tap2,48,69,963,140.86957,1001.4784,0.97999996,1567324608629
tap2,49,690,342,799.25995,364.81,0.96999997,1567324609579
tap2,108,276,963,329.69473,1011.47314,0.98999995,1567324610681
tap2,231,897,1584,980.0925,1613.1598,0.76,1567324611774
tap2,230,276,1584,371.65588,1610.1614,0.88,1567324612927
tap2,107,897,963,987.08606,978.49036,0.9,1567324613969
tap2,143,621,1032,695.35614,1062.4467,0.85999995,1567324615123
tap2,232,0,1653,85.92044,1660.1353,0.91999996,1567324616297
tap2,233,621,1653,687.3635,1686.1218,0.85999995,1567324617604
tap2,144,0,1032,104.90287,1048.4539,0.91999996,1567324619002
tap2,44,69,1032,145.86494,1086.4341,0.96,1567324620289
tap2,235,690,1653,724.32935,1688.1207,0.85999995,1567324621534
tap2,43,690,1032,744.31085,1082.4362,1.05,1567324622596
tap2,234,69,1653,136.87326,1647.1421,0.98999995,1567324623832
tap2,12,138,1032,207.80759,1053.4513,0.87,1567324624955
tap2,237,759,1653,807.25256,1647.1421,0.78999996,1567324626170
tap2,11,759,1032,830.23126,1093.4304,0.91999996,1567324627303
tap2,236,138,1653,203.81128,1676.127,0.89,1567324628426
tap2,238,207,1653,278.7419,1668.1311,0.84,1567324629498
tap2,67,828,1032,907.16003,1066.4446,1.02,1567324630764
tap2,68,207,1032,307.7151,1056.4497,1.0699999,1567324632061
tap2,239,828,1653,883.18225,1684.1228,0.84,1567324633296
tap2,104,276,1032,345.67993,1061.4471,0.97999996,1567324634552
tap2,241,897,1653,932.1369,1670.1301,0.9,1567324635920
tap2,240,276,1653,352.67346,1660.1353,0.98999995,1567324637104
tap2,103,897,1032,979.09344,1080.4373,0.94,1567324638166
tap2,50,69,273,163.8483,288.84955,1.18,1567324639595
tap2,51,690,894,765.2914,920.52057,1.0,1567324640780
tap2,52,69,894,122.886215,902.5299,0.96999997,1567324642036
tap2,53,690,273,734.32007,314.83603,1.1,1567324643251
tap2,55,690,825,780.2775,833.56586,0.93,1567324644435
tap2,54,69,204,168.84366,213.8886,1.0799999,1567324645763
tap2,56,69,825,128.88066,836.5643,0.89,1567324647100
tap2,57,690,204,783.2748,224.88287,1.05,1567324648264
tap2,59,690,756,766.29047,789.58875,0.90999997,1567324649367
tap2,58,69,135,165.84644,154.91931,1.02,1567324650980
tap2,61,690,135,784.2738,146.92348,0.93,1567324652491
tap2,60,69,756,151.85939,757.6054,0.89,1567324653727
tap2,62,207,480,288.73267,500.7392,0.9,1567324654901
tap2,63,828,1101,896.1702,1125.4138,0.83,1567324656137
tap2,64,207,1101,309.71323,1093.4304,1.01,1567324657301
tap2,65,828,480,908.1591,510.73398,0.98999995,1567324658475
tap2,290,345,480,440.59204,475.7522,0.94,1567324659751
tap2,291,552,1446,619.42645,1458.2405,0.96999997,1567324660875
tap2,293,552,480,616.42926,523.72723,1.02,1567324662008
tap2,292,345,1446,425.60593,1459.24,0.93,1567324663152
tap2,141,621,480,690.3608,484.74753,0.97999996,1567324664346
tap2,295,414,1446,478.5569,1474.2322,0.9,1567324665562
tap2,294,414,480,472.56244,527.72516,1.01,1567324666685
tap2,203,621,1446,688.3626,1499.2191,0.88,1567324667808
tap2,297,483,1446,567.47455,1477.2306,0.76,1567324668890
tap2,41,690,480,767.28955,532.72253,1.05,1567324670156
tap2,296,483,480,564.47736,529.72406,1.09,1567324671270
tap2,205,690,1446,772.2849,1469.2347,0.72999996,1567324672454
tap2,319,414,1653,492.54395,1667.1317,0.78,1567324673577
tap2,325,552,756,644.4033,818.57367,0.97999996,1567324674700
tap2,324,414,756,509.52823,770.59863,1.0,1567324675804
tap2,315,552,1653,630.41626,1662.1343,0.78,1567324676967
tap2,298,345,549,448.58466,557.70953,1.0699999,1567324678254
tap2,299,552,1515,617.4283,1535.2004,0.97999996,1567324679388
tap2,301,552,549,644.4033,606.684,1.04,1567324680460
tap2,300,345,1515,431.60037,1510.2134,0.89,1567324681665
tap2,326,345,825,441.59113,851.55646,1.1,1567324682870
tap2,256,483,135,575.46716,162.91515,1.12,1567324684167
tap2,250,345,135,416.61426,173.90942,0.98999995,1567324685606
tap2,327,483,825,566.47546,838.56323,1.05,1567324686658
tap2,67,828,1032,882.18317,1089.4326,0.9,1567324687679
tap2,66,207,411,309.71323,407.7876,1.04,1567324688956
tap2,68,207,1032,282.73822,1054.4508,0.88,1567324690018
tap2,69,828,411,914.15356,469.7553,0.9,1567324691100
tap2,72,207,963,296.72525,961.4992,1.05,1567324692387
tap2,73,828,342,895.17114,366.80893,0.93,1567324693581
tap2,70,207,342,316.70676,352.81622,1.04,1567324694939
tap2,71,828,963,898.1684,994.482,0.94,1567324695991
tap2,76,207,894,265.75394,886.53827,1.03,1567324697114
tap2,77,828,273,911.1564,291.848,1.0799999,1567324698207
tap2,74,207,273,289.73172,266.861,1.18,1567324699606
tap2,75,828,894,908.1591,904.5289,0.96999997,1567324700688
tap2,80,207,825,260.75854,848.55804,1.16,1567324701821
tap2,81,828,204,916.15173,186.90265,1.26,1567324702945
tap2,78,207,204,309.71323,235.87714,1.11,1567324704129
tap2,79,828,825,911.1564,867.54816,0.82,1567324705242
tap2,84,207,756,294.7271,778.5945,1.05,1567324706304
tap2,85,828,135,886.17944,183.9042,1.12,1567324707468
tap2,82,207,135,292.72894,179.9063,1.05,1567324708703
tap2,83,828,756,919.1489,767.6002,1.12,1567324709817
tap2,89,621,618,689.3617,627.6731,1.0799999,1567324710950
tap2,88,0,1239,105.90195,1263.3419,1.02,1567324712104
tap2,87,621,1239,688.3626,1277.3347,1.03,1567324713176
tap2,86,0,618,91.914894,629.67206,0.97999996,1567324714432
tap2,305,483,1515,549.4912,1530.203,0.84,1567324715698
tap2,33,690,549,753.3025,581.697,0.88,1567324716577
tap2,304,483,549,571.4709,569.70325,1.14,1567324717577
tap2,215,690,1515,767.28955,1543.1962,0.93,1567324718792
tap2,309,552,618,657.3913,679.646,1.03,1567324719834
tap2,308,345,1584,415.61517,1575.1796,1.02,1567324720937
tap2,307,552,1584,638.4089,1594.1697,0.96,1567324722040
tap2,306,345,618,409.62073,641.6658,0.83,1567324723163
tap2,258,345,204,437.59482,209.89067,1.1,1567324724460
tap2,331,483,894,577.46533,918.5216,1.14,1567324725532
tap2,330,345,894,397.63184,903.5294,1.13,1567324726584
tap2,264,483,204,547.49304,245.87193,1.25,1567324727748
tap2,223,621,1584,696.3552,1584.1749,1.0799999,1567324728911
tap2,310,414,618,476.55875,645.6637,1.15,1567324729994
tap2,89,621,618,697.3543,653.65955,1.13,1567324731168
tap2,311,414,1584,461.57263,1606.1635,1.0799999,1567324732332
tap2,261,552,204,651.39685,248.87038,1.1899999,1567324733660
tap2,322,345,756,448.58466,787.5898,1.14,1567324734753
tap2,262,414,204,511.52637,225.88235,1.22,1567324736060
tap2,333,552,894,617.4283,925.51794,1.16,1567324737071
tap2,312,483,618,542.4977,638.66736,1.13,1567324738143
tap2,225,690,1584,742.3127,1600.1665,1.01,1567324739246
tap2,93,690,618,781.2766,626.6736,1.01,1567324740349
tap2,313,483,1584,552.48846,1582.1759,1.12,1567324741504
tap2,91,690,1239,755.30066,1285.3306,1.02,1567324742495
tap2,90,69,618,175.83719,639.6668,1.11,1567324743617
tap2,93,690,618,768.28864,656.65796,1.05,1567324744659
tap2,92,69,1239,134.87512,1250.3488,1.06,1567324745782
tap2,108,276,963,348.67715,971.494,1.0799999,1567324746783
tap2,109,897,342,983.0897,363.81052,1.13,1567324747916
tap2,106,276,342,371.65588,316.83496,1.11,1567324749101
tap2,107,897,963,969.10266,1002.47784,1.15,1567324750194
tap2,100,276,1101,343.68176,1163.394,1.1,1567324751287
tap2,101,897,480,980.0925,545.71576,1.18,1567324752359
tap2,99,897,1101,968.10364,1135.4086,1.04,1567324753380
tap2,98,276,480,360.66605,491.74387,1.12,1567324754646
tap2,105,897,411,980.0925,446.7673,1.1,1567324755729
tap2,104,276,1032,360.66605,1026.4653,1.1899999,1567324756750
tap2,102,276,411,359.667,473.75323,1.13,1567324757914
tap2,103,897,1032,960.111,1093.4304,0.97999996,1567324758915
tap2,97,897,549,985.0879,549.7137,1.02,1567324759936
tap2,96,276,1170,384.64386,1206.3717,1.15,1567324760967
tap2,94,276,549,365.66144,549.7137,1.15,1567324761978
tap2,95,897,1170,956.1147,1187.3816,0.93,1567324763204
tap2,111,897,894,971.1008,947.5065,1.0,1567324764276
tap2,110,276,273,397.63184,294.84644,1.06,1567324765399
tap2,112,276,894,359.667,940.51013,1.18,1567324766492
tap2,113,897,273,977.0953,289.84903,1.12,1567324767585
tap2,116,276,825,364.66235,825.57,1.1,1567324768749
tap2,117,897,204,978.09436,220.88495,0.95,1567324769995
tap2,114,276,204,370.6568,240.87454,1.2099999,1567324771211
tap2,115,897,825,976.0962,887.5377,1.1,1567324772232
tap2,119,897,756,984.0888,808.57886,0.96999997,1567324773386
tap2,118,276,135,402.6272,159.9167,1.13,1567324774673
tap2,121,897,135,941.1286,137.92816,1.1899999,1567324775867
tap2,120,276,756,352.67346,785.5908,1.09,1567324776919
tap2,152,0,894,74.93062,906.52783,1.01,1567324778145
tap2,213,621,1515,716.33673,1532.2019,1.18,1567324779361
tap2,212,0,1515,108.89917,1516.2103,0.98999995,1567324780627
tap2,151,621,894,721.3321,887.5377,1.0799999,1567324781618
tap2,56,69,825,161.85014,844.5601,1.0,1567324782854
tap2,205,690,1446,744.31085,1477.2306,0.83,1567324784181
tap2,204,69,1446,167.84459,1464.2373,0.96999997,1567324785376
tap2,55,690,825,763.2933,847.55853,0.9,1567324786428
tap2,24,138,825,221.79463,829.56793,0.76,1567324787501
tap2,207,759,1446,820.24054,1465.2368,0.82,1567324788716
tap2,206,138,1446,215.80019,1473.2327,0.97999996,1567324789819
tap2,23,759,825,847.2156,826.56946,1.02,1567324790892
tap2,80,207,825,276.74374,885.53876,1.0699999,1567324792015
tap2,209,828,1446,889.1767,1457.241,0.96999997,1567324793169
tap2,208,207,1446,291.7299,1457.241,0.97999996,1567324794232
tap2,79,828,825,908.1591,846.5591,0.95,1567324795253
tap2,115,897,825,978.09436,856.55383,0.97999996,1567324796356
tap2,210,276,1446,379.64847,1432.254,1.0799999,1567324797429
tap2,116,276,825,373.65402,818.57367,1.26,1567324798450
tap2,211,897,1446,948.12213,1449.2451,0.98999995,1567324799655
tap2,203,621,1446,676.3737,1492.2228,0.94,1567324800697
tap2,156,0,825,101.90564,831.5669,0.96,1567324801872
tap2,202,0,1446,89.91675,1445.2472,1.01,1567324803066
tap2,155,621,825,686.3645,842.56116,1.15,1567324804231
tap2,52,69,894,136.87326,930.5153,1.14,1567324805345
tap2,215,690,1515,757.2988,1517.2097,0.98999995,1567324806591
tap2,51,690,894,769.2877,947.5065,0.97999996,1567324807612
tap2,214,69,1515,187.82608,1536.1998,1.03,1567324808807
tap2,216,138,1515,203.81128,1493.2223,1.02,1567324809869
tap2,19,759,894,881.1841,911.5252,1.05,1567324810891
tap2,217,759,1515,832.22943,1529.2035,1.01,1567324812035
tap2,20,138,894,216.79926,910.52576,1.13,1567324813220
tap2,141,621,480,727.32654,498.74023,1.05,1567324814221
tap2,140,0,1101,88.91767,1121.4159,0.98999995,1567324815426
tap2,138,0,480,120.88807,498.74023,1.04,1567324816703
tap2,139,621,1101,672.37744,1158.3966,0.98999995,1567324817908
tap2,142,0,411,103.90379,458.76105,1.0799999,1567324819103
tap2,143,621,1032,704.34784,1053.4513,1.0799999,1567324820175
tap2,144,0,1032,85.92044,1045.4554,0.96999997,1567324821370
tap2,145,621,411,684.36633,460.76,1.15,1567324822545
tap2,148,0,963,104.90287,941.5096,1.0799999,1567324823669
tap2,149,621,342,700.3515,393.7949,1.1999999,1567324824833
tap2,147,621,963,706.346,1014.4716,0.96999997,1567324826008
tap2,146,0,342,102.90472,357.81363,0.98999995,1567324827233
tap2,153,621,273,714.33856,297.84488,0.97999996,1567324828265
tap2,152,0,894,96.91027,893.5346,1.09,1567324829327
tap2,150,0,273,77.92784,293.84695,1.05,1567324830645
tap2,151,621,894,710.3423,911.5252,1.03,1567324831830
tap2,266,345,273,437.59482,299.8438,1.04,1567324832984
tap2,267,552,1239,632.4144,1251.3483,0.85999995,1567324834169
tap2,269,552,273,630.41626,307.83966,1.0799999,1567324835252
tap2,268,345,1239,426.605,1256.3456,0.96,1567324836212
tap2,271,414,1239,489.54672,1271.3378,1.02,1567324837305
tap2,153,621,273,713.3395,290.8485,1.06,1567324838357
tap2,270,414,273,507.53006,303.84174,1.17,1567324839511
tap2,87,621,1239,707.34503,1246.3508,0.97999996,1567324840696
tap2,91,690,1239,762.2942,1276.3352,0.91999996,1567324841768
tap2,272,483,273,575.46716,292.84747,1.17,1567324842800
tap2,273,483,1239,553.4875,1248.3497,1.0,1567324843862
tap2,53,690,273,772.2849,338.82352,1.04,1567324844884
tap2,277,552,342,659.38947,331.82718,1.0699999,1567324845997
tap2,276,345,1308,418.6124,1318.3134,1.02,1567324847039
tap2,274,345,342,425.60593,352.81622,0.94,1567324848204
tap2,275,552,1308,606.4385,1331.3065,1.13,1567324849225
tap2,183,621,1308,722.3312,1332.306,1.0,1567324850287
tap2,278,414,342,497.5393,351.81674,0.95,1567324851523
tap2,149,621,342,678.3719,380.80167,1.18,1567324852575
tap2,279,414,1308,472.56244,1322.3113,1.06,1567324853617
tap2,281,483,1308,560.481,1328.3081,0.97999996,1567324854608
tap2,49,690,342,798.26086,361.81155,1.0799999,1567324855588
tap2,280,483,342,575.46716,354.8152,1.17,1567324856650
tap2,185,690,1308,771.2858,1331.3065,0.97999996,1567324857682
tap2,156,0,825,88.91767,841.56165,1.14,1567324858826
tap2,157,621,204,705.3469,245.87193,1.1,1567324859868
tap2,155,621,825,704.34784,854.5549,0.9,1567324860889
tap2,154,0,204,120.88807,224.88287,1.16,1567324862125
tap2,158,0,135,101.90564,174.90889,1.1999999,1567324863494
tap2,159,621,756,716.33673,805.5804,1.06,1567324864546
tap2,160,0,756,84.92137,783.59186,1.0699999,1567324865628
tap2,161,621,135,715.33765,155.9188,1.03,1567324866721
tap2,162,0,66,89.91675,100.94742,1.09,1567324868631
tap2,163,621,687,689.3617,712.62885,1.17,1567324869704
tap2,164,0,687,107.90009,716.6267,1.1,1567324870756
tap2,165,621,66,714.33856,102.94638,1.25,1567324872012
tap2,169,897,66,982.09064,89.95315,1.05,1567324873340
tap2,168,276,687,395.63367,688.6413,0.96,1567324874392
tap2,166,276,66,364.66235,92.951584,1.28,1567324875628
tap2,167,897,687,979.09344,748.6101,1.12,1567324876568
tap2,170,138,618,222.79372,627.6731,1.1,1567324877702
tap2,171,759,1239,826.235,1249.3492,0.95,1567324878662
tap2,173,759,618,822.23865,636.6684,1.13,1567324879561
tap2,172,138,1239,218.79741,1261.343,1.04,1567324880644
tap2,177,828,618,895.17114,649.6616,1.06,1567324881614
tap2,176,207,1239,268.75116,1255.3462,1.09,1567324882687
tap2,174,207,618,323.7003,593.6908,1.1999999,1567324883831
tap2,175,828,1239,873.19147,1261.343,1.0799999,1567324885097
tap2,133,690,66,759.29694,121.936485,1.22,1567324887763
tap2,249,483,1032,560.481,1074.4404,1.04,1567324888836
tap2,43,690,1032,777.2803,1050.4529,1.12,1567324889766
tap2,248,483,66,567.47455,109.94273,1.23,1567324891083
tap2,251,552,1101,612.4329,1153.3993,1.12,1567324892146
tap2,250,345,135,444.58835,148.92244,1.24,1567324893300
tap2,252,345,1101,402.6272,1104.4248,1.09,1567324894404
tap2,253,552,135,635.4117,184.90369,1.1899999,1567324895578
tap2,254,414,135,494.54208,179.9063,1.2099999,1567324896692
tap2,139,621,1101,695.35614,1119.417,1.06,1567324897713
tap2,161,621,135,710.3423,143.92503,1.1,1567324898725
tap2,255,414,1101,490.5458,1125.4138,1.15,1567324899859
tap2,178,276,618,331.69287,643.66473,1.13,1567324900880
tap2,179,897,1239,993.0805,1253.3472,0.98999995,1567324902014
tap2,181,897,618,992.0814,656.65796,1.03,1567324903026
tap2,180,276,1239,373.65402,1246.3508,1.2099999,1567324904129
tap2,132,69,687,153.85754,676.6476,1.16,1567324905232
tap2,185,690,1308,789.2692,1326.3092,0.9,1567324906540
tap2,184,69,1308,162.84921,1306.3196,1.02,1567324907694
tap2,131,690,687,741.3136,729.62,1.1,1567324908818
tap2,127,759,687,853.21,719.6252,1.0,1567324909819
tap2,187,759,1308,832.22943,1332.306,0.87,1567324910872
tap2,186,138,1308,214.80112,1326.3092,1.0799999,1567324911995
tap2,126,138,66,241.77614,97.94898,1.09,1567324913292
tap2,123,828,687,916.15173,679.646,0.94,1567324914416
tap2,188,207,1308,267.75208,1310.3175,0.95,1567324915489
tap2,124,207,687,297.72433,738.6153,1.23,1567324916644
tap2,189,828,1308,910.1573,1322.3113,0.96,1567324917879
tap2,317,552,687,635.4117,719.6252,1.11,1567324918850
tap2,316,345,1653,414.6161,1649.141,0.93,1567324919912
tap2,314,345,687,453.58002,696.63715,1.01,1567324920975
tap2,315,552,1653,649.3987,1654.1384,0.89,1567324922068
tap2,266,345,273,444.58835,339.823,1.11,1567324923273
tap2,335,483,963,558.4829,978.49036,1.04,1567324924325
tap2,272,483,273,579.46344,305.8407,1.11,1567324925561
tap2,334,345,963,413.61703,984.48724,1.01,1567324926685
tap2,318,414,687,505.53192,693.63873,1.1,1567324927707
tap2,233,621,1653,676.3737,1669.1306,1.06,1567324928790
tap2,163,621,687,695.35614,721.62415,1.0699999,1567324929893
tap2,319,414,1653,492.54395,1672.129,0.82,1567324930956
tap2,269,552,273,660.38855,298.84433,1.12,1567324932131
tap2,336,414,963,480.55505,967.4961,1.13,1567324933132
tap2,337,552,963,637.4098,986.4862,1.1,1567324934092
tap2,270,414,273,527.5116,302.84225,1.1899999,1567324935104
tap2,168,276,687,358.6679,708.6309,1.05,1567324936115
tap2,191,897,1308,972.0999,1343.3003,0.90999997,1567324937157
tap2,167,897,687,968.10364,734.6174,0.98999995,1567324938271
tap2,190,276,1308,325.69843,1295.3253,1.0799999,1567324939384
tap2,192,0,1377,96.91027,1361.291,1.05,1567324940436
tap2,160,0,756,126.882515,753.6075,1.04,1567324941448
tap2,193,621,1377,716.33673,1385.2784,1.06,1567324942674
tap2,159,621,756,716.33673,779.59393,0.96999997,1567324943634
tap2,194,69,1377,159.85199,1364.2894,1.03,1567324944748
tap2,59,690,756,780.2775,777.595,1.0799999,1567324945708
tap2,60,69,756,153.85754,785.5908,1.0699999,1567324946842
tap2,195,690,1377,768.28864,1402.2697,0.91999996,1567324947987
tap2,28,138,756,209.80574,772.5976,1.0699999,1567324949131
tap2,197,759,1377,845.2174,1371.2858,0.95,1567324950285
tap2,27,759,756,820.24054,814.57574,1.05,1567324951205
tap2,196,138,1377,227.7891,1374.2842,1.05,1567324952431
tap2,84,207,756,302.7197,763.6023,1.02,1567324953729
tap2,199,828,1377,904.16284,1391.2754,0.90999997,1567324954904
tap2,83,828,756,904.16284,779.59393,0.94,1567324955833
tap2,198,207,1377,287.73358,1369.2867,1.04,1567324956957
tap2,200,276,1377,345.67993,1393.2743,0.96,1567324958806
tap2,119,897,756,979.09344,777.595,0.97999996,1567324959859
tap2,120,276,756,369.6577,760.6038,1.06,1567324960880
tap2,201,897,1377,984.0888,1350.2966,0.77,1567324961994
tap2,242,345,66,467.56708,95.95003,1.27,1567324963496
tap2,347,966,687,1009.0657,732.6184,0.96999997,1567324964732
tap2,338,966,66,1008.0666,125.9344,1.0799999,1567324966090
tap2,314,345,687,434.5976,688.6413,1.06,1567324967112
tap2,322,345,756,419.61148,750.609,1.14,1567324968195
tap2,339,966,135,1028.0481,189.9011,0.84999996,1567324969308
tap2,348,966,756,1036.0406,806.5799,0.65999997,1567324970269
tap2,250,345,135,424.60684,165.91359,1.17,1567324971454
tap2,258,345,204,424.60684,215.88756,1.12,1567324972557
tap2,349,966,825,1007.0675,836.5643,0.97999996,1567324973640
tap2,340,966,204,1044.0333,244.87245,0.7,1567324974631
tap2,326,345,825,438.5939,854.5549,1.05,1567324975581
tap2,330,345,894,409.62073,900.53094,1.11,1567324976511
tap2,341,966,273,1033.0435,305.8407,0.81,1567324977481
tap2,266,345,273,419.61148,321.83237,0.96999997,1567324978544
tap2,350,966,894,1028.0481,950.50494,0.77,1567324979606
tap2,76,207,894,257.76132,922.5195,1.13,1567324980546
tap2,219,828,1515,911.1564,1516.2103,1.02,1567324981711
tap2,218,207,1515,299.72247,1510.2134,1.15,1567324982825
tap2,75,828,894,937.13226,899.5315,1.09,1567324983918
tap2,220,276,1515,373.65402,1535.2004,1.06,1567324984980
tap2,111,897,894,983.0897,924.51843,1.06,1567324985931
tap2,112,276,894,380.64755,925.51794,1.06,1567324986963
tap2,221,897,1515,964.1073,1514.2113,0.98999995,1567324988137
tap2,225,690,1584,787.27106,1599.1671,1.04,1567324989220
tap2,48,69,963,154.85661,983.48773,1.16,1567324990232
tap2,47,690,963,770.2868,1006.47577,1.09,1567324991305
tap2,224,69,1584,145.86494,1594.1697,1.0799999,1567324992398
tap2,165,621,66,707.34503,109.94273,1.16,1567324993798
tap2,247,414,1032,501.5356,1046.455,1.16,1567324994789
tap2,143,621,1032,666.383,1056.4497,1.11,1567324995668
tap2,246,414,66,526.5125,97.94898,1.3199999,1567324996986
tap2,15,759,963,820.24054,982.4883,0.95,1567324998028
tap2,226,138,1584,194.81961,1612.1603,1.06,1567324998978
tap2,227,759,1584,840.22205,1594.1697,0.87,1567324999989
tap2,16,138,963,248.76965,970.4945,1.0699999,1567325001011
tap2,72,207,963,300.72156,974.49243,1.02,1567325001931
tap2,229,828,1584,888.1776,1570.1821,1.02,1567325003065
tap2,71,828,963,955.11566,953.50336,1.01,1567325003892
tap2,228,207,1584,288.73267,1572.1812,1.0699999,1567325004883
tap2,242,345,66,428.60315,96.9495,1.3299999,1567325006058
tap2,243,552,1032,641.4061,1053.4513,1.11,1567325007018
tap2,244,345,1032,415.61517,1088.4331,1.11,1567325007938
tap2,245,552,66,632.4144,93.951065,1.29,1567325009174
tap2,148,0,963,99.90749,987.48566,1.06,1567325010277
tap2,223,621,1584,690.3608,1607.1628,1.13,1567325011268
tap2,147,621,963,698.3534,1001.4784,1.23,1567325012249
tap2,222,0,1584,103.90379,1620.1561,1.12,1567325013455
tap2,252,345,1101,407.62256,1137.4076,1.15,1567325014415
tap2,344,966,480,1019.05646,502.73816,0.91999996,1567325015416
tap2,290,345,480,441.59113,477.75116,1.26,1567325016346
tap2,353,966,1101,1017.0583,1113.42,0.83,1567325017664
tap2,345,966,549,1006.0685,582.6965,1.0699999,1567325018574
tap2,260,345,1170,424.60684,1188.381,1.18,1567325019606
tap2,354,966,1170,1029.0472,1181.3846,0.82,1567325020617
tap2,298,345,549,406.6235,549.7137,1.16,1567325021567
tap2,346,966,618,998.07587,699.63556,1.11,1567325022446
tap2,268,345,1239,440.59204,1213.368,1.27,1567325023447
tap2,355,966,1239,1024.0518,1268.3394,0.82,1567325024367
tap2,306,345,618,405.62442,671.65015,1.23,1567325025399
tap2,314,345,687,450.5828,698.6361,1.15,1567325026431
tap2,356,966,1308,1028.0481,1311.317,0.82,1567325027412
tap2,347,966,687,1021.05457,696.63715,0.91999996,1567325028383
tap2,276,345,1308,460.57355,1307.3191,0.75,1567325029384
tap2,257,483,1101,562.4792,1122.4154,1.2099999,1567325030457
tap2,61,690,135,788.27014,185.90317,1.1999999,1567325031499
tap2,39,690,1101,781.2766,1133.4097,1.05,1567325032470
tap2,256,483,135,585.4579,180.90578,1.12,1567325033584
tap2,258,345,204,445.58743,223.88339,1.06,1567325034595
tap2,259,552,1170,639.40796,1168.3915,0.95,1567325035576
tap2,260,345,1170,418.6124,1190.38,1.0699999,1567325036496
tap2,261,552,204,611.43384,213.8886,1.28,1567325037518
tap2,157,621,204,715.33765,243.87297,1.26,1567325038652
tap2,263,414,1170,463.57077,1201.3743,1.18,1567325039674
tap2,262,414,204,527.5116,243.87297,1.3,1567325040706
tap2,135,621,1170,702.3497,1210.3696,1.13,1567325041646
tap2,244,345,1032,448.58466,1048.4539,1.17,1567325042556
tap2,361,966,1653,1024.0518,1654.1384,0.78999996,1567325043730
tap2,352,966,1032,1046.0315,1044.4559,0.59999996,1567325044711
tap2,316,345,1653,427.60406,1628.152,0.97999996,1567325045713
tap2,282,345,411,413.61703,417.7824,1.18,1567325046623
tap2,283,552,1377,658.3904,1365.2888,1.03,1567325047624
tap2,284,345,1377,451.58188,1352.2957,1.12,1567325048431
tap2,285,552,411,658.3904,437.77197,1.27,1567325049433
tap2,145,621,411,732.3219,410.78604,1.1999999,1567325050475
tap2,287,414,1377,483.55228,1400.2706,1.06,1567325051619
tap2,193,621,1377,709.3432,1390.2759,0.94,1567325052559
tap2,286,414,411,512.52545,422.7798,1.1,1567325053908
tap2,288,483,411,596.44775,407.7876,1.17,1567325054838
tap2,195,690,1377,767.28955,1396.2727,0.94,1567325055941
tap2,289,483,1377,550.4903,1410.2655,0.94,1567325056984
tap2,45,690,411,761.2951,429.77615,1.11,1567325058057
tap2,31,690,1170,767.28955,1168.3915,0.85999995,1567325058996
tap2,264,483,204,558.4829,219.88547,1.1899999,1567325060151
tap2,57,690,204,806.2535,182.90474,1.12,1567325061489
tap2,265,483,1170,584.45886,1191.3795,0.95,1567325062470
tap2,300,345,1515,410.6198,1545.1952,0.96,1567325063574
tap2,350,966,894,1029.0472,902.5299,0.75,1567325064850
tap2,330,345,894,431.60037,899.5315,1.06,1567325065821
tap2,359,966,1515,1029.0472,1501.218,0.78,1567325066904
tap2,351,966,963,1033.0435,995.4815,0.79999995,1567325068835
tap2,308,345,1584,420.61053,1585.1743,1.17,1567325069959
tap2,360,966,1584,1013.062,1609.1619,0.96999997,1567325071154
tap2,334,345,963,411.61887,985.4867,1.16,1567325072238
tap2,137,621,549,734.32007,585.69495,1.14,1567325073116
tap2,303,414,1515,513.52454,1535.2004,1.01,1567325074138
tap2,213,621,1515,698.3534,1521.2076,0.96,1567325075078
tap2,302,414,549,498.5384,583.696,1.26,1567325076110
tap2,254,414,135,507.53006,156.91827,1.28,1567325077182
tap2,329,552,825,651.39685,814.57574,1.1899999,1567325078123
tap2,253,552,135,641.4061,176.90785,1.25,1567325079175
tap2,328,414,825,496.54025,842.56116,1.18,1567325080176
tap2,334,345,963,417.6133,946.507,1.18,1567325081116
tap2,342,966,342,1020.0555,376.80374,0.9,1567325082219
tap2,274,345,342,386.642,363.81052,1.25,1567325083313
tap2,351,966,963,1003.0712,1012.47266,0.96999997,1567325084324
tap2,282,345,411,438.5939,453.76364,1.16,1567325085346
tap2,352,966,1032,1027.0491,1064.4456,0.84,1567325086286
tap2,343,966,411,1030.0463,416.78293,0.84999996,1567325087287
tap2,244,345,1032,469.56522,1031.4628,1.25,1567325088299
tap2,322,345,756,423.6078,735.6168,1.31,1567325089219
tap2,357,966,1377,1024.0518,1409.266,0.82,1567325090619
tap2,348,966,756,1048.0297,813.57623,0.62,1567325091579
tap2,284,345,1377,440.59204,1374.2842,1.09,1567325092581
tap2,292,345,1446,451.58188,1477.2306,0.9,1567325093470
tap2,349,966,825,1001.07306,856.55383,0.89,1567325094788
tap2,326,345,825,424.60684,827.569,1.25,1567325095728
tap2,358,966,1446,1013.062,1464.2373,0.85999995,1567325096821
tap2,131,690,687,737.3173,735.6168,1.25,1567325097802
tap2,321,483,1653,581.4616,1669.1306,1.11,1567325098824
tap2,320,483,687,591.4524,709.6304,1.27,1567325099825
tap2,235,690,1653,784.2738,1663.1338,1.02,1567325100857
tap2,362,0,1722,89.91675,1721.1035,0.93,1567325102002
tap2,139,621,1101,708.3441,1130.4113,1.2099999,1567325103034
tap2,140,0,1101,120.88807,1111.4211,1.23,1567325104076
tap2,371,621,1722,690.3608,1718.1051,1.03,1567325105159
tap2,39,690,1101,793.2655,1143.4044,1.03,1567325106202
tap2,363,69,1722,156.85477,1701.114,1.12,1567325107203
tap2,372,690,1722,773.284,1752.0874,0.90999997,1567325108337
tap2,40,69,1101,154.85661,1114.4196,1.15,1567325109410
tap2,136,0,1170,83.922295,1184.383,1.06,1567325110463
tap2,386,621,1791,680.37006,1818.0531,0.98999995,1567325111587
tap2,135,621,1170,714.33856,1211.369,1.17,1567325112527
tap2,377,0,1791,103.90379,1771.0775,1.11,1567325113631
tap2,31,690,1170,794.2646,1196.3768,1.16,1567325114642
tap2,378,69,1791,147.8631,1810.0573,1.0799999,1567325115674
tap2,32,69,1170,154.85661,1196.3768,1.06,1567325116706
tap2,387,690,1791,761.2951,1811.0566,0.89,1567325117871
tap2,8,138,1101,223.79279,1124.4143,1.17,1567325118852
tap2,373,759,1722,840.22205,1744.0916,0.48,1567325119823
tap2,7,759,1101,835.2266,1141.4055,1.05,1567325120835
tap2,364,138,1722,229.78723,1731.0984,1.16,1567325121898
tap2,374,828,1722,893.173,1753.0869,0.79999995,1567325123032
tap2,64,207,1101,289.73172,1129.4117,1.23,1567325124054
tap2,365,207,1722,290.7308,1742.0927,1.05,1567325124994
tap2,63,828,1101,911.1564,1141.4055,1.0699999,1567325125904
tap2,379,138,1791,237.77983,1775.0754,1.0699999,1567325126915
tap2,3,759,1170,837.2248,1180.3851,1.0,1567325127773
tap2,4,138,1170,199.81499,1166.3925,1.0699999,1567325128734
tap2,388,759,1791,809.2507,1804.0603,0.97999996,1567325129766
tap2,380,207,1791,292.72894,1782.0718,1.0,1567325130788
tap2,35,828,1170,900.1665,1210.3696,1.03,1567325131759
tap2,389,828,1791,899.1674,1775.0754,0.89,1567325132770
tap2,36,207,1170,290.7308,1166.3925,1.0799999,1567325133772
tap2,100,276,1101,353.67252,1152.3998,1.13,1567325134641
tap2,375,897,1722,970.10175,1751.0879,1.02,1567325135826
tap2,99,897,1101,974.0981,1140.406,1.0799999,1567325136776
tap2,366,276,1722,393.63553,1736.0957,1.11,1567325137758
tap2,368,414,1722,500.53653,1734.0968,1.0,1567325138677
tap2,159,621,756,725.3284,803.5814,1.11,1567325139607
tap2,371,621,1722,734.32007,1706.1113,1.0699999,1567325140568
tap2,324,414,756,504.53284,815.5752,1.3399999,1567325141559
tap2,96,276,1170,355.6707,1232.3582,1.23,1567325142489
tap2,390,897,1791,967.10455,1805.0598,1.03,1567325143562
tap2,95,897,1170,996.0777,1199.3752,1.0699999,1567325144461
tap2,381,276,1791,345.67993,1802.0614,1.1,1567325145503
tap2,385,552,1791,618.42737,1804.0603,0.91999996,1567325146403
tap2,326,345,825,403.62628,878.5424,1.09,1567325147333
tap2,382,345,1791,432.59946,1790.0676,0.89,1567325148273
tap2,329,552,825,644.4033,851.55646,1.2099999,1567325149172
tap2,323,483,756,586.457,777.595,1.16,1567325150072
tap2,372,690,1722,755.30066,1727.1005,0.90999997,1567325151114
tap2,59,690,756,747.30804,779.59393,1.14,1567325152013
tap2,369,483,1722,563.4783,1748.0895,0.96,1567325152975
tap2,353,966,1101,1000.07404,1136.4081,0.9,1567325153996
tap2,367,345,1722,397.63184,1748.0895,0.96,1567325155008
tap2,252,345,1101,430.6013,1126.4133,1.09,1567325155907
tap2,376,966,1722,1012.0629,1718.1051,0.83,1567325157010
tap2,383,414,1791,516.5217,1776.075,0.97999996,1567325157899
tap2,155,621,825,738.3164,825.57,1.12,1567325158850
tap2,328,414,825,501.5356,868.5476,1.16,1567325159708
tap2,386,621,1791,687.3635,1824.0499,1.0,1567325160669
tap2,55,690,825,773.284,829.56793,1.1999999,1567325161537
tap2,384,483,1791,567.47455,1813.0557,0.96999997,1567325162488
tap2,327,483,825,574.4681,851.55646,1.23,1567325163418
tap2,387,690,1791,765.2914,1836.0437,0.9,1567325164378
tap1,2,288,642,422.6087,713.6283,1.4399999,1567325331895
tap1,3,576,930,710.3423,1027.4648,1.22,1567325332795
tap1,4,576,642,680.37006,704.633,1.3,1567325333632
tap1,5,288,930,389.63922,1010.4737,1.3199999,1567325334572
tap1,9,288,786,399.62997,837.5637,1.12,1567325335419
tap1,17,576,1074,693.35803,1156.3977,1.1999999,1567325336216
tap1,16,288,1074,396.63275,1157.3972,1.29,1567325337125
tap1,7,576,786,723.33026,837.5637,1.15,1567325337942
tap1,4,576,642,711.3414,692.6392,1.23,1567325338769
tap1,10,288,354,386.642,389.79697,0.96,1567325339626
tap1,2,288,642,406.6235,717.6262,1.3,1567325340566
tap1,11,576,354,675.37463,425.77823,1.02,1567325341547
tap1,4,576,642,712.34045,735.6168,1.15,1567325342670
tap1,18,288,1218,411.61887,1318.3134,1.35,1567325343711
tap1,2,288,642,405.62442,709.6304,1.25,1567325344630
tap1,19,576,1218,705.3469,1326.3092,1.18,1567325345641
tap1,13,576,210,658.3904,287.85007,1.01,1567325346581
tap1,6,288,498,386.642,557.70953,1.0699999,1567325347551
tap1,12,288,210,426.605,298.84433,0.78999996,1567325348511
tap1,8,576,498,698.3534,576.69965,1.3299999,1567325349624
tap1,19,576,1218,698.3534,1307.3191,1.27,1567325350645
tap1,22,288,1506,384.64386,1573.1805,1.28,1567325351646
tap1,18,288,1218,450.5828,1282.332,1.0799999,1567325352442
tap1,23,576,1506,695.35614,1563.1858,0.94,1567325353341
tap1,14,288,66,346.67902,114.94013,1.23,1567325354414
tap1,11,576,354,733.321,425.77823,1.1,1567325355394
tap1,10,288,354,430.6013,465.75742,0.90999997,1567325356435
tap1,15,576,66,672.37744,132.93076,1.17,1567325357620
tap1,17,576,1074,683.36725,1141.4055,1.26,1567325358600
tap1,20,288,1362,420.61053,1415.2628,0.76,1567325359458
tap1,21,576,1362,717.3358,1385.2784,0.52,1567325360285
tap1,16,288,1074,443.58926,1141.4055,1.04,1567325361266
tap1,9,288,786,408.62164,828.5684,0.89,1567325362021
tap1,8,576,498,753.3025,526.72565,0.78,1567325362818
tap1,6,288,498,387.64108,616.6788,1.3199999,1567325363829
tap1,7,576,786,685.3654,874.5445,1.05,1567325364666
tap1,24,144,66,267.75208,95.95003,0.87,1567325365840
tap1,26,432,354,533.50604,404.78915,1.22,1567325366811
tap1,27,144,354,248.76965,410.78604,1.1,1567325367720
tap1,25,432,66,555.48566,133.93024,1.01,1567325368833
tap1,66,720,1506,830.23126,1568.1832,0.77,1567325369844
tap1,41,432,1218,557.4838,1281.3326,1.03,1567325370732
tap1,42,432,1506,562.4792,1554.1904,0.81,1567325371723
tap1,65,720,1218,853.21,1283.3315,1.15,1567325372826
tap1,36,144,786,270.7493,856.55383,1.1999999,1567325373725
tap1,38,432,1074,595.44867,1138.4071,0.57,1567325374562
tap1,39,144,1074,267.75208,1136.4081,1.09,1567325375420
tap1,37,432,786,578.4644,823.57104,1.09,1567325376155
tap1,16,288,1074,430.6013,1181.3846,1.12,1567325377064
tap1,56,0,1362,142.86772,1439.2504,1.14,1567325377942
tap1,20,288,1362,418.6124,1423.2587,1.14,1567325378729
tap1,53,0,1074,108.89917,1118.4175,1.05,1567325379637
tap1,59,720,210,827.2341,282.85266,0.94,1567325380618
tap1,30,432,498,569.4727,561.70746,1.26,1567325381516
tap1,29,432,210,541.4986,275.85632,1.17,1567325382578
tap1,60,720,498,826.235,559.7085,1.02,1567325383528
tap1,33,432,642,548.4921,697.63666,1.1999999,1567325384550
tap1,62,720,930,848.2146,999.47943,0.68,1567325385458
tap1,61,720,642,843.21924,680.6455,0.78999996,1567325386173
tap1,34,432,930,560.481,1006.47577,1.18,1567325387093
tap1,6,288,498,427.60406,527.72516,0.83,1567325387940
tap1,48,0,210,134.87512,310.8381,1.0699999,1567325389012
tap1,12,288,210,412.61795,247.8709,0.97999996,1567325390810
tap1,49,0,498,124.88437,555.7106,1.23,1567325391740
tap1,51,0,930,117.89084,1001.4784,1.04,1567325392649
tap1,2,288,642,399.62997,685.6429,1.24,1567325393568
tap1,5,288,930,419.61148,1009.4742,1.04,1567325394385
tap1,50,0,642,127.88159,657.6575,1.16,1567325395202
tap1,37,432,786,520.51807,846.5591,1.22,1567325395988
tap1,64,720,1074,816.2442,1145.4034,1.0699999,1567325396846
tap1,38,432,1074,566.47546,1101.4263,1.18,1567325397694
tap1,63,720,786,822.23865,854.5549,1.05,1567325398470
tap1,29,432,210,582.4607,253.86777,1.13,1567325399328
tap1,31,144,498,287.73358,569.70325,1.04,1567325400298
tap1,28,144,210,250.7678,271.8584,0.97999996,1567325401269
tap1,30,432,498,550.4903,556.71,1.04,1567325402147
tap1,42,432,1506,571.4709,1576.1791,1.03,1567325403127
tap1,40,144,1218,293.72803,1261.343,1.13,1567325403904
tap1,41,432,1218,552.48846,1283.3315,0.96,1567325404782
tap1,43,144,1506,297.72433,1548.1936,0.97999996,1567325405640
tap1,45,144,1362,278.7419,1426.2571,0.90999997,1567325406559
tap1,82,432,1650,540.4995,1695.1171,1.05,1567325407539
tap1,80,144,1650,287.73358,1670.1301,1.06,1567325408510
tap1,44,432,1362,572.4699,1418.2612,0.88,1567325409644
tap1,57,720,66,853.21,146.92348,1.15,1567325410818
tap1,26,432,354,565.47644,412.785,1.09,1567325411849
tap1,58,720,354,841.22107,412.785,1.0,1567325413014
tap1,25,432,66,557.4838,141.92607,0.82,1567325414341
tap1,64,720,1074,837.2248,1140.406,1.11,1567325415363
tap1,44,432,1362,577.46533,1430.255,0.97999996,1567325416262
tap1,38,432,1074,540.4995,1151.4003,1.09,1567325417079
tap1,67,720,1362,821.2396,1401.2701,0.85999995,1567325417978
tap1,9,288,786,411.61887,838.56323,0.79999995,1567325418836
tap1,53,0,1074,138.87141,1130.4113,0.90999997,1567325419755
tap1,16,288,1074,403.62628,1141.4055,1.15,1567325420562
tap1,52,0,786,132.87697,808.57886,1.04,1567325421409
tap1,74,864,786,937.13226,845.5596,1.02,1567325422441
tap1,17,576,1074,702.3497,1125.4138,0.93,1567325424024
tap1,75,864,1074,974.0981,1174.3883,0.93,1567325425331
tap1,7,576,786,679.371,839.5627,1.1899999,1567325426036
tap1,38,288,66,409.62073,105.94482,0.59,1567325427016
tap1,45,0,354,135.87419,428.77667,1.16,1567325427966
tap1,44,0,66,102.90472,110.942215,1.16,1567325429008
tap1,39,288,354,418.6124,405.78864,1.18,1567325429876
tap1,14,288,1506,409.62073,1544.1957,1.14,1567325430908
tap1,47,0,1794,134.87512,1812.0562,1.16,1567325431796
tap1,46,0,1506,122.886215,1539.1982,1.06,1567325432603
tap1,10,288,1794,388.64014,1816.0541,0.89,1567325433492
tap1,22,864,210,947.12305,261.86362,1.04,1567325434748
tap1,86,576,498,694.35706,571.7022,1.2099999,1567325435596
tap1,55,576,210,683.36725,257.8657,1.1,1567325436535
tap1,88,864,498,976.0962,552.7121,1.06,1567325437455
tap1,70,864,1362,1031.0453,1453.243,0.28,1567325438210
tap1,8,576,1650,983.0897,1406.2676,1.0,1567325438527
tap1,13,576,1362,711.3414,1409.266,1.1899999,1567325439436
tap1,71,864,1650,993.0805,1694.1176,0.94,1567325440325
tap1,78,576,1218,708.3441,1276.3352,1.15,1567325441101
tap1,83,864,1506,973.099,1568.1832,1.0699999,1567325442102
tap1,21,864,1218,1004.0703,1230.3591,0.74,1567325442888
tap1,85,576,1506,692.35895,1571.1816,1.15,1567325443869
tap1,19,576,66,705.3469,131.93129,1.24,1567325445033
tap1,77,864,354,992.0814,387.798,0.95,1567325445973
tap1,76,576,354,697.3543,396.79333,1.1899999,1567325446933
tap1,23,864,66,988.0851,141.92607,1.05,1567325448302
tap1,15,576,1362,697.3543,1407.267,1.0799999,1567325449333
tap1,69,864,1074,975.09717,1110.4216,1.04,1567325450263
tap1,11,576,1074,717.3358,1134.4092,1.0799999,1567325451100
tap1,68,864,1362,992.0814,1425.2577,0.84,1567325452070
tap1,21,0,1218,107.90009,1270.3384,0.98999995,1567325453072
tap1,75,288,1506,392.63644,1567.1837,1.03,1567325454052
tap1,17,288,1218,430.6013,1214.3674,1.09,1567325454788
tap1,78,0,1506,127.88159,1587.1733,0.84,1567325455707
tap1,54,576,642,704.34784,714.6278,1.2099999,1567325456626
tap1,22,864,930,986.087,999.47943,0.96,1567325457464
tap1,18,864,642,976.0962,724.62256,0.97999996,1567325458403
tap1,55,576,930,690.3608,1003.47736,1.04,1567325459282
tap1,4,576,1794,698.3534,1829.0474,0.56,1567325460272
tap1,73,864,1506,999.07495,1560.1874,0.71,1567325461243
tap1,72,576,1506,704.34784,1564.1853,0.96,1567325462070
tap1,3,864,1794,979.09344,1845.039,0.65999997,1567325462928
tap1,90,720,1362,842.22015,1454.2426,0.87,1567325463766
tap1,77,432,1650,551.4894,1690.1196,0.84999996,1567325464593
tap1,23,720,1650,849.2137,1682.1239,0.91999996,1567325465451
tap1,92,432,1362,574.4681,1396.2727,0.94,1567325466248
tap1,67,432,1074,557.4838,1149.4014,0.95,1567325467096
tap1,82,144,1362,274.7456,1391.2754,0.96,1567325467974
tap1,84,432,1362,527.5116,1426.2571,1.0799999,1567325468771
tap1,44,144,1074,282.73822,1124.4143,1.12,1567325469578
tap1,38,432,1506,550.4903,1566.1842,0.91999996,1567325470446
tap1,45,144,1794,288.73267,1827.0483,0.96,1567325471324
tap1,44,432,1794,536.50323,1808.0582,0.96999997,1567325472203
tap1,39,144,1506,272.74747,1555.19,1.1,1567325473000
tap1,42,432,1506,535.50415,1565.1848,0.95,1567325473899
tap1,87,720,1794,838.2239,1821.0515,0.84,1567325474807
tap1,89,432,1794,542.4977,1843.04,1.03,1567325475655
tap1,43,720,1506,808.25165,1588.1727,0.93,1567325476411
tap1,42,0,1362,91.914894,1390.2759,0.71,1567325477464
tap1,91,288,1650,382.6457,1701.114,1.09,1567325478322
tap1,89,288,1362,405.62442,1425.2577,1.11,1567325479589
tap1,66,0,1650,121.887146,1709.1097,1.02,1567325480671
tap1,56,432,642,568.47363,710.6299,1.17,1567325481723
tap1,81,144,930,257.76132,990.4841,1.05,1567325482714
tap1,20,432,930,568.47363,985.4867,1.14,1567325483726
tap1,79,144,642,257.76132,684.6434,0.98999995,1567325484706
drag1,2,373.65402,628.67255,1.18,2811.662847,60.0102322291647
drag1,3,676.3737,942.5091,0.95,2722.018923,73.57399912133789
drag1,4,675.37463,660.6559,1.23,1908.793923,67.93599966578977
drag1,5,399.62997,923.519,1.1,3336.4258459999996,63.12238408401879
drag1,9,410.6198,802.582,0.71999997,1840.521,74.94486909881628
drag1,17,682.36816,1059.4481,0.90999997,3631.6851549999997,72.2429491170845
drag1,16,435.59668,1092.431,0.96999997,3090.9404609999997,56.44273870985491
drag1,7,680.37006,813.57623,0.85999995,2569.6783849999997,74.16189873966273
drag1,4,708.3441,666.6528,0.91999996,2837.077308,74.56205810219478
drag1,10,444.58835,387.798,0.96999997,3320.919078,60.06669266581851
drag1,2,424.60684,628.67255,0.84,1779.381615,58.149434904992795
drag1,11,694.46936,392.7954,1.15,2942.437308,73.839351789363
drag1,4,697.3543,601.6866,1.1,3525.350231,77.17234676090992
drag1,18,429.60223,1199.3752,0.98999995,2825.392539,66.9148919503679
drag1,2,389.63922,666.6528,0.91999996,2651.8202309999997,67.69447351815313
drag1,19,492.54395,752.608,1.04,582.096538,523.7274224160172
drag1,13,482.5532,826.56946,1.09,571.661307,630.6206109416265
drag1,6,405.62442,483.74805,1.06,2655.151692,64.80296132699347
drag1,12,417.6133,338.82352,0.85999995,674.7070769999999,45.03394659538957
drag1,8,697.3543,495.7418,1.13,1777.4216159999999,69.35661211831109
drag1,19,643.40424,1204.3727,1.11,2751.221307,69.36920405947055
drag1,22,735.31915,1328.3081,0.87,1388.059231,391.4388108435764
drag1,18,386.88782,1292.5729,0.95,3905.179154,62.73264572365856
drag1,23,653.395,1477.2306,1.3199999,2877.980847,71.38673040773476
drag1,14,420.61053,54.971367,1.0699999,2809.021154,98.3424922265475
drag1,11,720.333,308.83914,0.98999995,1973.240462,64.38503339790752
drag1,10,746.30896,393.7949,0.65999997,104.042923,317.10093030453254
drag1,15,710.41345,61.967724,1.13,1827.2035389999999,83.79402874469716
drag1,17,656.3922,1047.4545,0.96999997,3148.143,59.62796190581127
drag1,20,425.60593,1361.291,0.87,2703.616693,69.20444457289355
drag1,21,690.3608,1360.2915,0.83,2501.972461,55.137063474992985
drag1,16,402.6272,1086.4341,1.5699999,4121.0811539999995,76.80786018940867
drag1,24,245.77243,90.95263,1.16,2318.1259999999997,78.38319691511204
drag1,26,514.18695,309.83862,1.0699999,2177.643,69.32484296784989
drag1,27,263.7558,360.81207,0.94,2066.953539,68.25485631783327
drag1,25,522.5162,95.95003,0.98999995,2892.223615,70.81461317312117
drag1,66,817.2433,1486.2258,1.18,3633.677154,51.08713410646425
drag1,41,524.51434,1257.3451,0.93,2415.9955379999997,64.86494263704014
drag1,42,535.50415,1479.9231,1.18,1289.645538,57.564351957322415
drag1,65,823.23773,1242.3529,0.87,2458.8280769999997,71.80895576340146
drag1,36,689.3617,1167.392,0.77,716.366846,513.0475024801106
drag1,38,580.4625,1093.4304,1.17,2481.1765379999997,67.68375972952674
drag1,39,273.74652,1105.4242,1.13,3027.0616919999998,71.15911634636255
drag1,37,534.7624,782.33496,1.06,3634.194,69.10298362292754
drag1,16,406.6235,1034.4612,1.12,2095.700154,56.35678721484354
drag1,56,130.87881,1379.2816,0.97999996,2398.0679999999998,59.284571769313324
drag1,20,376.65125,1372.2853,1.14,2804.742769,62.228179002707854
drag1,53,114.893616,1078.4382,1.4599999,2986.6554619999997,67.73443703297285
drag1,59,807.25256,237.7976,1.52,3464.015462,67.88780784699124
drag1,30,555.48566,521.7283,1.15,2519.054231,72.18752787982208
drag1,29,573.469,285.8511,1.06,2898.682,61.853814035031164
drag1,60,816.3335,495.56308,1.02,2544.559001,75.2966648508537
drag1,33,570.4718,645.6637,1.12,2016.953,68.09964936776805
drag1,62,845.2174,902.5299,1.22,4515.020616,65.00823893603176
drag1,61,829.2322,683.6439,1.0699999,2159.286615,75.13758302892583
drag1,34,560.481,921.52,0.96999997,3313.084,69.44467992046023
drag1,6,410.6198,519.7293,1.1899999,2677.541154,71.90470212684649
drag1,48,120.88807,270.37653,1.27,3239.558462,57.3193472170643
drag1,12,373.65402,204.52509,1.0799999,3049.529384,72.6894760022959
drag1,49,375.65216,299.8438,0.9,704.28,332.7056884471705
drag1,51,127.88159,896.533,1.0699999,3439.900001,77.26068361089429
drag1,2,899.1674,1341.3014,1.4699999,3009.6726919999996,812.0578077780099
drag1,5,414.6161,937.5117,1.4499999,3528.668308,67.85303124686737
drag1,50,119.88899,648.6621,0.97999996,2393.5653079999997,79.99496931957701
drag1,37,515.52264,756.6059,1.35,2575.9039239999997,66.06670442059524
drag1,64,815.2451,1014.4716,1.14,3649.087615,76.72971478722316
drag1,38,565.47644,1031.4628,1.27,2328.489846,86.22310814069165
drag1,63,779.27844,791.5877,0.83,5660.457923999999,89.14901600211573
drag1,29,541.4986,247.8709,1.3399999,3315.074538,78.054210816046
drag1,31,267.75208,473.75323,1.38,2151.3703849999997,67.8231293220329
drag1,28,258.7604,259.86465,1.3199999,2672.674615,72.81980735534367
drag1,30,562.4792,493.74283,1.4599999,3051.117308,66.9831314047388
drag1,42,528.5196,1479.2385,0.95,3986.2343079999996,63.681061225598775
drag1,40,271.74838,1264.594,1.1999999,3325.8525379999996,57.320134651365514
drag1,41,490.5458,1253.3472,0.90999997,4579.0777689999995,53.39184127571035
drag1,43,274.7456,1501.218,0.87,3070.6209999999996,68.10777491052777
drag1,45,257.76132,1382.28,1.0,1827.9516919999999,65.51269071462677
drag1,82,523.51526,1655.138,1.05,2325.8000779999998,50.71639365844915
drag1,80,282.73822,1645.1431,0.91999996,3048.076,69.01009333020464
drag1,44,514.5236,1408.2665,0.81,4223.424847,71.83501977837352
drag1,57,839.22296,68.96408,1.35,4022.814539,82.00857434331022
drag1,26,557.4838,327.82925,0.96999997,3659.1336159999996,75.15995955961297
drag1,58,823.23773,329.82822,1.12,3078.450077,78.9674537485941
drag1,25,576.46625,85.95523,1.3199999,2974.2120769999997,82.92326733033323
drag1,64,820.24054,1043.4565,1.1,3296.040924,68.18736555112893
drag1,44,1039.038,1908.0062,0.12,3919.110616,690.8244640440652
drag1,38,558.4944,1126.4019,1.23,2185.2437689999997,70.88922638353719
drag1,67,860.2035,1333.3055,1.31,5049.371539,76.11337174637065
drag1,9,428.60315,827.569,1.27,2771.6505389999998,66.88887301755138
drag1,53,417.6133,975.4919,0.98999995,1154.339692,317.4180673630531
drag1,16,984.0888,1781.0723,0.28,2911.487,875.7226548911997
drag1,52,107.90009,845.5596,1.3399999,3427.954154,78.84593584720596
drag1,74,950.12024,761.60333,1.43,3350.122077,72.00023062151347
drag1,17,722.3312,1051.4524,1.3,3735.190616,85.41800317047472
drag1,75,963.1082,1038.4591,1.4,5830.583001,85.91423358442313
drag1,7,691.35986,810.5778,1.4699999,2896.961692,75.1216750669201
drag1,70,940.1295,239.87506,1.41,6918.521,63.88908736547571
drag1,8,706.346,503.7376,1.15,2765.486231,64.1391014958762
drag1,13,695.35614,231.66861,1.76,3920.432231,82.16958467313299
drag1,71,963.1082,444.2379,1.54,3977.9384619999996,101.82956601595569
drag1,78,944.6242,1360.2892,0.97999996,4371.486846,66.58898534742897
drag1,83,703.34875,1661.1348,1.56,6307.627385,73.37961096243721
drag1,21,704.34784,1384.2789,1.4699999,1830.8067689999998,70.07521048176375
drag1,85,988.0851,1613.1598,1.23,3181.6415389999997,80.19739231884085
drag1,19,720.333,1223.3628,1.37,3564.652231,78.18007228536386
drag1,77,988.2979,1454.538,1.4599999,5178.297385,86.82065891109914
drag1,76,982.09064,1199.3752,1.52,3785.983077,112.87301466839176
drag1,23,718.3349,1505.216,1.14,3043.799923,66.65334072151569
drag1,15,664.1185,80.42498,1.68,4031.9936159999997,110.7804886888076
drag1,69,963.1082,290.8485,1.23,4490.716692999999,94.41641851371546
drag1,11,691.8594,367.8084,1.13,2944.318847,73.99780044960295
drag1,68,972.0999,74.59265,1.0799999,5042.009846,76.47949601968394
drag1,21,704.34784,1351.2961,0.82,4840.710537999999,72.11284763908276
drag1,75,935.13416,1138.4071,0.77,4253.760616,59.26779973847734
drag1,17,659.38947,1140.406,0.66999996,2892.9877699999997,71.93141948605158
drag1,78,940.1295,1379.2816,0.83,3852.2945379999996,68.12862487664546
drag1,54,95.911194,1270.3384,0.68,3531.438847,66.2830374669809
drag1,22,377.65033,1503.217,0.75,2672.693154,68.30750949588317
drag1,18,391.6374,1295.3253,0.96999997,3794.354539,65.93866027104556
drag1,55,125.88344,1524.7058,0.88,2576.068077,66.74304112857135
drag1,67,804.2553,1396.2727,0.79999995,3943.056231,66.4140505300176
drag1,82,566.47546,1613.1598,1.36,4579.78,73.23652869875976
drag1,84,807.25256,1660.1353,1.05,4521.898923,73.0012046679048
drag1,44,561.4801,1403.269,1.1899999,2435.497616,65.83156880930609
drag1,38,559.48193,1088.4331,0.77,2737.27377,81.90496829726378
drag1,45,246.77151,1335.3044,1.0799999,3946.828,105.64897618657226
drag1,44,489.54672,1375.7245,1.18,2377.637846,70.52295809394712
drag1,39,263.7558,1100.4269,1.53,2937.1524609999997,72.34145400408062
drag1,56,123.30769,1373.8625,1.0799999,2556.44177,78.25082054277978
drag1,81,378.6494,1635.1483,0.98999995,4340.321616,66.36837279567494
drag1,20,385.6429,1424.2582,1.11,3071.320154,66.0881634624444
drag1,79,100.90657,1613.1598,1.3199999,3387.1709229999997,80.12599847108794
drag1,33,506.531,702.63403,1.4,7921.862155,68.67493683539048
drag1,35,284.73636,929.51587,1.4699999,3143.160078,86.10976737180486
drag1,34,512.52545,960.4997,1.1899999,5103.116846999999,70.01115180511098
drag1,32,271.74838,672.4258,1.62,2486.2977699999997,87.15929473800824
drag1,9,377.65033,738.6153,1.25,2038.069231,77.67377964068525
drag1,8,660.38855,544.7163,1.14,3427.463308,78.36349326557092
drag1,6,408.0227,469.75272,1.0,3612.727308,91.20434249095548
drag1,7,659.38947,778.5945,1.16,3274.6486919999998,66.360964847265
drag1,14,415.61517,90.95263,1.2099999,3538.583924,87.60891462357009
drag1,47,130.37929,357.3139,1.0799999,3130.028538,75.61094932437031
drag1,46,139.87048,91.9521,1.1999999,2211.519385,73.81675720214844
drag1,10,380.64755,362.81104,1.0799999,2678.248154,59.14455989089684
drag1,4,684.36633,629.67206,0.90999997,2606.025154,63.714403579166245
drag1,73,985.133,872.54553,1.2099999,3743.237924,80.19648574703903
drag1,72,962.8064,663.88684,1.25,2764.6509229999997,73.8907349164038
drag1,3,719.334,907.5273,1.3399999,4196.958385,69.19549753975782
scale2,25,4.3717976,1769.428846
scale2,9,0.57642746,1534.883539
scale2,28,-11.575064,2965.415462
scale2,10,42.11357,1573.5824619999999
scale2,29,-4.887171,3312.702923
scale2,12,-17.422422,3689.2015389999997
scale2,30,44.77056,1953.62277
scale2,13,-52.870445,5672.264461
scale2,32,-22.460907,3078.643769
scale2,15,-11.442255,2314.463001
scale2,34,-4.883646,2749.885308
scale2,17,-21.932379,2431.996616
scale2,1,-109.17538,3659.451769
scale2,20,157.14125,1584.4065389999998
scale2,3,-97.02423,2413.7541539999997
scale2,24,13.767288,1625.8383079999999
scale2,16,-69.56966,3617.889307
scale2,2,-29.74455,2778.1219229999997
scale2,23,-28.454292,2321.8946149999997
scale2,7,-32.68145,3220.5816929999996
scale2,11,-3.3545837,2698.4463849999997
scale2,14,-36.383537,2800.495077
scale2,26,-20.694551,1961.882308
scale2,35,-9.788692,1330.216385
scale2,21,-17.285711,2557.08877
scale2,22,-31.83443,2034.598923
scale2,27,-26.395884,2576.876616
scale2,36,-42.914703,2596.397384
scale2,31,-10.027874,1717.513462
scale2,19,-16.76612,2625.9033839999997
scale2,4,84.1384,1616.980384
scale2,8,-92.58597,3896.160692
scale2,5,-41.72616,2381.004231
scale2,33,-40.341927,2852.813846
scale2,18,-33.389297,2300.740538
scale2,6,-31.496681,2667.623
scale1,27,5.0310516,1023.791308
scale1,46,-11.069532,891.216154
scale1,26,-10.999924,1655.408923
scale1,4,-9.6215515,1246.8159229999999
scale1,43,-7.863344,1565.340539
scale1,25,-20.855484,1166.1494619999999
scale1,42,-14.021851,1718.1558459999999
scale1,23,5.804867,1115.656693
scale1,5,-29.445917,1388.164384
scale1,24,-19.3077,1369.064077
scale1,19,-24.165682,1318.839847
scale1,2,-24.487307,1757.942077
scale1,44,-4.4239025,1490.592461
scale1,65,3.918274,1207.3863079999999
scale1,45,-3.95537,1302.286769
scale1,28,-0.36833382,1187.808385
scale1,13,-7.020693,1728.152924
scale1,56,-12.142828,1360.913384
scale1,40,0.12596512,1390.587
scale1,41,-6.223034,2118.724385
scale1,6,-10.045555,1758.9695379999998
scale1,51,-0.08620834,990.4958459999999
scale1,36,8.209431,1581.710308
scale1,21,-0.61535454,1565.875538
scale1,8,-8.069578,1321.2509229999998
scale1,57,-5.090069,1062.9946149999998
scale1,39,-10.269745,1193.214847
scale1,9,-2.9106388,1786.616616
scale1,58,-12.710066,1319.791461
scale1,47,-1.947773,1123.824924
scale1,1,-0.06013298,1013.1229229999999
scale1,35,8.498371,1581.704461
scale1,3,-26.84238,2046.0538459999998
scale1,17,-9.364849,1685.765846
scale1,53,9.782673,1595.6776149999998
scale1,34,-13.199678,1727.6193079999998
scale1,18,-9.107632,1399.205539
scale1,50,-16.22406,1053.112154
scale1,62,-18.361467,1143.123077
scale1,66,3.2330704,1496.3698459999998
scale1,20,-9.370703,1831.075615
scale1,37,7.906517,1831.1322309999998
scale1,32,-14.264494,2413.362769
scale1,31,-19.239378,1780.304077
scale1,49,-9.910955,1668.2301539999999
scale1,7,-20.231255,1379.8308459999998
scale1,15,-13.645088,1634.408538
scale1,10,-6.746292,2351.9659229999997
scale1,60,-17.01899,1481.9073079999998
scale1,63,-10.14826,1728.4126159999998
scale1,59,-5.7207355,1225.82177
scale1,55,-29.420769,1676.151615
scale1,14,-9.069197,2025.293539
scale1,12,12.626141,1256.974769
scale1,54,-10.180756,2062.241385
scale1,52,-8.711592,1851.5376159999998
scale1,48,-24.839642,1368.6977689999999
scale1,30,-4.254696,2404.4807699999997
scale1,16,-11.517157,2233.586539
scale1,11,-15.828398,1910.3324619999999
scale1,61,-14.877703,1485.247692
scale1,38,-18.634117,1881.807846
scale1,29,-10.031874,1840.8558469999998
scale1,64,-12.165745,1821.887153
scale1,22,-2.8933868,2252.491385
scale1,33,-12.686943,1716.340538
rotate2,2,-3.1158066,3824.8157699999997
rotate2,13,-4.0188293,5427.146231
rotate2,8,-3.1566162,3250.007846
rotate2,3,-4.82267,4763.161999999999
rotate2,7,4.48497,6595.345614999999
rotate2,12,-9.672752,4804.97877
rotate2,1,-0.69120026,4274.320693
rotate2,11,-2.4960098,3640.736692
rotate2,6,-2.7063675,3434.154846
rotate2,10,-4.389694,2863.824846
rotate2,5,-67.771385,4138.8707699999995
rotate2,15,-65.334366,3240.814
rotate2,9,-65.334366,143.596231
rotate2,2,0.0,267.28499999999997
rotate2,13,-75.00922,305.41092299999997
rotate2,2,-33.88064,3649.57577
rotate2,13,4.949692,4314.723539
rotate2,8,4.949692,124.28576899999999
rotate2,3,-75.00412,263.643692
rotate2,7,-75.00412,78.134693
rotate2,2,-4.2951736,3568.047
rotate2,13,1.5802612,6327.7304619999995
rotate2,8,-2.4360275,2954.722308
rotate2,3,61.50699,3875.5848459999997
rotate2,7,2.9018936,4731.940462
rotate2,12,-55.11287,4261.873923
rotate2,2,-4.798645,4233.101308
rotate2,13,-2.1090775,3781.6327699999997
rotate2,8,-75.0,32.456692
rotate2,3,-59.874672,1039.673923
rotate2,2,-1.7849884,3738.598615
rotate2,13,3.012436,3249.144385
rotate2,8,0.22202301,4487.476538
rotate2,3,0.09565735,4610.805461999999
rotate2,7,3.0807648,4865.430539
rotate2,12,2.0572968,3071.5136159999997
rotate2,1,-2.4406815,3923.762538
rotate2,11,1.8772507,2281.259615
rotate2,6,-5.216835,4293.994
rotate2,10,5.6898956,4540.1213849999995
rotate2,5,-2.529358,3037.180231
rotate2,15,-18.541824,3191.288231
rotate2,9,-3.3254242,4129.761538
rotate2,4,-51.512962,2329.592154
rotate2,14,3.146309,2872.734308
rotate1,9,0.38006496,1705.9273079999998
rotate1,4,-2.0275202,2066.822462
rotate1,13,0.5176716,1739.32423
rotate1,6,-1.2570848,2120.299077
rotate1,15,1.5949593,1898.810385
rotate1,2,-15.6357155,1759.17777
rotate1,10,-0.59682846,2262.717385
rotate1,5,-1.8772564,1624.6224619999998
rotate1,14,0.19534016,1421.695461
rotate1,8,-1.5490417,1739.3043069999999
rotate1,11,-1.6869316,1526.9202309999998
rotate1,7,-2.303361,2106.464308
rotate1,1,-1.271533,1583.078693
rotate1,12,-0.42307281,1522.182615
rotate1,3,-0.46331406,1421.997923
