tap2,6,138,480,164.84737,489.7449,0.85999995,1567389623270
tap2,7,759,1101,817.2433,1162.3945,0.84999996,1567389624027
tap2,8,138,1101,192.82146,1085.4347,0.66999996,1567389624914
tap2,9,759,480,832.22943,509.7345,0.85999995,1567389625700
tap2,164,0,687,44.958374,686.64233,0.62,1567389626596
tap2,183,621,1308,681.3691,1367.2878,0.74,1567389627371
tap2,182,0,1308,62.94172,1312.3165,0.63,1567389628217
tap2,163,621,687,651.39685,764.60175,0.95,1567389628880
tap2,242,345,66,338.6864,113.94065,1.09,1567389629625
tap2,243,552,1032,641.4061,1059.4481,0.83,1567389630348
tap2,244,345,1032,391.6374,1059.4481,1.0,1567389631052
tap2,245,552,66,592.4514,109.94273,1.06,1567389631888
tap2,42,69,411,101.90564,444.76834,1.06,1567389632714
tap2,43,690,1032,737.3173,1098.4279,0.77,1567389633346
tap2,45,690,411,720.333,451.7647,0.95,1567389633958
tap2,44,69,1032,99.90749,1067.444,0.96,1567389634672
tap2,322,345,756,398.6309,848.55804,0.98999995,1567389635386
tap2,321,483,1653,511.52637,1697.1161,1.09,1567389636354
tap2,316,345,1653,343.68176,1639.1462,0.87,1567389637160
tap2,323,483,756,564.47736,752.608,1.0699999,1567389637772
tap2,2,138,549,144.86586,609.68243,1.04,1567389638465
tap2,3,759,1170,795.2637,1234.357,0.89,1567389639118
tap2,4,138,1170,213.80203,1249.3492,1.03,1567389639791
tap2,5,759,549,774.2831,562.7069,1.12,1567389640382
tap2,11,759,1032,848.2146,1008.47473,1.12,1567389641055
tap2,10,138,411,201.81314,454.76312,1.05,1567389641841
tap2,12,138,1032,202.81221,1078.4382,1.01,1567389642524
tap2,13,759,411,730.3238,464.75793,1.17,1567389643238
tap2,15,759,963,839.22296,1040.4581,0.72999996,1567389643951
tap2,14,138,342,158.85292,286.8506,1.05,1567389644675
tap2,17,759,342,848.2146,325.8303,1.51,1567389645379
tap2,16,138,963,216.79926,970.4945,1.06,1567389646042
tap2,122,207,66,294.7271,98.94846,1.31,1567389647419
tap2,123,828,687,837.2248,739.61475,1.22,1567389648061
tap2,124,207,687,255.76318,719.6252,1.11,1567389648663
tap2,125,828,66,886.17944,91.9521,1.36,1567389649601
tap2,135,621,1170,675.37463,1189.3805,0.87,1567389650223
tap2,134,0,549,68.93617,554.71106,0.88,1567389650865
tap2,136,0,1170,74.93062,1195.3773,0.87,1567389651681
tap2,137,621,549,629.41724,639.6668,1.18,1567389652293
tap2,130,69,66,104.90287,83.95627,1.18,1567389653078
tap2,131,690,687,734.32007,777.595,1.24,1567389653680
tap2,133,690,66,767.28955,123.93545,1.3,1567389654516
tap2,132,69,687,76.92877,696.63715,0.98999995,1567389655240
tap2,127,759,687,779.27844,723.6231,1.2099999,1567389655811
tap2,126,138,66,99.90749,123.93545,1.35,1567389657167
tap2,128,138,687,115.89269,751.6085,1.04,1567389657902
tap2,129,759,66,785.2729,84.95575,1.35,1567389658585
tap2,18,138,273,138.87141,310.8381,1.04,1567389659279
tap2,19,759,894,814.2461,932.5143,1.0,1567389659860
tap2,20,138,894,187.82608,890.53613,0.96999997,1567389660564
tap2,21,759,273,790.26825,316.83496,1.0,1567389661176
tap2,35,828,1170,859.20447,1219.3649,0.98999995,1567389661971
tap2,34,207,549,207.80759,562.7069,1.05,1567389662665
tap2,36,207,1170,262.7567,1160.3956,1.25,1567389663419
tap2,37,828,549,874.19055,590.6923,1.03,1567389664031
tap2,26,138,135,135.87419,182.90474,1.12,1567389664674
tap2,27,759,756,784.2738,801.5825,1.0699999,1567389665245
tap2,28,138,756,186.82701,761.60333,0.97999996,1567389665908
tap2,29,759,135,782.2757,168.91202,1.11,1567389666601
tap2,43,690,1032,763.2933,1128.4122,0.69,1567389667203
tap2,42,69,411,110.897316,427.7772,1.09,1567389667907
tap2,45,690,411,738.3164,520.72876,0.85999995,1567389668498
tap2,44,69,1032,128.88066,1019.469,1.11,1567389669151
tap2,24,138,825,225.79094,861.5513,1.0699999,1567389669875
tap2,25,759,204,786.272,251.8688,1.22,1567389670456
tap2,22,138,204,131.8779,213.8886,1.1899999,1567389671231
tap2,23,759,825,784.2738,874.5445,1.12,1567389671782
tap2,38,69,480,130.87881,555.7106,1.02,1567389672394
tap2,39,690,1101,769.2877,1089.4326,0.96999997,1567389673036
tap2,40,69,1101,128.88066,1102.4258,1.06,1567389673699
tap2,41,690,480,707.34503,542.71735,1.0699999,1567389674281
tap2,33,690,549,711.3414,587.6939,1.13,1567389674913
tap2,32,69,1170,116.89177,1190.38,1.04,1567389675627
tap2,30,69,549,109.89824,594.69025,1.14,1567389676351
tap2,31,690,1170,747.30804,1271.3378,1.05,1567389677055
tap2,46,69,342,88.91767,389.79697,0.96,1567389677738
tap2,47,690,963,763.2933,1056.4497,0.96,1567389678371
tap2,48,69,963,103.90379,1006.47577,0.96999997,1567389679054
tap2,49,690,342,734.32007,377.80322,1.18,1567389679687
tap2,108,276,963,298.72342,997.48047,1.22,1567389680319
tap2,231,897,1584,918.14984,1612.1603,0.87,1567389681084
tap2,230,276,1584,306.716,1592.1707,0.94,1567389681788
tap2,107,897,963,971.1008,969.49506,0.74,1567389682410
tap2,143,621,1032,738.3164,1085.4347,0.56,1567389683094
tap2,232,0,1653,80.92507,1587.1733,0.95,1567389683879
tap2,233,621,1653,657.3913,1612.1603,0.9,1567389684613
tap2,144,0,1032,76.92877,1055.4503,0.93,1567389685337
tap2,44,69,1032,130.87881,1072.4414,1.03,1567389686051
tap2,235,690,1653,726.32745,1718.1051,1.05,1567389686755
tap2,43,690,1032,727.32654,1031.4628,1.02,1567389687326
tap2,234,69,1653,82.92322,1723.1025,0.79999995,1567389688091
tap2,12,138,1032,156.85477,1084.4352,1.0699999,1567389688795
tap2,237,759,1653,828.2331,1652.1395,0.98999995,1567389689489
tap2,11,759,1032,850.21277,1086.4341,0.88,1567389690101
tap2,236,138,1653,195.8187,1593.1702,1.01,1567389690855
tap2,238,207,1653,219.79648,1715.1067,1.11,1567389691600
tap2,67,828,1032,886.17944,1078.4382,1.1899999,1567389692192
tap2,68,207,1032,164.84737,1053.4513,1.1999999,1567389692865
tap2,239,828,1653,877.1878,1749.089,0.87,1567389693619
tap2,104,276,1032,263.7558,1132.4102,1.11,1567389694232
tap2,241,897,1653,992.0814,1665.1327,0.88,1567389695047
tap2,240,276,1653,286.7345,1687.1212,1.24,1567389695741
tap2,103,897,1032,895.17114,1142.405,1.12,1567389696394
tap2,50,69,273,75.929695,281.85318,1.06,1567389697128
tap2,51,690,894,649.3987,887.5377,1.18,1567389697700
tap2,52,69,894,89.91675,931.51483,1.1999999,1567389698393
tap2,53,690,273,662.38666,275.85632,1.24,1567389699138
tap2,55,690,825,767.28955,822.57153,1.1899999,1567389699730
tap2,54,69,204,133.87604,217.8865,1.26,1567389700555
tap2,56,69,825,101.90564,854.5549,1.18,1567389701259
tap2,57,690,204,698.3534,273.85736,1.1999999,1567389701974
tap2,59,690,756,741.3136,801.5825,1.5,1567389702657
tap2,58,69,135,45.957447,199.89589,0.9,1567389703626
tap2,61,690,135,689.3617,259.86465,1.61,1567389704340
tap2,60,69,756,167.84459,850.557,1.1999999,1567389704993
tap2,62,207,480,303.71878,527.72516,1.29,1567389705789
tap2,63,828,1101,808.25165,1127.4127,1.17,1567389706492
tap2,64,207,1101,194.81961,1183.3837,1.29,1567389707196
tap2,65,828,480,866.198,498.74023,1.23,1567389707747
tap2,290,345,480,371.65588,447.76678,0.95,1567389708359
tap2,291,552,1446,606.4385,1375.2837,1.2099999,1567389709022
tap2,293,552,480,603.4413,490.7444,1.26,1567389709573
tap2,292,345,1446,394.6346,1511.2129,1.28,1567389710267
tap2,141,621,480,599.44495,585.69495,1.3,1567389710858
tap2,295,414,1446,473.56152,1517.2097,1.41,1567389711633
tap2,294,414,480,407.62256,529.72406,1.54,1567389712245
tap2,203,621,1446,723.33026,1536.1998,1.4699999,1567389712929
tap2,297,483,1446,509.52823,1548.1936,1.31,1567389713622
tap2,41,690,480,734.32007,509.7345,1.43,1567389714244
tap2,296,483,480,515.52264,491.74387,1.41,1567389714877
tap2,205,690,1446,762.2942,1431.2545,1.04,1567389715550
tap2,319,414,1653,423.6078,1621.1556,1.1,1567389716264
tap2,325,552,756,588.45514,857.55334,1.26,1567389716825
tap2,324,414,756,440.59204,784.5914,1.25,1567389717447
tap2,315,552,1653,632.4144,1623.1545,1.17,1567389718121
tap2,298,345,549,417.6133,554.71106,1.3299999,1567389718794
tap2,299,552,1515,607.43756,1557.189,1.29,1567389719457
tap2,301,552,549,559.48193,585.69495,1.3399999,1567389720048
tap2,300,345,1515,291.7299,1550.1926,1.37,1567389720732
tap2,326,345,825,363.66327,814.57574,1.56,1567389721344
tap2,256,483,135,538.5014,148.92244,1.38,1567389722037
tap2,250,345,135,347.67807,165.91359,1.48,1567389722762
tap2,327,483,825,486.5495,846.5591,1.3199999,1567389723374
tap2,67,828,1032,879.1859,1083.4357,1.23,1567389723965
tap2,66,207,411,238.77892,463.75845,0.95,1567389724751
tap2,68,207,1032,258.7604,1084.4352,1.14,1567389725403
tap2,69,828,411,887.1785,432.7746,1.3399999,1567389725964
tap2,72,207,963,191.82239,996.48096,1.3,1567389726617
tap2,73,828,342,845.2174,377.80322,1.4499999,1567389727209
tap2,70,207,342,264.75485,408.78708,1.14,1567389727831
tap2,71,828,963,905.16187,1029.4637,1.12,1567389728504
tap2,76,207,894,203.81128,896.533,1.22,1567389729157
tap2,77,828,273,863.20074,245.87193,1.37,1567389729789
tap2,74,207,273,220.79556,274.85684,1.4399999,1567389730432
tap2,75,828,894,960.111,966.4966,1.0699999,1567389731064
tap2,80,207,825,284.73636,862.5507,1.2099999,1567389731697
tap2,81,828,204,836.2257,239.87506,1.39,1567389732298
tap2,78,207,204,274.7456,261.86362,0.9,1567389733074
tap2,79,828,825,918.14984,899.5315,1.27,1567389733665
tap2,84,207,756,158.85292,848.55804,1.23,1567389734328
tap2,85,828,135,838.2239,200.89536,1.29,1567389734910
tap2,82,207,135,210.80481,162.91515,1.27,1567389735522
tap2,83,828,756,846.2165,765.60126,1.26,1567389736165
tap2,89,621,618,665.3839,589.6929,1.35,1567389736756
tap2,88,0,1239,117.89084,1245.3513,1.0799999,1567389737480
tap2,87,621,1239,589.4542,1242.3529,1.05,1567389738123
tap2,86,0,618,49.953747,643.66473,0.79999995,1567389738816
tap2,305,483,1515,481.5541,1580.177,0.96,1567389739520
tap2,33,690,549,703.34875,612.6809,1.1,1567389740071
tap2,304,483,549,484.55133,521.7283,1.2099999,1567389740653
tap2,215,690,1515,660.38855,1583.1754,1.04,1567389741336
tap2,309,552,618,611.43384,557.70953,1.23,1567389741989
tap2,308,345,1584,398.6309,1573.1805,1.31,1567389742693
tap2,307,552,1584,589.4542,1629.1515,1.05,1567389743295
tap2,306,345,618,374.6531,659.65643,1.38,1567389743948
tap2,258,345,204,422.6087,208.8912,1.27,1567389744580
tap2,331,483,894,492.54395,957.5013,1.3199999,1567389745202
tap2,330,345,894,307.7151,912.5247,1.25,1567389745855
tap2,264,483,204,517.5208,179.9063,1.31,1567389746498
tap2,223,621,1584,707.34503,1580.177,1.05,1567389747181
tap2,310,414,618,419.61148,695.6377,1.1999999,1567389747814
tap2,89,621,618,643.40424,640.6663,1.3,1567389748426
tap2,311,414,1584,424.60684,1646.1426,1.2099999,1567389749109
tap2,261,552,204,591.4524,247.8709,1.17,1567389749772
tap2,322,345,756,372.65494,754.60693,1.3,1567389750374
tap2,262,414,204,457.57632,204.89328,1.36,1567389751047
tap2,333,552,894,609.4357,953.50336,1.18,1567389751608
tap2,312,483,618,523.51526,663.65436,1.25,1567389752159
tap2,225,690,1584,766.29047,1579.1775,0.97999996,1567389752853
tap2,93,690,618,620.42554,629.67206,1.28,1567389753424
tap2,313,483,1584,509.52823,1659.1359,1.11,1567389754148
tap2,91,690,1239,727.32654,1261.343,1.02,1567389754771
tap2,90,69,618,119.88899,659.65643,1.13,1567389755434
tap2,93,690,618,736.31824,594.69025,1.26,1567389756015
tap2,92,69,1239,121.887146,1208.3706,1.16,1567389756709
tap2,108,276,963,291.7299,968.49554,1.3,1567389757341
tap2,109,897,342,930.1388,360.81207,1.17,1567389757964
tap2,106,276,342,326.6975,392.7954,1.23,1567389758566
tap2,107,897,963,961.1101,993.48254,1.0799999,1567389759198
tap2,100,276,1101,277.74283,1152.3998,1.29,1567389759800
tap2,101,897,480,823.23773,554.71106,1.31,1567389760371
tap2,99,897,1101,916.15173,1185.3826,0.9,1567389761116
tap2,98,276,480,312.71045,494.7423,1.23,1567389761677
tap2,105,897,411,896.1702,388.7975,1.39,1567389762290
tap2,104,276,1032,284.73636,1011.47314,1.26,1567389762912
tap2,102,276,411,280.74005,464.75793,1.28,1567389763575
tap2,103,897,1032,901.1656,1045.4554,1.1,1567389764187
tap2,97,897,549,946.12396,575.70013,1.1999999,1567389764860
tap2,96,276,1170,272.74747,1145.4034,1.1999999,1567389765493
tap2,94,276,549,304.71786,529.72406,1.18,1567389766136
tap2,95,897,1170,864.1998,1134.4092,1.09,1567389766737
tap2,111,897,894,1017.0583,963.49817,0.89,1567389767451
tap2,110,276,273,309.71323,257.8657,1.4,1567389768074
tap2,112,276,894,287.73358,923.519,1.29,1567389768717
tap2,113,897,273,862.20166,331.82718,1.4599999,1567389769278
tap2,116,276,825,297.72433,876.54346,1.22,1567389769880
tap2,117,897,204,875.18964,251.8688,1.26,1567389770502
tap2,114,276,204,338.6864,193.899,1.35,1567389771155
tap2,115,897,825,905.16187,850.557,1.26,1567389771706
tap2,119,897,756,986.087,818.57367,1.13,1567389772338
tap2,118,276,135,252.76596,178.90681,1.1,1567389773195
tap2,121,897,135,888.1776,158.91722,1.35,1567389773807
tap2,120,276,756,313.70953,768.5997,1.37,1567389774430
tap2,152,0,894,149.86124,876.54346,0.96999997,1567389775123
tap2,213,621,1515,657.3913,1515.2108,1.3299999,1567389775807
tap2,212,0,1515,122.886215,1441.2493,1.1999999,1567389776470
tap2,151,621,894,685.3654,925.51794,1.4599999,1567389777163
tap2,56,69,825,90.91582,878.5424,1.2099999,1567389777796
tap2,205,690,1446,678.3719,1572.1812,1.3399999,1567389778429
tap2,204,69,1446,90.91582,1462.2384,1.14,1567389779112
tap2,55,690,825,727.32654,834.5653,1.0699999,1567389779663
tap2,24,138,825,184.82886,837.5637,1.09,1567389780295
tap2,207,759,1446,795.2637,1431.2545,1.0799999,1567389781009
tap2,206,138,1446,161.85014,1416.2623,1.09,1567389781652
tap2,23,759,825,803.2562,857.55334,1.11,1567389782193
tap2,80,207,825,199.81499,832.56635,1.17,1567389782815
tap2,209,828,1446,818.2424,1492.2228,1.27,1567389783509
tap2,208,207,1446,236.78076,1458.2405,0.97999996,1567389784111
tap2,79,828,825,855.2081,842.56116,1.11,1567389784662
tap2,115,897,825,949.1212,887.5377,0.87,1567389785335
tap2,210,276,1446,254.76411,1447.2462,1.02,1567389785988
tap2,116,276,825,292.72894,906.52783,1.16,1567389786641
tap2,211,897,1446,924.1443,1507.215,1.13,1567389787284
tap2,203,621,1446,658.3904,1519.2087,1.03,1567389787967
tap2,156,0,825,35.966698,884.5393,0.58,1567389788630
tap2,202,0,1446,91.914894,1497.2202,1.1,1567389789324
tap2,155,621,825,647.4006,855.5544,1.23,1567389789926
tap2,52,69,894,103.90379,916.52264,1.1899999,1567389790579
tap2,215,690,1515,717.3358,1618.1572,1.1999999,1567389791232
tap2,51,690,894,781.2766,927.5169,1.04,1567389791814
tap2,214,69,1515,99.90749,1474.2322,1.15,1567389792487
tap2,216,138,1515,164.84737,1522.2072,1.0799999,1567389793160
tap2,19,759,894,758.29785,941.5096,1.13,1567389793691
tap2,217,759,1515,825.2359,1589.1722,0.94,1567389794323
tap2,20,138,894,106.90102,956.5018,1.02,1567389794935
tap2,141,621,480,606.4385,479.75012,1.31,1567389795507
tap2,140,0,1101,59.944496,1120.4164,0.77,1567389796170
tap2,138,0,480,58.94542,492.74335,0.87,1567389796863
tap2,139,621,1101,649.3987,1099.4274,0.96999997,1567389797476
tap2,142,0,411,42.96022,355.81467,0.79999995,1567389798241
tap2,143,621,1032,609.4357,1013.4721,0.96999997,1567389798874
tap2,144,0,1032,71.933395,1044.4559,1.02,1567389799975
tap2,145,621,411,661.38763,414.78397,1.4499999,1567389800628
tap2,148,0,963,63.940796,992.48303,0.90999997,1567389801281
tap2,149,621,342,596.44775,343.82092,1.37,1567389801924
tap2,147,621,963,682.36816,1027.4648,1.0799999,1567389802556
tap2,146,0,342,99.90749,395.79385,1.13,1567389803209
tap2,153,621,273,672.37744,309.83862,1.3,1567389803811
tap2,152,0,894,80.92507,947.5065,1.0799999,1567389804454
tap2,150,0,273,89.91675,349.81778,1.18,1567389805148
tap2,151,621,894,633.4135,915.52313,1.14,1567389805719
tap2,266,345,273,301.72064,354.8152,1.24,1567389806311
tap2,267,552,1239,614.4311,1251.3483,0.77,1567389806994
tap2,269,552,273,591.4524,386.79852,1.11,1567389807545
tap2,268,345,1239,374.6531,1222.3633,1.24,1567389808199
tap2,271,414,1239,438.5939,1188.381,0.98999995,1567389808882
tap2,153,621,273,688.3626,293.84695,1.16,1567389809504
tap2,270,414,273,393.63553,255.86673,1.25,1567389810066
tap2,87,621,1239,667.3821,1283.3315,0.89,1567389810678
tap2,91,690,1239,691.35986,1276.3352,0.84999996,1567389811320
tap2,272,483,273,578.4644,296.8454,1.09,1567389811913
tap2,273,483,1239,509.52823,1258.3446,0.90999997,1567389812525
tap2,53,690,273,764.2923,318.83392,1.01,1567389813096
tap2,277,552,342,615.4302,383.8001,0.90999997,1567389813759
tap2,276,345,1308,412.61795,1354.2946,0.91999996,1567389814422
tap2,274,345,342,414.6161,398.7923,1.22,1567389815075
tap2,275,552,1308,621.4246,1310.3175,0.96,1567389815739
tap2,183,621,1308,697.3543,1261.343,0.82,1567389816371
tap2,278,414,342,421.60962,342.82144,0.98999995,1567389817024
tap2,149,621,342,642.4052,418.78186,1.1,1567389817615
tap2,279,414,1308,420.61053,1295.3253,1.04,1567389818258
tap2,281,483,1308,503.53375,1348.2977,0.84,1567389818891
tap2,49,690,342,739.3154,447.76678,1.04,1567389819493
tap2,280,483,342,508.52914,381.80115,1.1999999,1567389820146
tap2,185,690,1308,751.3043,1399.2711,1.15,1567389820819
tap2,156,0,825,66.93802,894.53406,0.77,1567389821492
tap2,157,621,204,667.3821,233.87819,1.14,1567389822105
tap2,155,621,825,667.3821,897.53253,1.0,1567389822686
tap2,154,0,204,77.92784,216.88704,0.94,1567389823410
tap2,158,0,135,114.893616,90.95263,1.29,1567389824329
tap2,159,621,756,636.4107,710.6299,1.4499999,1567389824951
tap2,160,0,756,73.93155,854.5549,0.94,1567389825553
tap2,161,621,135,567.47455,104.945335,1.3,1567389826247
tap2,162,0,66,48.954674,91.9521,0.89,1567389827104
tap2,163,621,687,691.35986,692.6392,1.4499999,1567389827706
tap2,164,0,687,79.925995,675.6481,1.1,1567389828328
tap2,165,621,66,610.4348,105.94482,1.48,1567389828981
tap2,169,897,66,895.17114,74.96095,1.37,1567389829777
tap2,168,276,687,271.74838,674.6486,1.11,1567389830440
tap2,166,276,66,289.73172,131.93129,1.37,1567389831103
tap2,167,897,687,948.12213,713.6283,1.25,1567389831706
tap2,170,138,618,210.80481,631.67096,1.18,1567389832328
tap2,171,759,1239,794.2646,1220.3644,1.22,1567389833043
tap2,173,759,618,857.2063,652.66003,1.0,1567389833675
tap2,172,138,1239,146.86401,1219.3649,1.09,1567389834348
tap2,177,828,618,824.2368,662.65485,0.96,1567389834961
tap2,176,207,1239,224.79185,1314.3154,1.06,1567389835634
tap2,174,207,618,260.75854,737.6158,1.05,1567389836287
tap2,175,828,1239,832.22943,1319.3129,1.13,1567389836950
tap2,133,690,66,728.3256,103.94586,1.16,1567389837572
tap2,249,483,1032,496.54025,982.4883,1.27,1567389838174
tap2,43,690,1032,720.333,1036.4602,0.96999997,1567389838848
tap2,248,483,66,563.4783,101.9469,1.14,1567389839470
tap2,251,552,1101,569.4727,1108.4227,1.16,1567389840103
tap2,250,345,135,342.6827,156.91827,1.27,1567389840766
tap2,252,345,1101,334.6901,1099.4274,1.13,1567389841419
tap2,253,552,135,606.4385,172.90994,1.38,1567389842031
tap2,254,414,135,458.5754,185.90317,1.56,1567389842787
tap2,139,621,1101,644.4033,1186.3821,1.29,1567389843429
tap2,161,621,135,669.3802,130.93181,1.23,1567389844011
tap2,255,414,1101,388.64014,1150.4008,1.13,1567389844633
tap2,178,276,618,308.71414,650.6611,1.14,1567389845276
tap2,179,897,1239,969.10266,1221.3639,1.04,1567389845970
tap2,181,897,618,944.1258,667.6522,0.93,1567389846582
tap2,180,276,1239,327.6966,1281.3326,1.11,1567389847255
tap2,132,69,687,129.87975,757.6054,1.1999999,1567389847898
tap2,185,690,1308,737.3173,1403.269,1.17,1567389848572
tap2,184,69,1308,140.86957,1276.3352,1.22,1567389849265
tap2,131,690,687,770.2868,712.62885,1.11,1567389849888
tap2,127,759,687,869.1952,731.61896,1.1,1567389850510
tap2,187,759,1308,843.21924,1328.3081,0.98999995,1567389851174
tap2,186,138,1308,167.84459,1292.3269,1.14,1567389851827
tap2,126,138,66,212.80296,150.92139,1.25,1567389852581
tap2,123,828,687,858.2054,771.5981,1.1,1567389853153
tap2,188,207,1308,261.75763,1281.3326,1.14,1567389853837
tap2,124,207,687,202.81221,691.6398,1.09,1567389854469
tap2,189,828,1308,887.1785,1348.2977,1.1899999,1567389855143
tap2,317,552,687,550.4903,733.61786,1.12,1567389855694
tap2,316,345,1653,350.6753,1647.1421,1.03,1567389856367
tap2,314,345,687,352.67346,768.5997,1.02,1567389856980
tap2,315,552,1653,514.5236,1656.1373,1.1899999,1567389857714
tap2,266,345,273,351.67438,324.8308,1.0,1567389858347
tap2,335,483,963,520.51807,1045.4554,1.26,1567389858939
tap2,272,483,273,483.55228,232.87871,1.3199999,1567389859510
tap2,334,345,963,321.70212,967.4961,1.1999999,1567389860153
tap2,318,414,687,497.5393,701.6345,1.17,1567389860796
tap2,233,621,1653,674.3756,1683.1233,1.17,1567389861469
tap2,163,621,687,637.4098,679.646,0.94,1567389862031
tap2,319,414,1653,417.6133,1634.1488,1.11,1567389862673
tap2,269,552,273,583.4598,284.85162,1.25,1567389863275
tap2,336,414,963,455.5782,930.5153,1.15,1567389863939
tap2,337,552,963,602.4422,939.5106,1.17,1567389864571
tap2,270,414,273,433.5985,291.848,1.09,1567389865214
tap2,168,276,687,284.73636,751.6085,1.29,1567389865898
tap2,191,897,1308,912.1554,1308.3186,0.97999996,1567389866571
tap2,167,897,687,916.15173,733.61786,0.96,1567389867255
tap2,190,276,1308,313.70953,1427.2566,0.98999995,1567389867929
tap2,192,0,1377,86.91952,1454.2426,1.0,1567389868694
tap2,160,0,756,92.91397,808.57886,1.09,1567389869398
tap2,193,621,1377,710.3423,1464.2373,1.3199999,1567389870052
tap2,159,621,756,686.3645,789.58875,1.11,1567389870664
tap2,194,69,1377,155.85568,1301.3221,1.18,1567389871337
tap2,59,690,756,754.3016,786.5903,1.05,1567389871960
tap2,60,69,756,94.91212,743.6127,1.09,1567389872623
tap2,195,690,1377,699.3525,1396.2727,1.37,1567389873317
tap2,28,138,756,160.85106,748.6101,1.2099999,1567389873950
tap2,197,759,1377,797.2618,1414.2634,1.16,1567389874603
tap2,27,759,756,822.23865,754.60693,1.18,1567389875327
tap2,196,138,1377,120.88807,1269.3389,1.31,1567389876011
tap2,84,207,756,287.73358,745.61163,1.37,1567389876695
tap2,199,828,1377,810.24976,1352.2957,1.27,1567389877409
tap2,83,828,756,879.1859,833.56586,1.11,1567389877991
tap2,198,207,1377,241.77614,1415.2628,1.09,1567389878705
tap2,200,276,1377,346.67902,1387.2775,1.16,1567389879307
tap2,119,897,756,984.0888,797.5846,0.96,1567389879919
tap2,120,276,756,315.70767,787.5898,1.15,1567389880583
tap2,201,897,1377,890.1758,1348.2977,1.3,1567389881236
tap2,242,345,66,373.65402,107.94378,1.1999999,1567389881940
tap2,347,966,687,998.07587,782.5924,1.0799999,1567389882501
tap2,338,966,66,985.0879,109.94273,1.49,1567389883430
tap2,314,345,687,382.6457,758.60486,1.26,1567389884042
tap2,322,345,756,270.7493,833.56586,1.23,1567389884665
tap2,339,966,135,986.087,153.91983,1.4699999,1567389885256
tap2,348,966,756,999.07495,775.596,1.13,1567389885930
tap2,250,345,135,341.68362,134.92972,1.16,1567389886562
tap2,258,345,204,392.63644,141.92607,1.3,1567389887236
tap2,349,966,825,1019.05646,881.54083,0.84999996,1567389887848
tap2,340,966,204,923.14526,190.90057,1.54,1567389888512
tap2,326,345,825,354.6716,824.5705,1.14,1567389889134
tap2,330,345,894,375.65216,953.50336,1.29,1567389889777
tap2,341,966,273,1028.0481,258.86517,0.93,1567389890338
tap2,266,345,273,382.6457,239.87506,1.39,1567389890982
tap2,350,966,894,1001.07306,974.49243,1.09,1567389891635
tap2,76,207,894,237.77983,903.5294,1.3,1567389892278
tap2,219,828,1515,880.185,1583.1754,0.9,1567389892981
tap2,218,207,1515,211.8039,1526.2051,1.03,1567389893665
tap2,75,828,894,927.14154,997.48047,1.05,1567389894288
tap2,220,276,1515,302.7197,1420.2603,1.25,1567389894992
tap2,111,897,894,945.1249,911.5252,1.03,1567389895676
tap2,112,276,894,285.73544,913.5242,1.28,1567389896319
tap2,221,897,1515,905.16187,1523.2067,1.24,1567389897013
tap2,225,690,1584,731.3229,1552.1915,1.03,1567389897646
tap2,48,69,963,192.82146,963.49817,1.09,1567389898319
tap2,47,690,963,724.32935,975.4919,1.25,1567389898921
tap2,224,69,1584,132.87697,1611.1608,1.1899999,1567389899626
tap2,165,621,66,642.4052,109.94273,1.61,1567389900452
tap2,247,414,1032,455.5782,1009.4742,1.23,1567389901065
tap2,143,621,1032,651.39685,1038.4591,1.39,1567389901738
tap2,246,414,66,414.6161,80.95783,1.3399999,1567389902555
tap2,15,759,963,801.2581,922.5195,1.3,1567389903208
tap2,226,138,1584,178.83441,1566.1842,1.3,1567389903841
tap2,227,759,1584,828.2331,1648.1416,1.3,1567389904514
tap2,16,138,963,213.80203,953.50336,1.3,1567389905167
tap2,72,207,963,349.67624,866.54865,1.28,1567389905841
tap2,229,828,1584,917.1508,1552.1915,1.0,1567389906617
tap2,71,828,963,828.2331,1002.47784,1.0799999,1567389907301
tap2,228,207,1584,242.7752,1618.1572,1.06,1567389907964
tap2,242,345,66,357.66882,135.9292,1.13,1567389908597
tap2,243,552,1032,535.50415,1145.4034,1.18,1567389909189
tap2,244,345,1032,315.70767,1113.42,1.2099999,1567389909811
tap2,245,552,66,600.44403,94.95055,1.3399999,1567389911138
tap2,148,0,963,68.93617,974.49243,0.9,1567389911872
tap2,223,621,1584,714.33856,1637.1473,1.0,1567389912597
tap2,147,621,963,684.36633,977.49084,1.06,1567389913169
tap2,222,0,1584,70.93432,1555.19,0.89,1567389913965
tap2,252,345,1101,393.63553,1157.3972,1.0699999,1567389914638
tap2,344,966,480,976.0962,528.7246,1.02,1567389915200
tap2,290,345,480,403.62628,537.7199,1.22,1567389915822
tap2,353,966,1101,987.08606,1148.4019,1.15,1567389916536
tap2,345,966,549,973.099,593.6908,1.0699999,1567389917230
tap2,260,345,1170,311.71136,1212.3685,1.03,1567389917904
tap2,354,966,1170,1002.07214,1286.33,0.95,1567389918639
tap2,298,345,549,421.60962,608.683,1.16,1567389919231
tap2,346,966,618,1006.0685,627.6731,0.89,1567389919863
tap2,268,345,1239,407.62256,1274.3363,1.03,1567389920526
tap2,355,966,1239,980.0925,1289.3285,0.95,1567389921169
tap2,306,345,618,367.65958,680.6455,1.1899999,1567389921802
tap2,314,345,687,372.65494,712.62885,1.1999999,1567389922445
tap2,356,966,1308,999.07495,1324.3102,1.03,1567389923169
tap2,347,966,687,1006.0685,746.61115,0.95,1567389923894
tap2,276,345,1308,402.6272,1301.3221,1.02,1567389924598
tap2,257,483,1101,480.55505,1130.4113,1.35,1567389925272
tap2,61,690,135,719.334,183.9042,1.3199999,1567389925925
tap2,39,690,1101,801.2581,1208.3706,1.14,1567389926568
tap2,256,483,135,567.47455,154.91931,1.38,1567389927252
tap2,258,345,204,334.6901,237.8761,1.38,1567389928007
tap2,259,552,1170,552.48846,1143.4044,1.26,1567389928619
tap2,260,345,1170,375.65216,1215.367,1.1899999,1567389929518
tap2,261,552,204,565.47644,269.85944,1.42,1567389930120
tap2,157,621,204,669.3802,152.92035,1.4699999,1567389930732
tap2,263,414,1170,447.58557,1190.38,1.3199999,1567389931406
tap2,262,414,204,471.56335,301.84277,1.4699999,1567389932018
tap2,135,621,1170,682.36816,1199.3752,1.16,1567389932579
tap2,244,345,1032,326.6975,1063.446,1.36,1567389933273
tap2,361,966,1653,961.1101,1553.191,1.05,1567389934069
tap2,352,966,1032,946.12396,969.49506,1.12,1567389934753
tap2,316,345,1653,353.67252,1648.1416,1.29,1567389935580
tap2,282,345,411,371.65588,444.76834,1.35,1567389936203
tap2,283,552,1377,595.44867,1548.1936,1.39,1567389936855
tap2,284,345,1377,355.6707,1395.2733,1.1999999,1567389937560
tap2,285,552,411,581.4616,438.77145,1.48,1567389938192
tap2,145,621,411,679.371,464.75793,1.4399999,1567389938856
tap2,287,414,1377,428.60315,1464.2373,1.3399999,1567389939529
tap2,193,621,1377,672.37744,1390.2759,1.28,1567389940162
tap2,286,414,411,508.52914,417.7824,1.36,1567389940764
tap2,288,483,411,545.49493,460.76,1.38,1567389941428
tap2,195,690,1377,752.3034,1425.2577,1.3399999,1567389942071
tap2,289,483,1377,531.5079,1355.2941,1.16,1567389942683
tap2,45,690,411,760.296,471.75427,1.42,1567389943295
tap2,31,690,1170,766.29047,1233.3575,1.15,1567389943948
tap2,264,483,204,546.494,225.88235,1.35,1567389944581
tap2,57,690,204,738.3164,315.83548,1.38,1567389945265
tap2,265,483,1170,513.52454,1176.3873,1.28,1567389945908
tap2,300,345,1515,434.5976,1506.2155,1.15,1567389946592
tap2,350,966,894,970.10175,916.52264,0.97999996,1567389947143
tap2,330,345,894,351.67438,911.5252,1.13,1567389947776
tap2,359,966,1515,943.1267,1576.1791,1.09,1567389948521
tap2,351,966,963,986.087,1017.47003,0.84,1567389949112
tap2,308,345,1584,372.65494,1676.127,1.13,1567389949786
tap2,360,966,1584,980.0925,1607.1628,0.88,1567389950429
tap2,334,345,963,395.63367,1008.47473,1.28,1567389951042
tap2,137,621,549,707.34503,590.6923,1.37,1567389951654
tap2,303,414,1515,497.5393,1559.1879,1.13,1567389952327
tap2,213,621,1515,686.3645,1526.2051,1.0699999,1567389952940
tap2,302,414,549,445.58743,589.6929,1.3399999,1567389953552
tap2,254,414,135,492.54395,73.96148,1.27,1567389954185
tap2,329,552,825,548.4921,836.5643,1.31,1567389954828
tap2,253,552,135,575.46716,183.9042,1.51,1567389955624
tap2,328,414,825,458.5754,836.5643,1.4,1567389956216
tap2,334,345,963,352.67346,958.50073,1.29,1567389956869
tap2,342,966,342,989.08417,412.785,1.25,1567389957471
tap2,274,345,342,398.6309,329.82822,1.41,1567389958084
tap2,351,966,963,1008.0666,1070.4425,0.9,1567389958778
tap2,282,345,411,392.63644,417.7824,1.25,1567389959411
tap2,352,966,1032,1005.0694,1071.4419,1.06,1567389960004
tap2,343,966,411,992.0814,426.7777,1.2099999,1567389960727
tap2,244,345,1032,350.6753,1016.4706,1.3,1567389961380
tap2,322,345,756,377.65033,794.5861,1.35,1567389962044
tap2,357,966,1377,973.099,1368.2874,1.17,1567389962666
tap2,348,966,756,1041.0361,879.5419,0.66999996,1567389963370
tap2,284,345,1377,340.68454,1396.2727,1.22,1567389964055
tap2,292,345,1446,379.64847,1415.2628,1.26,1567389964759
tap2,349,966,825,1002.07214,845.5596,0.90999997,1567389965279
tap2,326,345,825,375.65216,791.5877,1.23,1567389965994
tap2,358,966,1446,997.0768,1454.2426,0.95,1567389966708
tap2,131,690,687,739.3154,771.5981,1.03,1567389967280
tap2,321,483,1653,541.4986,1679.1254,1.04,1567389967974
tap2,320,483,687,511.52637,772.5976,1.15,1567389968617
tap2,235,690,1653,759.29694,1712.1083,1.0,1567389969341
tap2,362,0,1722,74.93062,1688.1207,0.85999995,1567389970096
tap2,139,621,1101,695.35614,1046.455,1.09,1567389970678
tap2,140,0,1101,51.951897,1114.4196,0.71,1567389971444
tap2,371,621,1722,662.38666,1757.0848,1.3399999,1567389972148
tap2,39,690,1101,751.3043,1088.4331,1.18,1567389972730
tap2,363,69,1722,69.93524,1683.1233,0.93,1567389973505
tap2,372,690,1722,693.35803,1768.0791,1.04,1567389974159
tap2,40,69,1101,93.91304,1154.3987,1.0699999,1567389974802
tap2,136,0,1170,73.93155,1253.3472,0.95,1567389975496
tap2,386,621,1791,676.3737,1887.0171,0.77,1567389976179
tap2,135,621,1170,700.3515,1192.3789,1.16,1567389976782
tap2,377,0,1791,85.92044,1760.0833,1.0699999,1567389977476
tap2,31,690,1170,794.2646,1218.3654,0.96,1567389978068
tap2,378,69,1791,92.91397,1817.0536,1.13,1567389978762
tap2,32,69,1170,105.90195,1208.3706,1.25,1567389979435
tap2,387,690,1791,738.3164,1889.0161,0.76,1567389980129
tap2,8,138,1101,131.8779,1108.4227,1.3,1567389980742
tap2,373,759,1722,810.24976,1757.0848,0.97999996,1567389981426
tap2,7,759,1101,843.21924,1113.42,1.31,1567389982181
tap2,364,138,1722,139.87048,1701.114,1.31,1567389982875
tap2,374,828,1722,816.2442,1783.0713,1.02,1567389983518
tap2,64,207,1101,176.83626,1185.3826,1.22,1567389984110
tap2,365,207,1722,203.81128,1763.0817,1.36,1567389984783
tap2,63,828,1101,896.1702,1151.4003,1.16,1567389985334
tap2,379,138,1791,184.82886,1811.0566,1.38,1567389985988
tap2,3,759,1170,826.235,1231.3586,1.11,1567389986580
tap2,4,138,1170,178.83441,1187.3816,1.15,1567389987253
tap2,388,759,1791,834.2276,1804.0603,1.16,1567389988101
tap2,380,207,1791,265.75394,1836.0437,1.18,1567389988713
tap2,35,828,1170,837.2248,1128.4122,1.06,1567389989244
tap2,389,828,1791,885.1804,1751.0879,0.81,1567389989958
tap2,36,207,1170,300.72156,1178.3862,1.1999999,1567389990622
tap2,100,276,1101,324.69934,1148.4019,1.3399999,1567389991275
tap2,375,897,1722,925.1434,1805.0598,1.22,1567389991959
tap2,99,897,1101,976.0962,1142.405,1.02,1567389992643
tap2,366,276,1722,305.71692,1793.066,1.16,1567389993286
tap2,368,414,1722,475.55966,1845.039,1.17,1567389993949
tap2,159,621,756,613.432,750.609,1.25,1567389994623
tap2,371,621,1722,685.3654,1819.0525,1.2099999,1567389995266
tap2,324,414,756,441.59113,801.5825,1.06,1567389995940
tap2,96,276,1170,299.72247,1197.3763,1.3,1567389996573
tap2,390,897,1791,956.1147,1800.0624,1.3,1567389997277
tap2,95,897,1170,940.1295,1259.3441,1.1899999,1567389997971
tap2,381,276,1791,317.70584,1775.0754,0.96,1567389998665
tap2,385,552,1791,614.4311,1829.0474,0.87,1567389999298
tap2,326,345,825,425.60593,839.5627,1.05,1567389999921
tap2,382,345,1791,404.62534,1793.066,1.29,1567390000605
tap2,329,552,825,540.4995,909.52625,1.3199999,1567390001156
tap2,323,483,756,528.5106,789.58875,1.23,1567390001799
tap2,372,690,1722,744.31085,1813.0557,1.1899999,1567390002493
tap2,59,690,756,756.29974,901.53046,1.3299999,1567390003076
tap2,369,483,1722,524.51434,1791.0671,1.0699999,1567390003718
tap2,353,966,1101,1007.0675,1150.4008,0.9,1567390004351
tap2,367,345,1722,351.67438,1770.078,1.03,1567390004984
tap2,252,345,1101,386.642,1176.3873,1.17,1567390005648
tap2,376,966,1722,1005.0694,1823.0504,0.84,1567390006351
tap2,383,414,1791,421.60962,1832.0458,1.11,1567390006923
tap2,155,621,825,639.40796,873.545,1.0699999,1567390007526
tap2,328,414,825,443.58926,850.557,1.02,1567390008200
tap2,386,621,1791,682.36816,1855.0338,0.90999997,1567390008863
tap2,55,690,825,727.32654,878.5424,1.11,1567390009455
tap2,384,483,1791,526.5125,1791.0671,0.84,1567390010078
tap2,327,483,825,500.53653,847.55853,0.83,1567390010690
tap2,387,690,1791,793.2655,1834.0447,0.72999996,1567390011302
tap1,2,288,642,357.66882,704.633,0.83,1567390147449
tap1,3,576,930,664.3848,1008.47473,0.87,1567390148157
tap1,4,576,642,691.35986,697.63666,0.95,1567390148820
tap1,5,288,930,397.63184,1021.46796,0.77,1567390149626
tap1,9,288,786,346.67902,909.52625,0.61,1567390150432
tap1,17,576,1074,670.3793,1147.4023,0.82,1567390151177
tap1,16,288,1074,365.66144,1153.3993,0.72999996,1567390151831
tap1,7,576,786,669.3802,861.5513,0.89,1567390152545
tap1,4,576,642,663.38574,719.6252,0.76,1567390153229
tap1,10,288,354,373.65402,456.7621,0.81,1567390153974
tap1,2,288,642,386.642,717.6262,0.75,1567390154709
tap1,11,576,354,674.3756,405.78864,0.94,1567390155372
tap1,4,576,642,690.3608,723.6231,0.96,1567390156117
tap1,18,288,1218,399.62997,1264.3414,0.87,1567390156821
tap1,2,288,642,375.65216,723.6231,1.0,1567390157577
tap1,19,576,1218,670.3793,1306.3196,0.83,1567390158301
tap1,13,576,210,667.3821,313.83655,0.93,1567390158975
tap1,6,288,498,388.64014,570.70276,0.89,1567390159710
tap1,12,288,210,376.65125,289.84903,0.96,1567390160455
tap1,8,576,498,684.36633,586.6944,1.04,1567390161139
tap1,19,576,1218,663.38574,1298.3237,0.65,1567390161700
tap1,22,288,1506,376.65125,1571.1816,0.68,1567390162425
tap1,18,288,1218,374.6531,1284.331,0.75,1567390163109
tap1,23,576,1506,630.41626,1565.1848,0.82,1567390163844
tap1,14,288,66,370.6568,145.924,0.87,1567390164568
tap1,11,576,354,691.35986,440.77042,0.91999996,1567390165211
tap1,10,288,354,392.63644,422.7798,0.87,1567390165936
tap1,15,576,66,661.38763,164.91411,0.7,1567390166691
tap1,17,576,1074,660.38855,1146.4028,0.75,1567390167283
tap1,20,288,1362,381.64664,1464.2373,0.87,1567390167926
tap1,21,576,1362,693.35803,1444.2478,0.7,1567390168498
tap1,16,288,1074,376.65125,1134.4092,0.74,1567390169172
tap1,9,288,786,398.6309,859.5523,0.79999995,1567390169896
tap1,8,576,498,707.34503,593.6908,0.74,1567390170468
tap1,6,288,498,379.64847,585.69495,0.78999996,1567390171070
tap1,7,576,786,730.3238,877.5429,0.83,1567390171611
tap1,24,144,66,198.81592,165.91359,0.95,1567390172407
tap1,26,432,354,501.5356,418.78186,1.02,1567390172999
tap1,27,144,354,196.81776,412.785,0.77,1567390173663
tap1,25,432,66,493.54303,128.93285,0.84999996,1567390174326
tap1,66,720,1506,814.2461,1624.154,0.83,1567390175051
tap1,41,432,1218,506.531,1260.3435,0.96999997,1567390175663
tap1,42,432,1506,547.49304,1575.1796,1.0,1567390176276
tap1,65,720,1218,855.2081,1271.3378,0.9,1567390176908
tap1,36,144,786,250.7678,789.58875,1.04,1567390177551
tap1,38,432,1074,595.44867,1088.4331,0.79999995,1567390178215
tap1,39,144,1074,292.72894,1082.4362,0.83,1567390178888
tap1,37,432,786,540.4995,858.5528,0.94,1567390179501
tap1,16,288,1074,377.65033,1138.4071,0.95,1567390180083
tap1,56,0,1362,105.90195,1432.254,0.78,1567390180797
tap1,20,288,1362,410.6198,1430.255,1.02,1567390181420
tap1,53,0,1074,78.92692,1149.4014,0.79999995,1567390182083
tap1,59,720,210,804.2553,276.8558,0.9,1567390182747
tap1,30,432,498,509.52823,553.7116,1.0799999,1567390183359
tap1,29,432,210,502.5347,275.85632,1.1,1567390184003
tap1,60,720,498,808.25165,552.7121,1.12,1567390184523
tap1,33,432,642,525.5134,730.61945,1.13,1567390185105
tap1,62,720,930,804.2553,1014.4716,0.93,1567390185678
tap1,61,720,642,820.24054,737.6158,1.0799999,1567390186392
tap1,34,432,930,551.4894,1012.47266,1.06,1567390186973
tap1,6,288,498,395.63367,566.70483,1.09,1567390187698
tap1,48,0,210,98.90842,293.84695,1.14,1567390188341
tap1,12,288,210,351.67438,247.8709,1.18,1567390188984
tap1,49,0,498,99.90749,573.7012,0.84999996,1567390189719
tap1,51,0,930,119.88899,975.4919,1.01,1567390190373
tap1,2,288,642,392.63644,718.6257,1.0699999,1567390191077
tap1,5,288,930,369.6577,1019.469,1.18,1567390191669
tap1,50,0,642,87.918594,721.62415,1.0699999,1567390192373
tap1,37,432,786,555.48566,839.5627,1.03,1567390192935
tap1,64,720,1074,857.2063,1157.3972,0.93,1567390193639
tap1,38,432,1074,519.519,1168.3915,0.88,1567390194201
tap1,63,720,786,801.2581,871.546,1.1999999,1567390194823
tap1,29,432,210,513.52454,293.84695,1.16,1567390195405
tap1,31,144,498,218.79741,612.6809,1.13,1567390196007
tap1,28,144,210,206.80852,301.84277,1.0699999,1567390196701
tap1,30,432,498,555.48566,587.6939,1.01,1567390197334
tap1,42,432,1506,535.50415,1582.1759,0.96999997,1567390198008
tap1,40,144,1218,227.7891,1288.329,0.89,1567390198641
tap1,41,432,1218,554.4866,1310.3175,0.98999995,1567390199243
tap1,43,144,1506,257.76132,1575.1796,1.16,1567390199876
tap1,45,144,1362,262.7567,1435.2524,1.1899999,1567390200570
tap1,82,432,1650,607.43756,1720.1041,0.93,1567390201224
tap1,80,144,1650,207.80759,1707.1108,0.98999995,1567390201805
tap1,44,432,1362,542.4977,1443.2483,1.11,1567390202377
tap1,57,720,66,748.3071,132.93076,1.1999999,1567390203071
tap1,26,432,354,549.4912,425.77823,1.0699999,1567390203592
tap1,58,720,354,834.2276,439.77094,0.9,1567390204133
tap1,25,432,66,533.50604,132.93076,1.35,1567390204766
tap1,64,720,1074,795.2637,1152.3998,0.68,1567390205358
tap1,44,432,1362,457.57632,1471.2336,0.90999997,1567390205981
tap1,38,432,1074,542.4977,1136.4081,1.13,1567390206593
tap1,67,720,1362,857.2063,1425.2577,0.9,1567390207267
tap1,9,288,786,376.65125,834.5653,0.72999996,1567390207848
tap1,53,0,1074,149.86124,1129.4117,0.93,1567390208522
tap1,16,288,1074,406.6235,1144.4039,1.17,1567390209114
tap1,52,0,786,126.882515,854.5549,1.03,1567390209798
tap1,74,864,786,984.0888,880.5414,1.1,1567390210482
tap1,17,576,1074,689.3617,1139.4065,1.03,1567390211085
tap1,75,864,1074,956.1147,1110.4216,0.97999996,1567390211738
tap1,7,576,786,620.42554,790.5882,0.53999996,1567390212289
tap1,38,288,66,389.63922,114.94013,1.13,1567390212973
tap1,45,0,354,93.91304,432.7746,0.48,1567390213667
tap1,44,0,66,115.89269,157.91774,0.59999996,1567390214310
tap1,39,288,354,406.6235,408.78708,1.05,1567390214913
tap1,14,288,1506,413.61703,1645.1431,0.94,1567390215515
tap1,47,0,1794,115.89269,1863.0297,0.77,1567390216148
tap1,46,0,1506,127.88159,1574.18,0.56,1567390216821
tap1,10,288,1794,404.62534,1868.027,0.28,1567390217464
tap1,22,864,210,925.1434,278.85477,1.1999999,1567390218057
tap1,86,576,498,656.3922,572.7017,0.96999997,1567390218547
tap1,55,576,210,710.3423,233.87819,1.0799999,1567390219128
tap1,88,864,498,983.0897,562.7069,0.95,1567390219761
tap1,70,864,1362,940.1295,1431.2545,0.96,1567390220425
tap1,8,576,1650,642.4052,1728.0999,1.02,1567390220966
tap1,13,576,1362,665.3839,1456.2415,0.84999996,1567390221548
tap1,71,864,1650,956.1147,1710.1093,0.84,1567390222262
tap1,78,576,1218,616.42926,1246.3508,0.71,1567390222824
tap1,83,864,1506,965.1064,1504.2166,0.9,1567390223457
tap1,21,864,1218,974.0981,1248.3497,0.79999995,1567390224120
tap1,85,576,1506,606.4385,1514.2113,1.0,1567390224712
tap1,19,576,66,647.4006,145.924,0.77,1567390225427
tap1,77,864,354,956.1147,391.79593,1.12,1567390226019
tap1,76,576,354,649.3987,413.7845,0.79999995,1567390226662
tap1,23,864,66,986.087,137.92816,1.0699999,1567390227367
tap1,15,576,1362,725.3284,1466.2363,1.0799999,1567390227938
tap1,69,864,1074,923.14526,1150.4008,0.88,1567390228449
tap1,11,576,1074,664.3848,1178.3862,0.89,1567390229051
tap1,68,864,1362,957.1138,1428.2561,0.96999997,1567390229633
tap1,21,0,1218,121.887146,1246.3508,1.0,1567390230276
tap1,75,288,1506,442.5902,1581.1764,0.89,1567390230878
tap1,17,288,1218,399.62997,1263.3419,0.87,1567390231511
tap1,78,0,1506,161.85014,1480.229,0.78999996,1567390232165
tap1,54,576,642,666.383,711.62933,0.98999995,1567390232798
tap1,22,864,930,1003.0712,1032.4623,0.81,1567390233379
tap1,18,864,642,954.1166,726.6215,0.87,1567390233992
tap1,55,576,930,651.39685,981.4888,1.0,1567390234543
tap1,4,576,1794,638.4089,1839.0421,0.90999997,1567390235125
tap1,73,864,1506,991.08234,1547.1941,0.78999996,1567390235768
tap1,72,576,1506,622.4237,1508.2145,0.74,1567390236299
tap1,3,864,1794,926.14246,1764.0812,0.78,1567390236922
tap1,90,720,1362,765.2914,1350.2966,0.76,1567390237524
tap1,77,432,1650,475.55966,1702.1134,0.75,1567390238127
tap1,23,720,1650,758.29785,1632.1499,0.79999995,1567390238729
tap1,92,432,1362,509.52823,1395.2733,0.95,1567390239321
tap1,67,432,1074,508.52914,1153.3993,1.02,1567390239914
tap1,82,144,1362,193.82054,1401.2701,0.91999996,1567390240536
tap1,84,432,1362,496.54025,1462.2384,1.0699999,1567390241128
tap1,44,144,1074,228.78816,1114.4196,0.97999996,1567390241751
tap1,38,432,1506,538.5014,1579.1775,1.0699999,1567390242425
tap1,45,144,1794,236.78076,1848.0375,0.95,1567390243017
tap1,44,432,1794,562.4792,1826.0488,0.9,1567390243619
tap1,39,144,1506,241.77614,1544.1957,1.02,1567390244253
tap1,42,432,1506,554.4866,1626.153,1.05,1567390244834
tap1,87,720,1794,790.26825,1904.0083,0.42999998,1567390245487
tap1,89,432,1794,485.5504,1813.0557,0.81,1567390246049
tap1,43,720,1506,853.21,1536.1998,0.87,1567390246672
tap1,42,0,1362,44.958374,1436.252,0.63,1567390247355
tap1,91,288,1650,363.66327,1791.0671,0.85999995,1567390247978
tap1,89,288,1362,388.64014,1432.254,1.03,1567390248611
tap1,66,0,1650,95.911194,1740.0936,0.74,1567390249265
tap1,56,432,642,491.54486,733.61786,0.91999996,1567390249969
tap1,81,144,930,203.81128,987.48566,1.1,1567390250561
tap1,20,432,930,546.494,995.4815,1.3299999,1567390251143
tap1,79,144,642,194.81961,739.61475,1.54,1567390251786
drag1,2,1010.06476,965.49713,0.55,2881.7892309999997,745.1990163791638
drag1,3,671.37836,910.52576,0.77,2124.2147689999997,71.57848382184658
drag1,4,712.34045,629.67206,0.81,2289.525385,68.82409782862919
drag1,5,416.61426,918.5216,0.75,3216.209924,63.11920690395798
drag1,9,410.6198,825.57,0.81,2547.943847,65.01313895791318
drag1,17,682.49866,1040.4581,0.77,3277.4546929999997,66.01440143537585
drag1,16,378.6494,1026.4653,0.7,1817.684385,70.9839142660414
drag1,7,677.3728,739.61475,0.84,3494.326847,72.28874568989345
drag1,4,658.3904,640.6663,0.76,1510.690384,70.0694213281631
drag1,10,389.75098,334.8256,0.85999995,3046.0951539999996,67.34004629894677
drag1,2,399.62997,639.7973,0.79999995,2185.585154,63.18554385901338
drag1,11,676.26373,333.49612,0.72999996,4029.1482309999997,83.20352037175246
drag1,4,647.4006,620.6767,0.68,1574.576539,67.13194009025797
drag1,18,383.64478,1192.3789,0.69,2075.534462,68.32017530566007
drag1,2,382.6457,597.68866,0.72999996,2029.9856149999998,82.8094842836025
drag1,19,621.4246,1178.3862,0.71999997,2986.8017689999997,76.71553824756377
drag1,13,663.38574,199.89589,0.98999995,2840.392538,69.55897883174747
drag1,6,394.6346,513.61865,0.71,2197.111,69.32276013878305
drag1,12,425.60593,172.90994,0.90999997,1941.383846,71.8209131048102
drag1,8,666.383,478.75064,1.05,3916.395616,68.21963842179368
drag1,19,715.33765,1197.3763,0.82,2475.290462,60.64248734191903
drag1,22,417.6133,1515.0087,0.77,2825.125692,66.31905994621724
drag1,18,382.14615,1265.341,0.72999996,1906.986154,63.834876012685086
drag1,23,668.3811,1478.2301,0.9,2660.797462,58.210319185153715
drag1,14,382.6457,67.9646,0.82,2504.474307,77.32343916455451
drag1,11,657.3913,326.82977,0.96999997,3494.591923,78.12859006114624
drag1,10,381.64664,359.8126,0.87,1948.974154,59.129961679906856
drag1,15,654.3941,58.969284,0.81,2926.488308,67.20442331215814
drag1,17,658.3904,1103.4253,0.77,3517.577385,83.48757322730286
drag1,20,381.64664,1355.2941,0.75,2776.316,78.85147326970572
drag1,21,655.3932,1337.3035,0.68,1654.7340769999998,68.07301830702745
drag1,16,405.62442,1050.4529,0.7,2208.871077,71.84938336812228
drag1,24,235.78168,60.968243,0.71999997,2561.112154,77.94258430239219
drag1,26,489.54672,406.78812,0.65,2437.788385,72.47781691841745
drag1,27,221.79463,358.8131,0.64,1704.315539,72.09185393521551
drag1,25,504.41965,44.976574,0.71999997,2768.410077,85.88476694456384
drag1,66,796.2627,1502.8005,0.71,2966.935923,78.17390499361395
drag1,41,531.5079,1243.3524,0.55,1877.9060769999999,62.824547300557064
drag1,42,508.34717,1509.0317,0.64,2847.1413079999998,64.37579152919193
drag1,65,834.2276,1219.3649,0.62,3669.423308,74.27207446048874
drag1,36,252.76596,773.59705,0.69,2228.0625379999997,64.74760788351766
drag1,38,517.5208,1053.4513,0.63,2439.485846,66.34666131671409
drag1,39,208.80666,1064.9453,0.48,1754.2496159999998,73.53474531627703
drag1,37,507.53006,779.59393,0.55,2300.6340769999997,67.87385569429148
drag1,16,356.66974,1069.443,0.79999995,1845.7129229999998,75.14216335976398
drag1,56,71.933395,1358.4044,0.64,2524.182077,71.49986344017236
drag1,20,357.66882,1303.3212,0.59999996,2457.4722309999997,72.03856572591886
drag1,53,27.47456,1091.4315,0.53999996,2408.112231,87.1902639401519
drag1,59,808.25165,235.26828,0.84999996,2880.630462,59.46592659990326
drag1,30,517.5208,502.73816,0.75,2752.264001,67.1672192749215
drag1,29,524.51434,232.87871,0.82,1431.279769,65.93777214553349
drag1,60,781.2766,477.75116,0.61,2525.573462,69.15101252789192
drag1,33,504.53284,666.6718,0.63,2377.90577,57.488219791564056
drag1,62,776.28125,929.51587,0.76,2083.5133849999997,60.4697607624055
drag1,61,816.2442,640.6663,0.55,1428.4622299999999,72.38074007369048
drag1,34,501.5356,915.52313,0.65,2674.307,69.44198567528171
drag1,6,355.6707,448.39417,0.64,1603.274846,82.4824825078072
drag1,48,107.90009,196.89745,0.64,1369.7338459999999,82.89997435609338
drag1,12,355.6707,194.89848,0.78,1309.583385,71.63499372351441
drag1,49,73.2453,434.4303,0.69,1654.812847,74.29036832824886
drag1,51,49.953747,922.5195,0.53999996,1549.7457689999999,54.96278416062396
drag1,2,372.65494,644.61206,0.64,1593.52377,71.86121766959141
drag1,5,354.6716,926.5174,0.69,1731.8546159999999,60.13012682528332
drag1,50,50.95282,648.6621,0.65,2019.1731539999998,81.345409452979
drag1,37,499.53748,797.13574,0.78,2655.292462,57.59281488265891
drag1,64,828.2331,1020.4685,0.74,2535.947384,61.73319341907162
drag1,38,535.50415,1041.4497,0.75,2274.872692,82.2380093093621
drag1,63,811.24884,769.5991,0.77,3085.321615,66.27522826740483
drag1,29,509.0433,210.43425,0.65999997,2687.1462309999997,80.16279420176772
drag1,31,256.76227,462.75897,0.74,2483.663615,62.348045229609596
drag1,28,219.79648,231.87923,0.75,1305.971693,66.82118285488299
drag1,30,512.52545,459.76053,0.84999996,2517.7907689999997,69.1915007739107
drag1,42,536.50323,1478.2301,0.81,1622.647461,69.55529256864071
drag1,40,259.7595,1242.3529,0.78999996,2386.0515379999997,56.293347740335264
drag1,41,507.53006,1192.9482,0.84,1745.078385,76.38581829386449
drag1,43,230.78632,1496.8313,0.71999997,2931.314923,72.58045082636123
drag1,45,204.81036,1399.2711,0.72999996,1247.5376159999998,67.08038605613805
drag1,82,477.55783,1642.1447,0.81,2228.6284619999997,64.22579983190676
drag1,80,287.73358,1684.1228,0.83,1918.895231,55.124851011467676
drag1,44,501.5356,1372.2853,0.65999997,2893.364769,87.92549604635141
drag1,57,824.2368,34.48204,0.83,2244.841001,134.7721573315435
drag1,26,551.4894,354.8152,0.93,1980.203231,65.28771133449473
drag1,58,771.2858,351.71878,0.93,2888.128769,59.0925037207477
drag1,25,543.49677,113.89855,1.03,1653.095769,72.50649913851618
drag1,64,748.3071,1107.4232,0.53999996,3354.425385,73.49775036808306
drag1,44,517.5208,1400.2706,0.59,2065.530308,49.66450306831399
drag1,38,502.5347,1086.4341,0.65,1234.818307,78.82521945393037
drag1,67,788.27014,1334.305,0.72999996,1867.5523079999998,70.66077740510266
drag1,9,381.64664,806.5799,0.68,1407.444461,76.7998449124142
drag1,53,84.92137,1070.4066,0.75,1979.6351539999998,58.316979564303224
drag1,16,352.67346,1091.1892,0.64,1672.772231,67.22613932101906
drag1,52,79.925995,786.5903,0.59,1284.4767689999999,71.7882710170725
drag1,74,909.6322,766.495,0.65,3003.387307,70.85349765963169
drag1,17,648.39966,1043.4565,0.90999997,2956.579308,78.59469653454504
drag1,75,935.13416,1094.6061,0.77,2601.372231,72.79620655915183
drag1,7,686.83856,726.1983,0.91999996,1919.640846,72.65226573266655
drag1,70,938.47046,197.53954,0.97999996,2002.287231,78.0812109554966
drag1,8,654.3941,468.75586,0.9,2821.591539,72.13035324841823
drag1,13,688.3626,262.66748,0.91999996,1254.222077,72.26098238873315
drag1,71,923.14526,485.747,1.01,3598.301231,66.14199781902506
drag1,78,942.1277,1364.2894,0.88,1663.417154,57.481672348431125
drag1,83,679.371,1627.1588,0.77,2142.2816159999998,69.12449133125459
drag1,21,682.36816,1341.3014,0.87,1692.483461,68.8813208130463
drag1,85,1013.062,1395.2733,0.77,621.8566149999999,333.26939530392593
drag1,19,627.41907,1144.4039,0.97999996,2433.946077,81.86578960018821
drag1,77,973.099,1538.1989,0.9,1929.4515379999998,50.289286468069946
drag1,76,953.1175,1239.3545,1.01,1917.7048459999999,63.83933873149841
drag1,23,685.3654,1511.2129,1.03,3005.4047699999996,81.12521420009799
drag1,15,723.33026,42.977615,0.95,2203.917462,78.08758074233556
drag1,69,935.13416,411.78552,0.84999996,2144.4686149999998,42.664113083128186
drag1,11,606.4385,346.81937,0.96,1880.1383079999998,67.95649623932285
drag1,68,936.13324,59.499653,0.97999996,2395.345692,95.27918398503961
drag1,21,679.371,1371.2858,0.91999996,2158.162385,63.948886003887445
drag1,75,962.1092,1123.4149,1.0,2154.067384,67.03385475509185
drag1,17,662.38666,1098.4279,0.71,1654.8726159999999,71.98309196780785
drag1,78,897.1693,1389.2289,0.88,2479.301077,62.19239899748239
drag1,54,81.92415,1253.7354,0.78999996,2459.052615,61.28140326351906
drag1,22,325.69843,1535.2004,0.79999995,2530.6547689999998,85.74742808231228
drag1,18,365.96844,1228.3602,1.14,2220.28177,66.03996640368852
drag1,55,80.92507,1488.2249,0.78,2563.074615,80.12689173234963
drag1,67,803.2562,1373.2847,0.96999997,2924.33277,70.97404586810575
drag1,82,541.4986,1647.1421,1.04,2954.131462,70.1374035200845
drag1,84,834.2276,1614.1593,0.98999995,2135.642462,78.83802062004634
drag1,44,546.494,1337.3035,0.78,2159.547385,52.16164416954416
drag1,38,524.51434,1130.4113,0.88,1692.923769,53.74916429958981
drag1,45,1064.0148,1792.0665,0.26,1899.4903849999998,854.8895241826825
drag1,44,476.55875,1356.2936,0.81,2425.665615,77.9426360044109
drag1,39,247.77058,1135.9994,0.89,1836.698923,66.87258818422835
drag1,56,74.93062,1394.2738,0.72999996,1652.000769,45.99039393801021
drag1,81,375.65216,1640.1458,0.84999996,1409.875077,59.439418566462514
drag1,20,405.62442,1422.2592,0.71,1144.188923,77.81272747651543
drag1,79,87.918594,1676.127,0.7,2077.853538,62.87178151411497
drag1,33,549.4912,684.6434,0.88,2305.433539,64.8851927790311
drag1,35,231.78539,960.4997,0.89,2290.784308,67.16983312185054
drag1,34,508.52914,944.50806,0.78999996,1604.2055389999998,72.75772415512334
drag1,32,246.77151,661.6554,0.87,1794.0278469999998,72.83555632444784
drag1,9,1023.05273,1277.3347,0.31,1601.966385,800.2770233166782
drag1,8,705.3469,542.71735,0.77,2405.9717689999998,78.61186721240838
drag1,6,388.64014,503.3416,0.90999997,1399.808769,76.85736698360877
drag1,7,626.42,780.59344,0.78,2363.601385,73.6033548178225
drag1,14,364.66235,67.9646,0.83,1468.355,96.78186921897212
drag1,47,33.968548,323.83133,0.72999996,1934.494616,80.85482312193756
drag1,46,20.980574,70.963036,0.61,1198.725692,86.4969973000184
drag1,10,330.69382,352.81622,0.82,2200.428,65.47230152022993
drag1,4,607.43756,623.6752,0.91999996,1980.0903079999998,64.25849285716329
drag1,73,922.1133,859.2892,0.98999995,2125.465615,98.27362389080199
drag1,72,953.1175,686.64233,0.90999997,1020.1804609999999,88.90897377657112
drag1,3,708.3441,927.5169,0.71999997,2483.0003079999997,61.356398681604446
scale2,25,-11.733616,3548.0342309999996
scale2,9,-3.5040092,3096.507462
scale2,28,-5.8112926,2943.1916929999998
scale2,10,-22.033653,2882.161307
scale2,29,0.103918076,3278.993693
scale2,12,-13.26293,3372.286231
scale2,30,-9.874483,2046.1619999999998
scale2,13,-15.497263,2971.8326159999997
scale2,32,-16.12203,2791.571693
scale2,15,-10.831902,2166.123
scale2,34,-18.639856,2593.053769
scale2,17,-23.417004,2676.2388459999997
scale2,1,-9.699503,2363.980385
scale2,20,-6.5577908,2053.308616
scale2,3,-15.217861,2032.2896159999998
scale2,24,-26.59302,2504.043077
scale2,16,-13.37673,2104.465231
scale2,2,-251.95702,1390.583923
scale2,23,-6.8161697,2189.1954619999997
scale2,7,-467.3543,2962.0369229999997
scale2,11,-16.383808,2615.2298459999997
scale2,14,-7.245941,1849.4536919999998
scale2,26,-22.852158,2833.721923
scale2,35,-5.9802933,3545.2134619999997
scale2,21,11.883104,2594.302846
scale2,22,-26.39815,2570.6553839999997
scale2,27,-7.401472,3228.4776159999997
scale2,36,11.829729,2329.971539
scale2,31,-21.911608,2995.301231
scale2,19,-26.418795,2409.549154
scale2,4,-3.4126167,1827.708385
scale2,8,-12.818871,2329.3656929999997
scale2,5,-8.258749,1983.676692
scale2,33,20.877651,2554.528539
scale2,18,-15.28244,1798.0302299999998
scale2,6,-17.614271,3441.187078
scale1,27,-10.012648,2017.9969999999998
scale1,46,-16.595913,2124.814231
scale1,26,-16.09576,1511.6813849999999
scale1,4,-12.675425,1839.059307
scale1,43,-14.28166,1613.963924
scale1,25,-30.91388,1799.0432309999999
scale1,42,-30.565596,1398.711539
scale1,23,-6.7525234,1836.9908469999998
scale1,5,-6.7525234,1044.507154
scale1,24,-6.7525234,600.3798459999999
scale1,19,2.747303,1378.3831539999999
scale1,2,-12.397007,1288.432
scale1,44,-18.769815,1427.642308
scale1,65,-0.9050846,1951.934615
scale1,45,-2.6762009,1115.6637699999999
scale1,28,-3.5301132,1652.823692
scale1,13,-2.824585,2035.527924
scale1,56,-6.5852737,1860.0926929999998
scale1,40,-6.7025013,1328.85
scale1,41,-1.9707413,1951.351846
scale1,6,-8.376766,1715.425307
scale1,51,-8.488569,1831.1241539999999
scale1,36,-8.084238,1645.997846
scale1,21,-6.081396,1748.4936149999999
scale1,8,-23.106068,1839.779846
scale1,57,-21.33756,1266.505538
scale1,39,-13.183319,1359.6313069999999
scale1,9,-10.376879,2018.809538
scale1,58,-19.617994,1371.7146149999999
scale1,47,-7.3796196,2490.652154
scale1,1,-14.695965,1848.7987699999999
scale1,35,-6.3767567,1409.502
scale1,3,-27.738865,1645.624384
scale1,17,-10.677715,1430.408923
scale1,53,-11.572723,1583.3667699999999
scale1,34,-12.226496,1422.481616
scale1,18,1.8043671,1310.387692
scale1,50,-19.053057,2041.640154
scale1,62,-10.773039,2123.627923
scale1,66,11.015648,1063.626846
scale1,20,-18.228258,1356.561385
scale1,37,-0.9212208,1294.062385
scale1,32,-9.443607,2107.7280769999998
scale1,31,-3.2476444,1685.804384
scale1,49,-12.713533,1491.588769
scale1,7,0.27173996,5404.490462
scale1,15,-22.523981,1573.541231
scale1,10,-16.808653,1634.323461
scale1,60,-24.637424,1561.578077
scale1,63,-27.484858,1329.365231
scale1,59,0.6462021,1040.324615
scale1,55,-0.22182083,1286.655847
scale1,14,-26.211285,1634.4409229999999
scale1,12,-15.528454,1412.723154
scale1,54,-15.683138,3219.119616
scale1,52,-18.508066,868.2516929999999
scale1,48,-15.683928,1326.235538
scale1,30,-8.907732,1448.602154
scale1,16,-13.98436,1053.318308
scale1,11,-14.980305,1765.2654619999998
scale1,61,-30.211424,2075.796539
scale1,38,-15.861031,1287.154923
scale1,29,-8.054798,1202.702615
scale1,64,1.5832672,2235.685077
scale1,22,-13.336681,1194.6836919999998
scale1,33,-1.6051369,1305.4083839999998
scale1,33,-20.486807,978.953308
scale1,33,-20.486807,54.658462
rotate2,2,-1.8586273,2657.541077
rotate2,13,-4.7868347,4241.328692
rotate2,8,-12.933174,3329.204154
rotate2,3,-2.9946136,3349.910077
rotate2,7,5.263855,2859.991462
rotate2,12,3.2954636,2861.756462
rotate2,1,-1.8766556,2892.164308
rotate2,11,-3.3255157,2604.562615
rotate2,6,-2.671402,2869.2379229999997
rotate2,10,-11.3005905,6068.26877
rotate2,5,-11.3005905,191.137
rotate2,15,-11.3005905,32.166076
rotate2,2,-2.703003,2634.138077
rotate2,13,3.2961502,2739.71
rotate2,8,-2.32444,2216.522077
rotate2,3,-1.1043243,2656.405154
rotate2,7,-2.5425873,2718.650385
rotate2,12,-2.6764526,2504.4240769999997
rotate2,1,-5.9768524,2760.079077
rotate2,11,-5.9768524,91.838539
rotate2,6,-35.6356,1223.159692
rotate2,10,-40.821854,927.798923
rotate2,2,0.44820404,2330.0093079999997
rotate2,13,-0.7470093,1636.5496919999998
rotate2,8,-0.29128265,1963.5001539999998
rotate2,3,-2.2805862,2790.634769
rotate2,7,-25.73552,2708.153616
rotate2,12,-12.592434,2017.962
rotate2,1,-14.8755455,2291.0823849999997
rotate2,11,0.8868332,1554.1173079999999
rotate2,6,-5.460861,2188.8942309999998
rotate2,10,-2.2777176,2144.823692
rotate2,5,5.1625595,2023.5710769999998
rotate2,15,-8.902519,2107.84023
rotate2,9,-10.71405,3157.159538
rotate2,4,1.5229721,1920.7296159999999
rotate2,14,4.023285,1717.264538
rotate1,9,13.485191,2838.6390779999997
rotate1,4,11.994713,1758.7821529999999
rotate1,13,-0.7677803,1225.603462
rotate1,6,-2.447649,1448.560769
rotate1,15,0.08141899,1573.879
rotate1,2,-0.9165783,2066.050769
rotate1,10,1.2083359,1696.911462
rotate1,5,-2.3730698,1563.6560769999999
rotate1,14,-2.8582602,1186.608923
rotate1,8,-1.6981392,1233.6676149999998
rotate1,11,0.20902252,1193.1803069999999
rotate1,7,-2.3834772,1949.3091539999998
rotate1,1,-3.7667837,2533.621231
rotate1,12,-1.1940918,1316.7423079999999
rotate1,3,-0.8714733,1358.459692
