tap2,6,138,480,220.79556,528.7246,1.03,1567562279413
tap2,7,759,1101,828.2331,1115.4191,1.05,1567562280354
tap2,8,138,1101,206.80852,1140.406,0.98999995,1567562281313
tap2,9,759,480,823.23773,491.74387,1.15,1567562282293
tap2,164,0,687,72.93247,708.6309,1.04,1567562283405
tap2,183,621,1308,687.3635,1354.2946,1.02,1567562284344
tap2,182,0,1308,65.93895,1322.3113,0.9,1567562285405
tap2,163,621,687,671.37836,717.6262,1.1,1567562286394
tap2,242,345,66,378.6494,85.95523,1.17,1567562287558
tap2,243,552,1032,625.4209,1065.4451,1.04,1567562288486
tap2,244,345,1032,385.6429,1057.4492,1.0799999,1567562289456
tap2,245,552,66,620.42554,87.954185,1.23,1567562290996
tap2,42,69,411,99.90749,446.7673,1.16,1567562292068
tap2,43,690,1032,781.2766,1112.4205,1.0,1567562292884
tap2,45,690,411,761.2951,443.76886,1.1,1567562293915
tap2,44,69,1032,107.90009,1082.4362,1.01,1567562294915
tap2,322,345,756,390.6383,803.5814,1.0,1567562295874
tap2,321,483,1653,562.4792,1681.1244,0.96,1567562296874
tap2,316,345,1653,399.62997,1653.1389,1.01,1567562297752
tap2,323,483,756,553.4875,738.6153,1.02,1567562298650
tap2,2,138,549,198.81592,576.69965,1.05,1567562299578
tap2,3,759,1170,811.24884,1184.383,0.97999996,1567562300497
tap2,4,138,1170,190.82332,1230.3591,0.98999995,1567562301374
tap2,5,759,549,829.2322,625.67413,1.14,1567562302334
tap2,11,759,1032,793.2655,1089.4326,0.98999995,1567562303221
tap2,10,138,411,173.83904,440.77042,1.14,1567562304323
tap2,12,138,1032,231.78539,1076.4393,0.90999997,1567562305201
tap2,13,759,411,806.2535,415.78345,1.18,1567562306211
tap2,15,759,963,815.2451,999.47943,1.0699999,1567562307150
tap2,14,138,342,190.82332,363.81052,1.1999999,1567562308242
tap2,17,759,342,781.2766,375.80426,1.2099999,1567562309120
tap2,16,138,963,167.84459,977.49084,1.03,1567562310130
tap2,122,207,66,270.7493,116.939095,1.16,1567562312610
tap2,123,828,687,897.1693,722.6236,1.0,1567562313487
tap2,124,207,687,241.77614,695.6377,1.06,1567562314467
tap2,125,828,66,869.1952,74.96095,1.14,1567562315630
tap2,135,621,1170,687.3635,1221.3639,0.97999996,1567562316518
tap2,134,0,549,62.94172,554.71106,0.96999997,1567562317701
tap2,136,0,1170,101.90564,1226.3612,1.03,1567562318702
tap2,137,621,549,689.3617,572.7017,0.98999995,1567562319835
tap2,130,69,66,128.88066,101.9469,1.13,1567562321069
tap2,131,690,687,726.32745,692.6392,1.04,1567562322069
tap2,133,690,66,731.3229,75.960434,1.1899999,1567562323427
tap2,132,69,687,126.882515,713.6283,1.0799999,1567562324427
tap2,127,759,687,830.23126,763.6023,1.04,1567562325376
tap2,126,138,66,183.82979,88.95367,1.25,1567562326794
tap2,128,138,687,170.84181,691.6398,1.0799999,1567562327723
tap2,129,759,66,812.2479,66.96512,1.13,1567562328804
tap2,18,138,273,204.81036,285.8511,1.15,1567562329856
tap2,19,759,894,801.2581,894.53406,1.06,1567562330744
tap2,20,138,894,180.83257,902.5299,1.04,1567562331723
tap2,21,759,273,829.2322,285.8511,1.16,1567562332703
tap2,35,828,1170,863.20074,1209.3701,1.04,1567562333621
tap2,34,207,549,247.77058,569.70325,1.12,1567562334611
tap2,36,207,1170,297.72433,1218.3654,1.01,1567562335479
tap2,37,828,549,879.1859,578.6986,1.11,1567562336489
tap2,26,138,135,164.84737,163.91463,1.18,1567562337560
tap2,27,759,756,797.2618,763.6023,1.09,1567562338611
tap2,28,138,756,171.84088,748.6101,1.05,1567562339550
tap2,29,759,135,820.24054,135.9292,1.17,1567562340540
tap2,43,690,1032,751.3043,1045.4554,0.97999996,1567562341408
tap2,42,69,411,130.87881,433.77408,1.04,1567562342357
tap2,45,690,411,748.3071,451.7647,1.11,1567562343255
tap2,44,69,1032,129.87975,1040.4581,0.96999997,1567562344204
tap2,24,138,825,167.84459,845.5596,1.0699999,1567562345225
tap2,25,759,204,840.22205,235.87714,1.13,1567562346112
tap2,22,138,204,200.81406,231.87923,1.13,1567562347153
tap2,23,759,825,793.2655,865.5492,1.01,1567562348143
tap2,38,69,480,97.90935,506.73605,1.0799999,1567562349194
tap2,39,690,1101,745.3099,1131.4106,0.97999996,1567562350205
tap2,40,69,1101,101.90564,1107.4232,0.96,1567562351103
tap2,41,690,480,771.2858,520.72876,1.09,1567562352021
tap2,33,690,549,775.28217,582.6965,1.11,1567562353001
tap2,32,69,1170,97.90935,1204.3727,0.94,1567562354032
tap2,30,69,549,117.89084,561.70746,1.12,1567562355093
tap2,31,690,1170,753.3025,1182.3842,1.0,1567562356053
tap2,46,69,342,131.8779,365.80948,1.03,1567562357043
tap2,47,690,963,747.30804,999.47943,0.96999997,1567562358033
tap2,48,69,963,99.90749,964.4976,0.97999996,1567562358951
tap2,49,690,342,750.3053,348.81833,1.14,1567562359901
tap2,108,276,963,327.6966,989.4846,0.98999995,1567562360809
tap2,231,897,1584,944.1258,1636.1478,0.96,1567562361850
tap2,230,276,1584,334.6901,1629.1515,0.94,1567562362738
tap2,107,897,963,968.10364,1023.4669,1.03,1567562363666
tap2,143,621,1032,683.36725,1051.4524,1.01,1567562364524
tap2,232,0,1653,76.92877,1666.1322,0.9,1567562365544
tap2,233,621,1653,697.3543,1672.129,1.0,1567562366422
tap2,144,0,1032,60.943573,1015.47107,0.89,1567562367443
tap2,44,69,1032,144.86586,1058.4487,0.98999995,1567562368331
tap2,235,690,1653,778.27936,1683.1233,0.98999995,1567562369280
tap2,43,690,1032,735.31915,1032.4623,0.97999996,1567562370097
tap2,234,69,1653,102.90472,1669.1306,0.90999997,1567562371066
tap2,12,138,1032,156.85477,1031.4628,1.01,1567562372026
tap2,237,759,1653,827.2341,1674.128,0.9,1567562373026
tap2,11,759,1032,795.2637,1033.4617,0.96999997,1567562373843
tap2,236,138,1653,181.83163,1668.1311,0.91999996,1567562374751
tap2,238,207,1653,284.73636,1693.1182,0.93,1567562375588
tap2,67,828,1032,896.1702,1079.4377,1.0,1567562376476
tap2,68,207,1032,268.75116,1050.4529,1.03,1567562377436
tap2,239,828,1653,899.1674,1663.1338,0.96999997,1567562378405
tap2,104,276,1032,343.68176,1070.4425,0.95,1567562379283
tap2,241,897,1653,967.10455,1694.1176,0.98999995,1567562380273
tap2,240,276,1653,313.70953,1692.1187,0.95,1567562381222
tap2,103,897,1032,961.1101,1044.4559,1.0,1567562382141
tap2,50,69,273,137.87234,288.84955,1.1,1567562383274
tap2,51,690,894,759.29694,921.52,1.01,1567562384233
tap2,52,69,894,101.90564,909.52625,1.09,1567562385172
tap2,53,690,273,732.3219,289.84903,1.1999999,1567562386173
tap2,55,690,825,776.28125,893.5346,1.0799999,1567562387040
tap2,54,69,204,135.87419,188.90161,1.12,1567562388163
tap2,56,69,825,113.89455,842.56116,1.11,1567562389092
tap2,57,690,204,751.3043,212.88911,1.1999999,1567562390062
tap2,59,690,756,740.3145,800.583,1.0699999,1567562390899
tap2,58,69,135,140.86957,161.91566,1.25,1567562392113
tap2,61,690,135,733.321,120.93701,1.23,1567562393164
tap2,60,69,756,124.88437,768.5997,1.12,1567562394165
tap2,62,207,480,282.73822,515.7314,1.14,1567562395145
tap2,63,828,1101,908.1591,1130.4113,1.04,1567562396165
tap2,64,207,1101,271.74838,1151.4003,1.0,1567562397094
tap2,65,828,480,895.17114,530.7236,1.11,1567562398084
tap2,290,345,480,409.62073,505.73657,1.1,1567562399054
tap2,291,552,1446,590.4533,1533.2014,1.0,1567562400024
tap2,293,552,480,649.3987,506.73605,1.0699999,1567562400891
tap2,292,345,1446,410.6198,1463.2379,1.01,1567562401861
tap2,141,621,480,700.3515,510.73398,1.0799999,1567562402881
tap2,295,414,1446,490.5458,1478.2301,0.95,1567562403892
tap2,294,414,480,459.57446,508.73502,1.12,1567562404872
tap2,203,621,1446,719.334,1492.2228,1.0,1567562405842
tap2,297,483,1446,556.48474,1480.229,0.93,1567562406791
tap2,41,690,480,754.3016,498.74023,1.0699999,1567562407802
tap2,296,483,480,531.5079,494.7423,0.97999996,1567562408802
tap2,205,690,1446,770.2868,1503.217,1.01,1567562409813
tap2,319,414,1653,452.58093,1673.1285,0.98999995,1567562410701
tap2,325,552,756,639.40796,823.57104,1.01,1567562411599
tap2,324,414,756,484.55133,788.58923,1.0699999,1567562412518
tap2,315,552,1653,612.4329,1675.1274,0.89,1567562413477
tap2,298,345,549,407.62256,567.7043,1.03,1567562414498
tap2,299,552,1515,628.41815,1540.1978,0.90999997,1567562415427
tap2,301,552,549,648.39966,584.69543,1.05,1567562416407
tap2,300,345,1515,392.63644,1528.204,0.96,1567562417387
tap2,326,345,825,382.6457,873.545,1.04,1567562418305
tap2,256,483,135,557.4838,172.90994,1.1,1567562419245
tap2,250,345,135,419.61148,169.9115,1.17,1567562420235
tap2,327,483,825,549.4912,868.5476,1.05,1567562421204
tap2,67,828,1032,870.1943,1081.4368,1.03,1567562422154
tap2,66,207,411,259.7595,437.77197,1.11,1567562423134
tap2,68,207,1032,296.72525,1080.4373,0.91999996,1567562424073
tap2,69,828,411,894.17206,435.773,1.0799999,1567562425114
tap2,72,207,963,261.75763,998.4799,0.97999996,1567562426084
tap2,73,828,342,889.1767,353.8157,1.14,1567562427105
tap2,70,207,342,265.75394,355.81467,1.14,1567562428156
tap2,71,828,963,877.1878,1008.47473,1.04,1567562429146
tap2,76,207,894,263.7558,937.5117,1.03,1567562430086
tap2,77,828,273,872.19244,310.8381,1.2099999,1567562431168
tap2,74,207,273,263.7558,296.8454,1.1999999,1567562432148
tap2,75,828,894,882.18317,909.52625,1.04,1567562433148
tap2,80,207,825,282.73822,843.5606,1.0,1567562434118
tap2,81,828,204,854.20905,219.88547,1.0699999,1567562435271
tap2,78,207,204,277.74283,227.8813,1.06,1567562436292
tap2,79,828,825,890.1758,841.56165,1.04,1567562437323
tap2,84,207,756,251.76688,775.596,1.03,1567562438272
tap2,85,828,135,917.1508,168.91202,1.09,1567562439374
tap2,82,207,135,234.78261,136.92868,1.13,1567562440456
tap2,83,828,756,879.1859,776.5955,1.09,1567562441518
tap2,89,621,618,688.3626,655.6585,0.95,1567562442478
tap2,88,0,1239,66.93802,1255.3462,0.87,1567562443519
tap2,87,621,1239,677.3728,1271.3378,1.01,1567562444519
tap2,86,0,618,51.951897,612.6809,0.87,1567562445734
tap2,305,483,1515,534.50507,1536.1998,0.96,1567562446806
tap2,33,690,549,709.3432,597.68866,1.06,1567562447878
tap2,304,483,549,542.4977,604.68506,1.05,1567562448909
tap2,215,690,1515,746.30896,1539.1982,0.89,1567562450063
tap2,309,552,618,617.4283,621.6762,0.98999995,1567562451175
tap2,308,345,1584,411.61887,1661.1348,0.85999995,1567562452298
tap2,307,552,1584,640.40704,1597.1681,0.89,1567562453258
tap2,306,345,618,394.6346,644.66425,1.11,1567562454350
tap2,258,345,204,388.64014,195.89796,1.24,1567562455361
tap2,331,483,894,547.49304,917.5221,0.96,1567562456361
tap2,330,345,894,408.62164,884.5393,1.02,1567562457239
tap2,264,483,204,515.52264,198.89641,1.18,1567562458331
tap2,223,621,1584,676.3737,1599.1671,1.01,1567562459638
tap2,310,414,618,488.54764,630.6715,1.15,1567562460607
tap2,89,621,618,692.35895,633.6699,1.11,1567562461414
tap2,311,414,1584,477.55783,1611.1608,1.0,1567562462526
tap2,261,552,204,623.4227,203.8938,1.31,1567562463690
tap2,322,345,756,421.60962,776.5955,1.16,1567562464640
tap2,262,414,204,455.5782,177.90733,1.29,1567562465650
tap2,333,552,894,599.44495,915.52313,1.12,1567562466620
tap2,312,483,618,578.4644,619.67725,1.3,1567562467539
tap2,225,690,1584,763.2933,1603.165,0.98999995,1567562468580
tap2,93,690,618,771.2858,651.6606,1.22,1567562469683
tap2,313,483,1584,541.4986,1630.1509,1.0699999,1567562470693
tap2,91,690,1239,739.3154,1289.3285,1.06,1567562471592
tap2,90,69,618,130.87881,630.6715,1.3,1567562472602
tap2,93,690,618,766.29047,642.6653,1.0699999,1567562473531
tap2,92,69,1239,122.886215,1267.3398,1.05,1567562474582
tap2,108,276,963,392.63644,972.49347,1.13,1567562475522
tap2,109,897,342,963.1082,336.82455,1.25,1567562476461
tap2,106,276,342,318.7049,327.82925,1.25,1567562477563
tap2,107,897,963,939.13043,1003.47736,0.98999995,1567562478604
tap2,100,276,1101,341.68362,1116.4185,1.1,1567562479513
tap2,101,897,480,980.0925,541.71783,1.31,1567562480544
tap2,99,897,1101,1002.07214,1121.4159,0.97999996,1567562481422
tap2,98,276,480,355.6707,489.7449,1.1899999,1567562482463
tap2,105,897,411,987.08606,407.7876,1.2099999,1567562483382
tap2,104,276,1032,342.6827,1053.4513,1.16,1567562484352
tap2,102,276,411,353.67252,459.76053,1.27,1567562485373
tap2,103,897,1032,970.10175,1047.4545,0.9,1567562486404
tap2,97,897,549,951.1193,600.68713,1.15,1567562487506
tap2,96,276,1170,335.68918,1194.3779,1.12,1567562488435
tap2,94,276,549,383.64478,543.7168,1.3199999,1567562489456
tap2,95,897,1170,967.10455,1168.3915,0.90999997,1567562490467
tap2,111,897,894,990.08325,905.5283,1.06,1567562491416
tap2,110,276,273,313.70953,277.8553,1.3,1567562492417
tap2,112,276,894,335.68918,898.532,1.16,1567562493376
tap2,113,897,273,993.0805,317.83444,1.2099999,1567562494489
tap2,116,276,825,336.68826,835.5648,1.27,1567562495408
tap2,117,897,204,974.0981,206.89224,1.35,1567562496347
tap2,114,276,204,338.6864,226.88182,1.29,1567562497337
tap2,115,897,825,964.1073,813.57623,1.16,1567562498215
tap2,119,897,756,998.07587,813.57623,1.05,1567562499318
tap2,118,276,135,345.67993,106.9443,1.4399999,1567562500237
tap2,121,897,135,977.0953,179.9063,1.24,1567562501227
tap2,120,276,756,352.67346,803.5814,1.04,1567562502125
tap2,152,0,894,73.93155,899.5315,1.15,1567562503095
tap2,213,621,1515,691.35986,1522.2072,1.04,1567562504065
tap2,212,0,1515,70.93432,1550.1926,0.96999997,1567562505096
tap2,151,621,894,680.37006,906.52783,1.15,1567562505984
tap2,56,69,825,108.89917,812.5768,1.27,1567562506985
tap2,205,690,1446,781.2766,1460.2394,1.06,1567562508067
tap2,204,69,1446,131.8779,1441.2493,1.06,1567562509006
tap2,55,690,825,780.2775,856.55383,1.1899999,1567562509884
tap2,24,138,825,208.80666,838.56323,1.24,1567562510803
tap2,207,759,1446,816.2442,1445.2472,0.89,1567562511834
tap2,206,138,1446,186.82701,1448.2457,1.01,1567562512763
tap2,23,759,825,850.21277,826.56946,1.14,1567562513651
tap2,80,207,825,269.75024,855.5544,1.2099999,1567562514530
tap2,209,828,1446,912.1554,1476.2311,0.96999997,1567562515642
tap2,208,207,1446,262.7567,1427.2566,1.12,1567562516530
tap2,79,828,825,906.16095,822.57153,1.14,1567562517357
tap2,115,897,825,987.08606,810.5778,1.0699999,1567562518204
tap2,210,276,1446,338.6864,1479.2295,1.02,1567562519154
tap2,116,276,825,370.6568,843.5606,1.24,1567562520022
tap2,211,897,1446,955.11566,1417.2618,0.89,1567562521022
tap2,203,621,1446,672.37744,1481.2285,0.95,1567562521839
tap2,156,0,825,71.933395,807.57935,1.14,1567562522809
tap2,202,0,1446,80.92507,1471.2336,0.96999997,1567562523921
tap2,155,621,825,701.3506,859.5523,1.24,1567562524901
tap2,52,69,894,119.88899,888.5372,1.17,1567562525830
tap2,215,690,1515,763.2933,1524.206,1.0,1567562526800
tap2,51,690,894,785.2729,913.5242,1.0699999,1567562527627
tap2,214,69,1515,151.85939,1553.191,1.03,1567562528658
tap2,216,138,1515,229.78723,1546.1947,1.1,1567562529515
tap2,19,759,894,824.2368,913.5242,1.09,1567562530455
tap2,217,759,1515,833.2285,1531.2025,0.90999997,1567562531332
tap2,20,138,894,240.77705,908.5268,1.16,1567562532313
tap2,141,621,480,696.3552,509.7345,1.29,1567562533170
tap2,140,0,1101,97.90935,1107.4232,1.12,1567562534140
tap2,138,0,480,124.88437,527.72516,1.3399999,1567562535569
tap2,139,621,1101,683.36725,1139.4065,1.25,1567562536580
tap2,142,0,411,96.91027,411.78552,1.4,1567562537723
tap2,143,621,1032,738.3164,1070.4425,1.04,1567562538683
tap2,144,0,1032,76.92877,1028.4644,1.1999999,1567562539775
tap2,145,621,411,730.3238,408.78708,1.43,1567562540796
tap2,148,0,963,83.922295,977.49084,1.28,1567562541756
tap2,149,621,342,728.3256,362.81104,1.43,1567562542767
tap2,147,621,963,735.31915,987.48566,1.27,1567562543634
tap2,146,0,342,69.93524,360.81207,1.26,1567562545084
tap2,153,621,273,717.3358,311.8376,1.3,1567562546054
tap2,152,0,894,92.91397,917.5221,1.23,1567562547075
tap2,150,0,273,81.92415,274.85684,1.4699999,1567562548473
tap2,151,621,894,685.3654,894.53406,1.3299999,1567562549392
tap2,266,345,273,447.58557,290.8485,1.38,1567562550382
tap2,267,552,1239,656.3922,1265.341,1.23,1567562551322
tap2,269,552,273,635.4117,267.86047,1.51,1567562552343
tap2,268,345,1239,428.60315,1258.3446,1.2099999,1567562553353
tap2,271,414,1239,513.52454,1262.3425,1.09,1567562554313
tap2,153,621,273,676.3737,275.85632,1.3299999,1567562555232
tap2,270,414,273,523.51526,278.85477,1.35,1567562556099
tap2,87,621,1239,682.36816,1241.3534,1.04,1567562557099
tap2,91,690,1239,748.3071,1255.3462,1.18,1567562558090
tap2,272,483,273,587.45605,251.8688,1.42,1567562559070
tap2,273,483,1239,540.4995,1229.3596,1.16,1567562560009
tap2,53,690,273,752.3034,245.87193,1.3199999,1567562560836
tap2,277,552,342,629.41724,355.81467,1.41,1567562561826
tap2,276,345,1308,440.59204,1351.2961,1.1899999,1567562562786
tap2,274,345,342,415.61517,338.82352,1.4499999,1567562563674
tap2,275,552,1308,632.4144,1345.2993,1.12,1567562564634
tap2,183,621,1308,695.35614,1323.3108,1.22,1567562565522
tap2,278,414,342,478.5569,342.82144,1.28,1567562566471
tap2,149,621,342,714.33856,350.81726,1.23,1567562567288
tap2,279,414,1308,475.55966,1352.2957,1.27,1567562568268
tap2,281,483,1308,572.4699,1352.2957,1.23,1567562569034
tap2,49,690,342,798.26086,342.82144,1.38,1567562569963
tap2,280,483,342,542.4977,357.81363,1.48,1567562570841
tap2,185,690,1308,739.3154,1323.3108,1.1999999,1567562571760
tap2,156,0,825,81.92415,815.5752,1.3299999,1567562572791
tap2,157,621,204,666.383,204.89328,1.4499999,1567562573638
tap2,155,621,825,677.3728,832.56635,1.35,1567562574414
tap2,154,0,204,74.93062,198.89641,1.3399999,1567562575619
tap2,158,0,135,101.90564,148.92244,1.54,1567562576762
tap2,159,621,756,718.3349,795.58563,1.3,1567562577671
tap2,160,0,756,70.93432,761.60333,1.23,1567562578682
tap2,161,621,135,728.3256,183.9042,1.4399999,1567562579856
tap2,162,0,66,69.93524,97.94898,1.38,1567562581976
tap2,163,621,687,723.33026,672.64966,1.48,1567562582837
tap2,164,0,687,85.92044,675.6481,1.4399999,1567562583787
tap2,165,621,66,647.4006,94.95055,1.52,1567562584889
tap2,169,897,66,984.0888,115.93961,1.5699999,1567562586012
tap2,168,276,687,333.69104,679.646,1.42,1567562587146
tap2,166,276,66,350.6753,83.95627,1.53,1567562588524
tap2,167,897,687,944.1258,681.64496,1.43,1567562589269
tap2,170,138,618,234.78261,635.6689,1.4,1567562590117
tap2,171,759,1239,859.20447,1260.3435,1.3299999,1567562591087
tap2,173,759,618,835.2266,630.6715,1.4,1567562591955
tap2,172,138,1239,169.84274,1251.3483,1.29,1567562592935
tap2,177,828,618,903.16376,666.6528,1.41,1567562593813
tap2,176,207,1239,295.7262,1257.3451,1.25,1567562594762
tap2,174,207,618,248.76965,616.6788,1.4,1567562595640
tap2,175,828,1239,865.1989,1237.3555,1.1,1567562596620
tap2,133,690,66,787.27106,109.94273,1.49,1567562597947
tap2,249,483,1032,570.4718,1086.4341,1.17,1567562598846
tap2,43,690,1032,760.296,1105.4242,1.27,1567562599663
tap2,248,483,66,566.47546,82.956795,1.4599999,1567562600653
tap2,251,552,1101,640.40704,1068.4435,1.3,1567562601511
tap2,250,345,135,446.5865,158.91722,1.5,1567562602756
tap2,252,345,1101,420.61053,1111.4211,1.24,1567562603777
tap2,253,552,135,627.41907,135.9292,1.43,1567562604778
tap2,254,414,135,545.49493,156.91827,1.4699999,1567562605768
tap2,139,621,1101,725.3284,1113.42,1.16,1567562606605
tap2,161,621,135,609.4357,103.94586,1.43,1567562607698
tap2,255,414,1101,499.53748,1167.392,1.18,1567562608555
tap2,178,276,618,352.67346,615.6793,1.38,1567562609372
tap2,179,897,1239,980.0925,1248.3497,1.13,1567562610291
tap2,181,897,618,988.0851,652.66003,1.11,1567562611149
tap2,180,276,1239,365.66144,1279.3336,1.18,1567562612180
tap2,132,69,687,102.90472,686.64233,1.48,1567562613140
tap2,185,690,1308,798.26086,1341.3014,1.04,1567562614079
tap2,184,69,1308,103.90379,1310.3175,1.3,1567562615233
tap2,131,690,687,768.28864,693.63873,1.24,1567562616131
tap2,127,759,687,827.2341,713.6283,1.37,1567562617061
tap2,187,759,1308,825.2359,1330.3071,1.16,1567562618000
tap2,186,138,1308,197.81683,1352.2957,1.11,1567562618878
tap2,126,138,66,229.78723,84.95575,1.52,1567562621144
tap2,123,828,687,935.13416,727.62103,1.23,1567562622012
tap2,188,207,1308,287.73358,1324.3102,1.2099999,1567562622941
tap2,124,207,687,255.76318,689.6408,1.28,1567562623901
tap2,189,828,1308,910.1573,1331.3065,1.0799999,1567562624841
tap2,317,552,687,639.40796,686.64233,1.22,1567562625780
tap2,316,345,1653,413.61703,1685.1223,1.02,1567562626780
tap2,314,345,687,434.5976,721.62415,1.12,1567562627720
tap2,315,552,1653,638.4089,1692.1187,1.05,1567562628781
tap2,266,345,273,443.58926,270.85892,1.35,1567562629874
tap2,335,483,963,552.48846,966.4966,1.1899999,1567562630824
tap2,272,483,273,542.4977,278.85477,1.38,1567562631886
tap2,334,345,963,435.59668,983.48773,1.14,1567562632835
tap2,318,414,687,476.55875,712.62885,1.36,1567562633693
tap2,233,621,1653,702.3497,1676.127,1.0699999,1567562634693
tap2,163,621,687,688.3626,718.6257,1.23,1567562635571
tap2,319,414,1653,505.53192,1679.1254,1.0699999,1567562636552
tap2,269,552,273,620.42554,248.87038,1.39,1567562637583
tap2,336,414,963,518.5199,1005.4763,1.02,1567562638410
tap2,337,552,963,615.4302,1021.46796,1.1,1567562639237
tap2,270,414,273,488.54764,283.85214,1.3399999,1567562640115
tap2,168,276,687,393.63553,690.64026,1.3299999,1567562640932
tap2,191,897,1308,979.09344,1307.3191,0.96999997,1567562641891
tap2,167,897,687,952.1184,712.62885,1.17,1567562642780
tap2,190,276,1308,362.6642,1327.3087,1.17,1567562643750
tap2,192,0,1377,74.93062,1415.2628,0.98999995,1567562644699
tap2,160,0,756,75.929695,778.5945,1.2099999,1567562645700
tap2,193,621,1377,697.3543,1412.2644,1.06,1567562646732
tap2,159,621,756,716.33673,790.5882,1.16,1567562647620
tap2,194,69,1377,167.84459,1393.2743,1.09,1567562648559
tap2,59,690,756,785.2729,778.5945,1.11,1567562649376
tap2,60,69,756,105.90195,770.59863,1.3199999,1567562650295
tap2,195,690,1377,791.26733,1423.2587,0.91999996,1567562651163
tap2,28,138,756,179.8335,768.5997,1.2099999,1567562652082
tap2,197,759,1377,819.24146,1450.2446,1.03,1567562652909
tap2,27,759,756,834.2276,769.5991,1.09,1567562653756
tap2,196,138,1377,224.79185,1374.2842,1.09,1567562654706
tap2,84,207,756,266.75302,760.6038,1.24,1567562655625
tap2,199,828,1377,904.16284,1376.2832,0.95,1567562656482
tap2,83,828,756,902.1647,781.5929,1.17,1567562657351
tap2,198,207,1377,285.73544,1389.2764,1.09,1567562658259
tap2,200,276,1377,343.68176,1410.2655,1.13,1567562659148
tap2,119,897,756,967.10455,764.60175,1.2099999,1567562660148
tap2,120,276,756,339.6855,760.6038,1.16,1567562661037
tap2,201,897,1377,950.12024,1362.2904,0.84,1567562661945
tap2,242,345,66,414.6161,98.94846,1.3399999,1567562663446
tap2,347,966,687,1024.0518,701.6345,0.96999997,1567562664355
tap2,338,966,66,1015.0601,89.95315,1.13,1567562666090
tap2,314,345,687,433.5985,686.64233,1.3399999,1567562667040
tap2,322,345,756,440.59204,773.59705,1.14,1567562667898
tap2,339,966,135,989.08417,122.93597,1.35,1567562669194
tap2,348,966,756,1025.0509,772.5976,1.0,1567562669981
tap2,250,345,135,478.5569,102.94638,1.25,1567562670930
tap2,258,345,204,429.60223,201.89484,1.3,1567562671798
tap2,349,966,825,1040.037,812.5768,0.75,1567562672635
tap2,340,966,204,1021.05457,234.87766,1.17,1567562674146
tap2,326,345,825,436.59573,858.5528,1.1999999,1567562675014
tap2,330,345,894,452.58093,910.52576,1.1899999,1567562675852
tap2,341,966,273,990.08325,284.85162,1.36,1567562676822
tap2,266,345,273,432.59946,269.85944,1.36,1567562677700
tap2,350,966,894,1032.0444,895.53357,0.84999996,1567562678537
tap2,76,207,894,292.72894,936.5122,1.1,1567562679466
tap2,219,828,1515,903.16376,1566.1842,1.01,1567562680354
tap2,218,207,1515,280.74005,1533.2014,1.03,1567562681222
tap2,75,828,894,917.1508,904.5289,1.03,1567562682090
tap2,220,276,1515,312.71045,1560.1874,0.96,1567562682958
tap2,111,897,894,998.07587,911.5252,1.0,1567562683876
tap2,112,276,894,361.66513,937.5117,1.11,1567562684683
tap2,221,897,1515,961.1101,1538.1989,1.1,1567562686021
tap2,225,690,1584,769.2877,1615.1587,1.11,1567562686909
tap2,48,69,963,122.886215,961.4992,1.24,1567562687838
tap2,47,690,963,754.3016,992.48303,1.2099999,1567562688686
tap2,224,69,1584,149.86124,1631.1504,1.14,1567562689645
tap2,165,621,66,710.3423,100.94742,1.28,1567562691034
tap2,247,414,1032,502.5347,1110.4216,1.24,1567562691881
tap2,143,621,1032,713.3395,1045.4554,1.28,1567562692668
tap2,246,414,66,476.55875,106.9443,1.48,1567562694577
tap2,15,759,963,859.20447,993.48254,1.29,1567562695435
tap2,226,138,1584,226.79001,1604.1644,1.1,1567562696395
tap2,227,759,1584,823.23773,1601.166,0.81,1567562697273
tap2,16,138,963,185.82794,968.49554,1.01,1567562698212
tap2,72,207,963,290.7308,988.48517,1.0699999,1567562699182
tap2,229,828,1584,892.1739,1586.1738,0.95,1567562700285
tap2,71,828,963,911.1564,1018.46954,1.0799999,1567562701163
tap2,228,207,1584,268.75116,1629.1515,1.06,1567562702246
tap2,242,345,66,439.59296,75.960434,1.4399999,1567562704400
tap2,243,552,1032,617.4283,1101.4263,1.25,1567562705350
tap2,244,345,1032,404.62534,1081.4368,1.25,1567562706126
tap2,245,552,66,610.4348,104.945335,1.5899999,1567562707269
tap2,148,0,963,82.92322,989.4846,1.3399999,1567562708423
tap2,223,621,1584,694.35706,1650.1405,1.41,1567562709312
tap2,147,621,963,705.3469,982.4883,1.4599999,1567562710169
tap2,222,0,1584,115.89269,1616.1582,1.26,1567562711211
tap2,252,345,1101,401.6281,1109.4221,1.28,1567562712181
tap2,344,966,480,1022.05365,485.747,1.16,1567562713100
tap2,290,345,480,382.6457,469.7553,1.52,1567562713927
tap2,353,966,1101,1041.0361,1094.4299,0.72999996,1567562714774
tap2,345,966,549,1037.0398,571.7022,0.9,1567562715724
tap2,260,345,1170,422.6087,1211.369,1.24,1567562716643
tap2,354,966,1170,1020.0555,1194.3779,1.02,1567562717684
tap2,298,345,549,439.59296,551.71265,1.36,1567562718664
tap2,346,966,618,1032.0444,613.68036,0.97999996,1567562719502
tap2,268,345,1239,409.62073,1265.341,1.27,1567562720462
tap2,355,966,1239,1036.0406,1226.3612,0.83,1567562721340
tap2,306,345,618,387.64108,605.6845,1.29,1567562722269
tap2,314,345,687,425.60593,743.6127,1.28,1567562723178
tap2,356,966,1308,1024.0518,1352.2957,0.90999997,1567562724076
tap2,347,966,687,1002.07214,707.6314,1.22,1567562725016
tap2,276,345,1308,414.6161,1364.2894,1.18,1567562725935
tap2,257,483,1101,558.4829,1186.3821,1.2099999,1567562726782
tap2,61,690,135,783.2748,139.92712,1.51,1567562727794
tap2,39,690,1101,745.3099,1138.4071,1.1899999,1567562728651
tap2,256,483,135,562.4792,113.94065,1.4699999,1567562729570
tap2,258,345,204,466.568,219.88547,1.55,1567562730428
tap2,259,552,1170,640.40704,1207.3711,1.29,1567562731337
tap2,260,345,1170,400.62906,1199.3752,1.36,1567562732215
tap2,261,552,204,676.3737,205.89276,1.49,1567562733205
tap2,157,621,204,730.3238,221.88443,1.54,1567562734084
tap2,263,414,1170,514.5236,1175.3878,1.3199999,1567562734931
tap2,262,414,204,490.5458,189.9011,1.53,1567562735871
tap2,135,621,1170,671.37836,1217.366,1.43,1567562736657
tap2,244,345,1032,403.62628,1048.4539,1.31,1567562737443
tap2,361,966,1653,1030.0463,1649.141,0.87,1567562738495
tap2,352,966,1032,1030.0463,1088.4331,0.98999995,1567562739506
tap2,316,345,1653,416.61426,1671.1296,1.18,1567562740527
tap2,282,345,411,435.59668,407.7876,1.39,1567562741579
tap2,283,552,1377,610.4348,1431.2545,1.22,1567562743141
tap2,284,345,1377,428.60315,1403.269,1.17,1567562744050
tap2,285,552,411,595.44867,401.7907,1.38,1567562744969
tap2,145,621,411,696.3552,420.78082,1.35,1567562745969
tap2,287,414,1377,510.52728,1427.2566,1.11,1567562746888
tap2,193,621,1377,701.3506,1397.2722,1.24,1567562747858
tap2,286,414,411,481.5541,398.7923,1.27,1567562748818
tap2,288,483,411,541.4986,411.78552,1.4699999,1567562749615
tap2,195,690,1377,789.2692,1383.2795,1.24,1567562750482
tap2,289,483,1377,545.49493,1424.2582,1.37,1567562751544
tap2,45,690,411,774.2831,424.77875,1.38,1567562752576
tap2,31,690,1170,760.296,1186.3821,1.25,1567562753403
tap2,264,483,204,495.54117,148.92244,1.42,1567562754291
tap2,57,690,204,777.2803,248.87038,1.38,1567562755159
tap2,265,483,1170,576.46625,1213.368,1.25,1567562756017
tap2,300,345,1515,443.58926,1529.2035,1.23,1567562756916
tap2,350,966,894,1026.0499,942.5091,1.0,1567562757834
tap2,330,345,894,437.59482,920.52057,1.3,1567562758672
tap2,359,966,1515,1009.0657,1517.2097,1.02,1567562759642
tap2,351,966,963,1011.06384,968.49554,1.12,1567562760551
tap2,308,345,1584,419.61148,1614.1593,1.13,1567562761561
tap2,360,966,1584,1028.0481,1606.1635,0.89,1567562762572
tap2,334,345,963,428.60315,1002.47784,1.16,1567562763461
tap2,137,621,549,740.3145,604.68506,1.38,1567562764349
tap2,303,414,1515,506.531,1523.2067,1.18,1567562765401
tap2,213,621,1515,707.34503,1568.1832,1.18,1567562766279
tap2,302,414,549,516.5217,544.7163,1.39,1567562767208
tap2,254,414,135,448.58466,141.92607,1.5,1567562768281
tap2,329,552,825,618.42737,836.5643,1.29,1567562769179
tap2,253,552,135,652.39594,127.933365,1.4399999,1567562770119
tap2,328,414,825,506.531,853.5554,1.39,1567562770967
tap2,334,345,963,424.60684,967.4961,1.41,1567562771814
tap2,342,966,342,1021.05457,415.78345,1.13,1567562772937
tap2,274,345,342,445.58743,379.8022,1.3399999,1567562773836
tap2,351,966,963,1001.07306,969.49506,1.1899999,1567562774735
tap2,282,345,411,458.5754,430.77563,1.42,1567562775746
tap2,352,966,1032,1041.0361,1058.4487,0.83,1567562776532
tap2,343,966,411,1034.0426,459.76053,1.02,1567562777471
tap2,244,345,1032,517.5208,1021.46796,1.31,1567562778340
tap2,322,345,756,415.61517,747.6106,1.54,1567562779299
tap2,357,966,1377,1029.0472,1376.2832,0.96999997,1567562780229
tap2,348,966,756,995.0786,748.6101,1.36,1567562781015
tap2,284,345,1377,458.5754,1409.266,1.2099999,1567562781842
tap2,292,345,1446,427.60406,1471.2336,1.26,1567562782731
tap2,349,966,825,994.0796,855.5544,1.3299999,1567562783997
tap2,326,345,825,427.60406,860.55176,1.3299999,1567562784834
tap2,358,966,1446,1012.0629,1456.2415,1.01,1567562785824
tap2,131,690,687,766.29047,690.64026,1.23,1567562786693
tap2,321,483,1653,540.4995,1680.1249,1.1999999,1567562787602
tap2,320,483,687,589.4542,699.63556,1.4599999,1567562788531
tap2,235,690,1653,797.2618,1658.1364,1.26,1567562789450
tap2,362,0,1722,100.90657,1740.0936,1.15,1567562790400
tap2,139,621,1101,712.34045,1177.3867,1.35,1567562791442
tap2,140,0,1101,72.93247,1114.4196,1.16,1567562792371
tap2,371,621,1722,706.346,1723.1025,1.36,1567562793444
tap2,39,690,1101,782.2757,1131.4106,1.1999999,1567562794404
tap2,363,69,1722,145.86494,1742.0927,1.2099999,1567562795506
tap2,372,690,1722,777.2803,1738.0947,1.1,1567562796405
tap2,40,69,1101,146.86401,1126.4133,1.1999999,1567562797365
tap2,136,0,1170,74.93062,1204.3727,1.15,1567562798407
tap2,386,621,1791,692.35895,1813.0557,1.26,1567562799346
tap2,135,621,1170,741.3136,1212.3685,1.17,1567562800245
tap2,377,0,1791,88.91767,1813.0557,1.1899999,1567562801337
tap2,31,690,1170,741.3136,1171.3899,1.4399999,1567562802287
tap2,378,69,1791,136.87326,1831.0463,1.24,1567562803278
tap2,32,69,1170,121.887146,1172.3894,1.27,1567562804279
tap2,387,690,1791,772.2849,1813.0557,1.22,1567562805310
tap2,8,138,1101,196.81776,1113.42,1.3199999,1567562806270
tap2,373,759,1722,832.22943,1746.0906,1.23,1567562807179
tap2,7,759,1101,867.197,1126.4133,1.3299999,1567562808078
tap2,364,138,1722,209.80574,1756.0853,1.17,1567562809027
tap2,374,828,1722,921.1471,1729.0994,1.22,1567562809906
tap2,64,207,1101,271.74838,1109.4221,1.29,1567562810815
tap2,365,207,1722,291.7299,1766.0801,1.26,1567562811754
tap2,63,828,1101,917.1508,1123.4149,1.27,1567562812591
tap2,379,138,1791,202.81221,1826.0488,1.2099999,1567562813602
tap2,3,759,1170,852.21094,1180.3851,1.29,1567562814430
tap2,4,138,1170,193.82054,1174.3883,1.25,1567562815287
tap2,388,759,1791,851.21185,1792.0665,1.0699999,1567562816390
tap2,380,207,1791,302.7197,1840.0416,1.18,1567562817340
tap2,35,828,1170,907.16003,1191.3795,1.37,1567562818198
tap2,389,828,1791,922.1462,1780.0729,1.17,1567562819086
tap2,36,207,1170,262.7567,1192.3789,1.2099999,1567562820036
tap2,100,276,1101,357.66882,1101.4263,1.28,1567562820894
tap2,375,897,1722,972.0999,1748.0895,1.14,1567562821793
tap2,99,897,1101,994.0796,1113.42,1.26,1567562822681
tap2,366,276,1722,353.67252,1762.0822,1.1999999,1567562823601
tap2,368,414,1722,488.54764,1771.0775,1.22,1567562824509
tap2,159,621,756,707.34503,805.5804,1.36,1567562825541
tap2,371,621,1722,697.3543,1772.077,1.27,1567562826583
tap2,324,414,756,492.54395,781.5929,1.31,1567562827563
tap2,96,276,1170,363.66327,1195.3773,1.35,1567562828462
tap2,390,897,1791,949.1212,1806.0593,1.1,1567562829268
tap2,95,897,1170,971.1008,1200.3748,1.31,1567562830147
tap2,381,276,1791,386.642,1839.0421,1.16,1567562831096
tap2,385,552,1791,637.4098,1840.0416,1.13,1567562831954
tap2,326,345,825,422.6087,833.56586,1.27,1567562832925
tap2,382,345,1791,435.59668,1830.0468,1.11,1567562833813
tap2,329,552,825,628.41815,845.5596,1.31,1567562834804
tap2,323,483,756,581.4616,779.59393,1.31,1567562835682
tap2,372,690,1722,782.2757,1754.0864,1.14,1567562836662
tap2,59,690,756,733.321,761.60333,1.38,1567562837633
tap2,369,483,1722,562.4792,1746.0906,1.18,1567562838552
tap2,353,966,1101,1037.0398,1156.3977,0.9,1567562839419
tap2,367,345,1722,432.59946,1771.0775,1.13,1567562840410
tap2,252,345,1101,420.61053,1135.4086,1.3,1567562841411
tap2,376,966,1722,1047.0305,1745.0911,0.71999997,1567562842279
tap2,383,414,1791,511.52637,1832.0458,1.0799999,1567562843290
tap2,155,621,825,720.333,840.5622,1.24,1567562844199
tap2,328,414,825,511.52637,845.5596,1.27,1567562845118
tap2,386,621,1791,719.334,1816.0541,1.12,1567562846017
tap2,55,690,825,822.23865,859.5523,1.3199999,1567562846967
tap2,384,483,1791,582.4607,1836.0437,1.1999999,1567562847947
tap2,327,483,825,545.49493,857.55334,1.39,1567562848989
tap2,387,690,1791,786.272,1839.0421,1.11,1567562849816
tap1,2,288,642,390.6383,713.6283,1.17,1567563085787
tap1,3,576,930,685.3654,966.4966,1.09,1567563086617
tap1,4,576,642,699.3525,708.6309,1.15,1567563087494
tap1,5,288,930,397.63184,1004.4768,1.02,1567563088382
tap1,9,288,786,413.61703,818.57367,1.1,1567563089331
tap1,17,576,1074,680.37006,1168.3915,1.11,1567563090250
tap1,16,288,1074,411.61887,1132.4102,1.06,1567563091169
tap1,7,576,786,667.3821,842.56116,1.13,1567563092077
tap1,4,576,642,669.3802,694.6382,1.15,1567563092996
tap1,10,288,354,404.62534,417.7824,1.13,1567563093986
tap1,2,288,642,387.64108,740.61426,1.15,1567563094945
tap1,11,576,354,671.37836,419.78134,1.14,1567563096007
tap1,4,576,642,696.3552,702.63403,1.16,1567563096946
tap1,18,288,1218,396.63275,1293.3264,1.1,1567563097875
tap1,2,288,642,410.6198,688.6413,1.1,1567563098916
tap1,19,576,1218,681.3691,1294.3258,1.11,1567563099825
tap1,13,576,210,671.37836,298.84433,1.27,1567563100877
tap1,6,288,498,394.6346,541.71783,1.0699999,1567563101897
tap1,12,288,210,405.62442,240.87454,1.18,1567563102918
tap1,8,576,498,700.3515,557.70953,1.15,1567563103888
tap1,19,576,1218,657.3913,1301.3221,1.22,1567563104705
tap1,22,288,1506,386.642,1559.1879,1.17,1567563105685
tap1,18,288,1218,391.6374,1267.3398,1.06,1567563106593
tap1,23,576,1506,670.3793,1590.1718,1.15,1567563107523
tap1,14,288,66,369.6577,130.93181,1.15,1567563108696
tap1,11,576,354,724.32935,374.80478,1.22,1567563109768
tap1,10,288,354,391.6374,419.78134,1.06,1567563110677
tap1,15,576,66,675.37463,144.92451,1.29,1567563111708
tap1,17,576,1074,668.3811,1128.4122,1.1999999,1567563112617
tap1,20,288,1362,381.64664,1387.2775,1.22,1567563113597
tap1,21,576,1362,687.3635,1434.2529,1.17,1567563114413
tap1,16,288,1074,366.6605,1130.4113,1.0799999,1567563115373
tap1,9,288,786,382.6457,811.5773,1.13,1567563116323
tap1,8,576,498,676.3737,521.7283,1.1899999,1567563117253
tap1,6,288,498,359.667,519.7293,1.11,1567563118252
tap1,7,576,786,680.37006,830.5674,1.15,1567563119121
tap1,24,144,66,249.76874,104.945335,1.26,1567563120233
tap1,26,432,354,532.50696,435.773,1.27,1567563121172
tap1,27,144,354,240.77705,417.7824,1.22,1567563122050
tap1,25,432,66,558.4829,85.95523,1.3299999,1567563123153
tap1,66,720,1506,799.25995,1543.1962,1.22,1567563124011
tap1,41,432,1218,531.5079,1255.3462,1.23,1567563124848
tap1,42,432,1506,543.49677,1583.1754,1.3399999,1567563125655
tap1,65,720,1218,791.26733,1274.3363,1.22,1567563126461
tap1,36,144,786,218.79741,827.569,1.23,1567563127431
tap1,38,432,1074,533.50604,1148.4019,1.18,1567563128381
tap1,39,144,1074,231.78539,1099.4274,1.13,1567563129279
tap1,37,432,786,506.531,801.5825,1.13,1567563130300
tap1,16,288,1074,415.61517,1122.4154,1.11,1567563131240
tap1,56,0,1362,125.88344,1390.2759,1.03,1567563132250
tap1,20,288,1362,413.61703,1398.2717,1.1,1567563133169
tap1,53,0,1074,87.918594,1110.4216,1.12,1567563134068
tap1,59,720,210,830.23126,257.8657,1.26,1567563135120
tap1,30,432,498,535.50415,557.70953,1.15,1567563136049
tap1,29,432,210,532.50696,222.88391,1.11,1567563137111
tap1,60,720,498,847.2156,557.70953,1.18,1567563137928
tap1,33,432,642,525.5134,678.64655,1.09,1567563138806
tap1,62,720,930,818.2424,987.48566,1.13,1567563139684
tap1,61,720,642,794.2646,683.6439,1.15,1567563140603
tap1,34,432,930,535.50415,923.519,1.2099999,1567563141542
tap1,6,288,498,386.642,543.7168,1.24,1567563142543
tap1,48,0,210,115.89269,239.87506,1.29,1567563143635
tap1,12,288,210,403.62628,260.86414,1.15,1567563144473
tap1,49,0,498,100.90657,545.71576,1.12,1567563145453
tap1,51,0,930,118.889915,955.5023,1.02,1567563146311
tap1,2,288,642,377.65033,678.64655,0.91999996,1567563147260
tap1,5,288,930,409.62073,972.49347,1.0799999,1567563148240
tap1,50,0,642,110.897316,652.66003,1.23,1567563149159
tap1,37,432,786,534.50507,828.5684,1.16,1567563150007
tap1,64,720,1074,802.2572,1133.4097,1.1,1567563150926
tap1,38,432,1074,503.53375,1119.417,1.14,1567563151814
tap1,63,720,786,830.23126,820.5726,1.06,1567563152692
tap1,29,432,210,541.4986,256.8662,1.2099999,1567563153734
tap1,31,144,498,234.78261,544.7163,1.05,1567563154663
tap1,28,144,210,268.75116,244.87245,1.29,1567563155725
tap1,30,432,498,544.49585,531.723,1.24,1567563156603
tap1,42,432,1506,515.52264,1545.1952,1.05,1567563157584
tap1,40,144,1218,239.77798,1259.3441,1.06,1567563158513
tap1,41,432,1218,508.52914,1277.3347,1.14,1567563159503
tap1,43,144,1506,261.75763,1553.191,1.12,1567563160351
tap1,45,144,1362,216.79926,1405.2681,1.1,1567563161218
tap1,82,432,1650,534.50507,1741.0931,1.1,1567563162066
tap1,80,144,1650,235.78168,1679.1254,1.1,1567563162944
tap1,44,432,1362,512.52545,1391.2754,1.15,1567563163843
tap1,57,720,66,802.2572,117.93857,1.22,1567563164966
tap1,26,432,354,547.49304,405.78864,1.1,1567563165844
tap1,58,720,354,828.2331,397.79282,1.29,1567563166773
tap1,25,432,66,533.50604,107.94378,1.29,1567563167723
tap1,64,720,1074,815.2451,1121.4159,1.12,1567563168703
tap1,44,432,1362,551.4894,1433.2534,1.09,1567563169510
tap1,38,432,1074,528.5106,1097.4283,1.17,1567563170368
tap1,67,720,1362,821.2396,1394.2738,1.15,1567563171215
tap1,9,288,786,389.63922,794.5861,1.11,1567563172175
tap1,53,0,1074,131.8779,1084.4352,0.98999995,1567563173145
tap1,16,288,1074,392.63644,1087.4336,1.03,1567563174104
tap1,52,0,786,98.90842,806.5799,1.02,1567563175033
tap1,74,864,786,972.0999,818.57367,1.15,1567563175993
tap1,17,576,1074,664.3848,1145.4034,1.12,1567563176953
tap1,75,864,1074,977.0953,1112.4205,1.03,1567563177790
tap1,7,576,786,664.3848,834.5653,1.0799999,1567563178740
tap1,38,288,66,380.64755,155.9188,1.16,1567563179730
tap1,45,0,354,113.89455,381.80115,1.09,1567563180711
tap1,44,0,66,136.87326,67.9646,1.1,1567563181854
tap1,39,288,354,387.64108,410.78604,1.18,1567563182814
tap1,14,288,1506,389.63922,1583.1754,1.0699999,1567563183723
tap1,47,0,1794,125.88344,1852.0354,0.94,1567563184693
tap1,46,0,1506,100.90657,1576.1791,1.03,1567563185571
tap1,10,288,1794,393.63553,1838.0426,1.0,1567563186470
tap1,22,864,210,944.1258,270.85892,1.14,1567563187573
tap1,86,576,498,680.37006,574.7007,1.11,1567563188523
tap1,55,576,210,694.35706,234.87766,1.27,1567563189391
tap1,88,864,498,987.08606,542.71735,1.18,1567563190218
tap1,70,864,1362,989.08417,1415.2628,1.09,1567563191065
tap1,8,576,1650,707.34503,1709.1097,1.06,1567563191882
tap1,13,576,1362,715.33765,1417.2618,1.13,1567563192770
tap1,71,864,1650,976.0962,1716.1062,1.14,1567563193546
tap1,78,576,1218,667.3821,1248.3497,1.14,1567563194476
tap1,83,864,1506,981.0916,1584.1749,1.2099999,1567563195334
tap1,21,864,1218,925.1434,1309.318,1.22,1567563196171
tap1,85,576,1506,708.3441,1526.2051,1.17,1567563197050
tap1,19,576,66,624.4218,112.94118,1.28,1567563198234
tap1,77,864,354,982.09064,441.7699,1.22,1567563199102
tap1,76,576,354,694.35706,389.79697,1.14,1567563200031
tap1,23,864,66,949.1212,180.90578,1.23,1567563201073
tap1,15,576,1362,701.3506,1460.2394,1.13,1567563201971
tap1,69,864,1074,988.0851,1115.4191,1.16,1567563202860
tap1,11,576,1074,684.36633,1127.4127,1.15,1567563203718
tap1,68,864,1362,991.08234,1421.2598,1.0799999,1567563204565
tap1,21,0,1218,124.88437,1244.3519,1.06,1567563205535
tap1,75,288,1506,408.62164,1553.191,1.0699999,1567563206495
tap1,17,288,1218,406.6235,1268.3394,1.14,1567563207374
tap1,78,0,1506,120.88807,1556.1895,1.05,1567563208313
tap1,54,576,642,693.35803,733.61786,1.29,1567563209303
tap1,22,864,930,992.0814,993.48254,1.11,1567563210171
tap1,18,864,642,963.1082,698.6361,1.18,1567563211050
tap1,55,576,930,693.35803,973.4929,1.15,1567563211999
tap1,4,576,1794,706.346,1852.0354,0.98999995,1567563212827
tap1,73,864,1506,938.13135,1586.1738,1.0699999,1567563213756
tap1,72,576,1506,674.3756,1572.1812,1.15,1567563214624
tap1,3,864,1794,999.07495,1849.0369,0.93,1567563215410
tap1,90,720,1362,824.2368,1373.2847,1.1,1567563216197
tap1,77,432,1650,533.50604,1699.115,1.0699999,1567563217095
tap1,23,720,1650,858.2054,1696.1166,0.96999997,1567563217861
tap1,92,432,1362,529.5097,1407.267,1.06,1567563218760
tap1,67,432,1074,537.5023,1117.418,1.12,1567563219668
tap1,82,144,1362,260.75854,1367.2878,1.03,1567563220588
tap1,84,432,1362,567.47455,1384.2789,1.12,1567563221435
tap1,44,144,1074,241.77614,1086.4341,1.02,1567563222344
tap1,38,432,1506,538.5014,1563.1858,1.09,1567563223253
tap1,45,144,1794,244.77336,1806.0593,1.02,1567563224131
tap1,44,432,1794,538.5014,1859.0317,0.94,1567563225009
tap1,39,144,1506,233.78354,1538.1989,1.0699999,1567563225908
tap1,42,432,1506,558.4829,1558.1884,1.05,1567563226847
tap1,87,720,1794,847.2156,1828.0479,0.98999995,1567563227674
tap1,89,432,1794,545.49493,1826.0488,1.05,1567563228583
tap1,43,720,1506,820.24054,1542.1968,1.0799999,1567563229461
tap1,42,0,1362,132.87697,1396.2727,0.95,1567563230421
tap1,91,288,1650,404.62534,1686.1218,1.05,1567563231330
tap1,89,288,1362,393.63553,1390.2759,1.14,1567563232249
tap1,66,0,1650,114.893616,1701.114,0.96999997,1567563233178
tap1,56,432,642,549.4912,697.63666,1.0799999,1567563234210
tap1,81,144,930,263.7558,974.49243,1.1,1567563235160
tap1,20,432,930,583.4598,993.48254,1.14,1567563235997
tap1,79,144,642,222.79372,713.6283,1.18,1567563236947
drag1,2,379.64847,624.6746,1.24,3723.8623079999998,66.09909307310173
drag1,3,590.4533,906.52783,1.09,3296.7934619999996,65.57318454019362
drag1,4,726.32745,648.6621,1.09,2150.150154,70.16371623734712
drag1,5,409.62073,928.6044,0.94,3215.933462,68.05049948039755
drag1,9,366.6605,857.55334,0.78999996,3124.8240769999998,67.957445105267
drag1,17,610.4348,1075.4398,0.84999996,3431.176923,50.19918085176538
drag1,16,415.61517,1094.4299,0.90999997,2789.918077,62.97222667637729
drag1,7,625.4209,860.55176,0.9,4290.041693,56.84525996515319
drag1,4,716.33673,664.6538,0.84999996,2967.046,69.89103931450884
drag1,10,427.60406,363.81052,0.94,2781.143769,66.21686844568993
drag1,2,406.6235,620.17694,0.94,2016.2903079999999,65.9867991935558
drag1,11,648.39966,355.81467,0.91999996,3885.030308,66.87073548025194
drag1,4,683.36725,598.6882,0.93,2655.414077,63.149354676251384
drag1,18,433.5985,1155.3982,0.88,3897.981538,71.45596935297203
drag1,2,399.62997,1050.4529,0.59999996,277.312385,341.296097221028
drag1,19,663.38574,1159.3961,0.71,3231.062,63.79905290597614
drag1,13,703.34875,198.89641,0.81,3589.6646149999997,58.58047715478618
drag1,6,400.62906,495.7418,0.96999997,2749.826,53.24921389353026
drag1,12,396.63275,191.90005,0.88,2021.589385,68.69264447293665
drag1,8,644.4033,467.75638,0.90999997,2935.4503849999996,73.20852687035703
drag1,19,699.3525,1197.3763,0.81,2269.590384,55.49462148398102
drag1,22,444.0888,1481.7283,0.94,2094.2727689999997,64.81495804767465
drag1,18,385.6429,1216.3665,0.66999996,2650.545846,70.84012829450239
drag1,23,703.34875,1540.1978,0.66999996,2924.1381539999998,59.275165913904516
drag1,14,394.6346,19.989588,0.78,6124.923231,105.19961139592401
drag1,11,639.40796,289.84903,1.0,2647.532539,70.13490069027311
drag1,10,425.60593,288.84955,1.09,2331.631692,74.03608972523453
drag1,15,662.38666,28.262724,0.78999996,3096.552616,102.68335783603696
drag1,17,689.3617,1018.96924,0.96999997,4188.491923,62.00071241880131
drag1,20,432.89252,1355.8804,0.77,2907.836539,56.64357730432344
drag1,21,657.4472,1328.3081,0.91999996,2308.790924,71.77286828133943
drag1,16,408.62164,1021.46796,0.83,2823.312461,75.81662249719773
drag1,24,246.77151,11.993753,0.78999996,3565.4403079999997,85.45606432252077
drag1,26,530.5088,308.83914,1.03,2923.89923,57.51478700052759
drag1,27,270.7493,294.84644,1.03,2696.889615,71.32984809283364
drag1,25,512.52545,10.994273,0.68,4370.887231,68.85380221522941
drag1,66,808.25165,1457.241,0.85999995,4489.9260779999995,63.740373503701335
drag1,41,564.47736,1216.3665,0.81,2609.600231,46.95919841630631
drag1,42,540.4995,1448.2457,0.88,2482.292924,62.620530390256256
drag1,65,783.2748,1213.3711,0.71999997,3975.330923,62.07862972978004
drag1,36,266.75302,762.6028,0.84999996,2589.044462,67.88420343588123
drag1,38,519.519,1032.4623,1.06,2207.266462,59.23749156281541
drag1,39,266.75302,1040.4581,0.85999995,1879.712,54.982769215844705
drag1,37,535.50415,739.61475,0.87,4077.575077,62.29324313743993
drag1,16,377.65033,1030.4633,0.78,1889.544846,57.20423777240205
drag1,56,113.89455,1316.3143,0.89,2159.977769,65.77998988755294
drag1,20,399.62997,1297.3242,0.9,3470.7777699999997,70.24271241550798
drag1,53,133.87604,1029.4265,0.82,2207.7766149999998,65.93560265488829
drag1,59,835.2266,175.90837,0.91999996,3955.9841539999998,65.51668400567482
drag1,30,563.4783,434.77356,0.84,4382.887231,73.33594877448407
drag1,29,547.49304,165.91359,0.76,2804.725461,65.8500232077795
drag1,60,790.26825,433.77408,1.02,3044.6279999999997,70.12486766635466
drag1,33,554.4866,639.6668,1.03,2644.428692,56.39679045550364
drag1,62,766.29047,878.5424,0.82,4441.021,69.34674638367123
drag1,61,844.2183,577.6991,0.93,2930.491462,75.83882797173982
drag1,34,573.469,878.5424,1.05,2671.934001,64.65128746576353
drag1,6,418.61325,445.76782,0.98999995,3126.651,75.98319851054644
drag1,48,95.911194,182.9464,0.85999995,2063.853616,84.46512375660602
drag1,12,213.80203,176.90785,0.71,683.92,220.11604929020515
drag1,49,64.93987,482.74857,1.03,3208.842077,61.947148680716104
drag1,51,89.91675,905.5283,0.75,2866.265462,76.47329152537648
drag1,2,407.62256,600.1874,1.06,2820.114769,75.08620010489216
drag1,5,408.62164,869.5471,0.84,2194.017308,74.12269832875239
drag1,50,109.89824,628.67255,0.9,1747.247385,74.8384430451883
drag1,37,562.4792,729.62,1.11,3567.469154,73.68799310113688
drag1,64,794.2646,1073.4409,0.84,2198.183539,52.14091242884472
drag1,38,548.4921,1055.4503,0.93,1818.409846,64.3703376883725
drag1,63,816.2442,756.6059,0.83,3964.8768459999997,55.07169543736616
drag1,29,568.47363,212.88911,0.76,4383.687231,70.40832806922884
drag1,31,264.75485,438.77145,1.0,2710.153847,60.44686519408112
drag1,28,255.76318,174.90889,1.01,3260.219693,46.91916865720588
drag1,30,486.5495,462.75897,1.04,1666.175923,46.13337243101294
drag1,42,540.4995,1487.2253,0.82,2651.794462,63.44145197996177
drag1,40,260.75854,1200.3748,0.91999996,2289.0916159999997,65.81478617121694
drag1,41,561.4801,1204.3727,0.95,2593.462693,58.599270217459036
drag1,43,267.75208,1453.401,0.89,2305.820615,62.50473655255644
drag1,45,270.7493,1380.2811,0.90999997,1716.9711539999998,67.00777812324685
drag1,82,502.5347,1616.1582,0.93,2237.611,67.19472529697832
drag1,80,269.2507,1599.1671,0.87,1952.3319999999999,70.96808280814533
drag1,44,546.494,1300.3228,1.0799999,4730.800231,69.249131987611
drag1,57,814.2461,35.98126,1.02,3673.848154,77.30586030623655
drag1,26,511.52637,320.8329,0.98999995,2731.5769999999998,53.29317435698547
drag1,58,774.2831,287.85007,1.11,2605.460154,77.02269312690129
drag1,25,576.46625,33.9823,1.03,3884.389077,92.07982718955112
drag1,64,768.28864,1069.443,0.79999995,3248.745,67.69359659198344
drag1,44,543.49677,1339.3024,0.90999997,3137.527769,64.33276191024102
drag1,38,525.5134,1043.4565,0.84999996,4013.1823849999996,65.09185327854311
drag1,67,781.2766,1339.3024,0.72999996,2210.942616,54.14885934809315
drag1,9,387.64108,794.5861,0.82,2700.9344619999997,54.858596396239726
drag1,53,114.893616,1020.4685,0.87,2252.843923,64.2853527616898
drag1,16,367.5398,1028.4644,0.94,2604.7361539999997,72.16286167972295
drag1,52,97.90935,754.60693,0.77,2110.102231,67.5076815650458
drag1,74,963.11127,775.59296,0.78,3217.952692,64.26769639502672
drag1,17,713.3395,1028.4644,0.96,2568.956154,56.36634107712266
drag1,75,951.1193,1033.4617,0.89,4086.909615,59.295574281553115
drag1,7,695.35614,792.58716,0.78,1921.9583069999999,54.88617155717095
drag1,70,993.51184,217.8865,0.79999995,2261.432616,71.87071869777465
drag1,8,701.3506,459.76053,1.01,2456.754692,63.43068728547037
drag1,13,692.35895,186.90265,0.7,2273.822384,83.10111616976258
drag1,71,949.1212,453.76364,1.11,2684.093461,62.15081210539101
drag1,78,974.0981,1287.3295,1.03,3535.891385,82.45997212171058
drag1,83,702.3497,1602.1655,0.79999995,2140.3805389999998,55.144585385329435
drag1,21,699.3525,1325.3097,0.71999997,3182.6257689999998,63.09761675728505
drag1,85,969.10266,1604.1644,0.89,3178.661154,55.80678610505207
drag1,19,711.39996,1176.3873,0.71999997,3995.236692,78.173792476634
drag1,77,955.11566,1445.1353,0.89,2656.650154,61.419347235211106
drag1,76,963.1082,1149.4014,0.78,2526.414077,77.83293078451963
drag1,23,703.34875,1457.241,0.88,2733.403077,71.7590583463915
drag1,15,670.3793,14.992191,0.7,2808.442615,105.5019951678749
drag1,69,938.13135,280.8732,1.01,2800.2799999999997,74.14249772358673
drag1,11,706.346,296.8454,0.98999995,2904.785539,72.33264330345918
drag1,68,934.1351,68.96408,1.0,3151.528077,98.03371115402716
drag1,21,670.3793,1319.3129,0.84999996,4191.84577,81.64234118006182
drag1,75,959.11194,1091.4315,0.84,3127.424924,54.830354735171646
drag1,17,698.6386,1029.749,0.78,2691.6671539999998,63.77455005483758
drag1,78,928.1406,1308.3186,0.97999996,2475.5239229999997,63.15660156853954
drag1,54,99.90749,1192.3789,0.89,2108.425615,66.21722967184814
drag1,22,398.6309,1474.2322,0.95,2481.467462,58.27525494144955
drag1,18,414.6161,1197.3763,0.87,2053.7593079999997,70.1598290048765
drag1,55,122.886215,1474.2322,0.91999996,1728.1180769999999,58.7485488193865
drag1,67,825.2359,1360.2915,0.84,2909.2356919999997,63.436773823735905
drag1,82,567.47455,1611.3562,0.78999996,2309.217616,71.39618299483517
drag1,84,846.2165,1644.1437,0.93,2440.491462,61.154516654731225
drag1,44,558.4829,1309.318,0.83,2233.905154,65.9512533663875
drag1,38,546.6249,1039.4586,0.90999997,3209.182077,61.03420608748334
drag1,45,274.81674,1328.3081,1.06,2636.5209999999997,64.12386456085974
drag1,44,538.5014,1343.3003,0.90999997,2312.182231,56.501997072823244
drag1,39,287.2532,1027.4648,0.88,2191.59377,75.02929099894223
drag1,56,118.889915,1325.3572,0.84999996,2388.931692,73.39000382497414
drag1,81,402.6272,1608.1624,1.03,2105.0931539999997,73.13659347612105
drag1,20,380.64755,1341.2188,0.88,1706.902539,56.907226569864534
drag1,79,101.90564,1663.1338,0.74,1674.987385,54.81593529753874
drag1,33,534.50507,649.5631,0.82,3218.833615,79.6590457214635
drag1,35,265.75394,913.5242,0.95,1765.7140769999999,63.13720877158299
drag1,34,518.5199,881.54083,0.96,2128.313769,73.0774719577869
drag1,32,294.7271,618.67773,0.75,2447.7300769999997,74.82696408500658
drag1,9,399.62997,741.6137,0.97999996,2021.5947689999998,66.11890974144076
drag1,8,668.3811,483.74805,0.90999997,2168.027385,39.892973690803245
drag1,6,384.64386,501.73868,0.96,1708.399385,60.280956583981556
drag1,7,676.3737,751.6085,1.03,1722.4801539999999,57.14354174513655
drag1,14,430.6013,54.971367,0.82,1860.8823849999999,62.14016988843254
drag1,47,113.89455,304.84122,0.96999997,2027.623077,70.65134162326615
drag1,46,929.1397,233.87819,0.16,2126.5363079999997,825.2221209940436
drag1,10,393.63553,332.82663,0.98999995,2655.516846,50.346483382115274
drag1,4,671.37836,641.6658,0.98999995,1806.726308,46.9369737002982
drag1,73,978.09436,885.53876,0.9,2763.573308,70.11486519014721
drag1,72,997.0768,592.6913,0.89,2525.474154,81.30898630463007
drag1,3,683.36725,895.53357,1.09,2038.581154,57.72302808888365
scale2,25,28.255205,1766.967154
scale2,9,16.80867,3249.0176149999998
scale2,28,-30.082489,3189.1133849999997
scale2,10,-0.94942474,1643.3590769999998
scale2,29,-32.38801,3679.5160769999998
scale2,12,3.896078,2391.175769
scale2,30,-17.522123,4341.736231
scale2,13,-23.850489,3953.016847
scale2,32,-7.3530064,4116.763924
scale2,15,-33.235214,3492.2498459999997
scale2,34,1.0716591,2239.931154
scale2,17,54.01386,1929.865693
scale2,1,-7.130316,5126.608231
scale2,20,-10.872688,4330.664231
scale2,3,9.2297,3412.805308
scale2,24,-24.03982,2535.633077
scale2,16,-25.892721,3637.4506159999996
scale2,2,-5.7262573,3697.483077
scale2,23,10.016985,2871.418769
scale2,7,2.0772915,2605.204769
scale2,11,-13.609995,1891.293923
scale2,14,-16.89893,2708.5122309999997
scale2,26,40.91313,2215.291461
scale2,35,-14.254778,2759.318308
scale2,21,22.84492,3748.852692
scale2,22,101.33013,1674.203
scale2,27,-20.46865,4148.937231
scale2,36,-25.332281,3363.0900779999997
scale2,31,-3.9861488,3322.0785389999996
scale2,19,-4.108509,3023.228847
scale2,4,18.963066,5037.002077
scale2,8,-3.856739,3343.051846
scale2,5,-1.9082279,3668.6789999999996
scale2,33,1.8344593,3410.613462
scale2,18,13.640207,2717.021307
scale2,6,23.981913,4413.447308
scale1,27,20.472404,1447.825924
scale1,46,-14.671349,1890.791616
scale1,26,-143.48279,1818.1986929999998
scale1,4,0.7313118,2769.0337689999997
scale1,43,-1.4448051,2400.527692
scale1,25,-18.130308,1389.7389229999999
scale1,42,-1.2062302,1656.056308
scale1,23,-22.42083,1798.9042299999999
scale1,5,-40.933205,1471.803923
scale1,24,-20.204355,1550.34377
scale1,19,-144.48851,2677.43077
scale1,2,-12.811192,2450.689692
scale1,44,-13.061594,2602.017
scale1,65,3.9593697,1521.245846
scale1,45,-24.279716,1439.864769
scale1,28,-12.43273,1604.592308
scale1,13,-7.304964,3096.578616
scale1,56,52.25664,1562.890077
scale1,40,-4.3610744,1564.3716929999998
scale1,41,30.567913,1124.150385
scale1,6,-32.52559,2199.495384
scale1,51,-34.94466,2246.345077
scale1,36,22.783413,1050.994692
scale1,21,-49.16857,1233.891539
scale1,8,-20.484987,1196.066769
scale1,57,-3.7428875,3680.474001
scale1,39,-148.90231,3475.836
scale1,9,-7.703184,1367.743923
scale1,58,-1.2910824,1635.159846
scale1,47,0.31966782,2250.46123
scale1,1,-18.686834,1571.337
scale1,35,-13.15769,1513.3044619999998
scale1,3,-27.68165,2401.3397689999997
scale1,17,38.59147,1000.2405389999999
scale1,53,-0.46578598,1857.013616
scale1,34,-29.590456,2318.244769
scale1,18,26.281254,1050.483538
scale1,50,-7.3538876,1622.164769
scale1,62,-8.981804,2895.5180769999997
scale1,66,-17.276636,1911.347462
scale1,20,-16.184406,1799.826769
scale1,37,-16.427668,962.932154
scale1,32,-32.079613,1081.1895379999999
scale1,31,-21.060087,1111.425385
scale1,49,17.795551,1100.832077
scale1,7,-12.160732,1533.089
scale1,15,-11.723717,2922.792231
scale1,10,-17.169931,1597.132462
scale1,60,6.7286453,1012.2149999999999
scale1,63,-25.41857,1890.24777
scale1,59,-16.676834,1910.8823849999999
scale1,55,-10.454126,1942.997077
scale1,14,0.47169113,1216.5593079999999
scale1,12,-25.175995,2198.827769
scale1,54,8.126072,3483.784154
scale1,52,-17.455095,1981.740308
scale1,48,-12.348341,1482.46577
scale1,30,-1.0820503,1656.4073079999998
scale1,16,-26.717995,1625.210231
scale1,11,-20.837442,1597.889539
scale1,61,-10.358614,1543.014692
scale1,38,-5.234127,1993.335846
scale1,29,-12.450943,1686.045924
scale1,64,-23.69605,1563.6349229999998
scale1,22,-14.135628,1583.163001
scale1,33,-14.920721,1462.084308
rotate2,2,-0.23510742,4108.035
rotate2,13,1.0585861,3535.761154
rotate2,8,-6.4200363,3309.993
rotate2,3,-2.3214264,3627.807692
rotate2,7,3.3538895,4770.5353079999995
rotate2,12,5.1971893,4250.4529999999995
rotate2,1,4.020981,3424.528231
rotate2,11,0.8851166,3829.4423079999997
rotate2,6,-1.8675461,3361.052384
rotate2,10,3.6896744,4402.828385
rotate2,5,-2.4937897,2891.046308
rotate2,15,-13.8594475,3514.0385389999997
rotate2,9,-4.542557,3043.4889239999998
rotate2,4,0.4382553,3168.4553849999998
rotate2,14,3.1575928,2678.4616149999997
rotate1,9,8.368572,1266.2720769999999
rotate1,4,5.621073,2020.4083079999998
rotate1,13,4.533518,1092.676385
rotate1,6,7.0294266,1134.073616
rotate1,15,0.42810154,1103.8435379999999
rotate1,2,3.6651382,1155.806
rotate1,10,0.90457535,991.7313849999999
rotate1,5,0.5220146,1080.6112309999999
rotate1,14,0.23548698,1539.814693
rotate1,8,2.0740528,1464.0483849999998
rotate1,11,5.1081886,940.4847689999999
rotate1,7,2.562252,1224.120538
rotate1,1,2.3328762,1321.227308
rotate1,12,0.4583254,1106.142308
rotate1,3,6.5071926,1080.637692
