rotate2,2,0.8169937,2663.621385
rotate2,13,0.8169937,93.42261599999999
rotate2,8,-70.56522,528.8126159999999
rotate2,2,-0.4270935,6869.164154
rotate2,13,-1.5175323,5206.195538999999
rotate2,8,3.3906326,2583.399769
rotate2,3,-2.0975647,4738.1971539999995
rotate2,7,-5.64283,3849.133077
rotate2,12,-55.68589,3421.902
rotate2,1,-0.4532013,4780.7333849999995
rotate2,11,-2.3366165,4133.557693
rotate2,6,4.444748,3238.0829999999996
rotate2,10,1.1473007,3156.8620779999997
rotate2,5,-0.35829926,4411.186
rotate2,15,2.0413742,10663.929462
rotate2,9,0.43408966,4205.790231
rotate2,4,2.0595627,3666.135616
rotate2,14,-21.671238,7034.3462309999995
rotate2,14,-58.13589,1303.612846
rotate2,2,0.0,59.278999999999996
rotate2,13,0.0,28.767847
rotate2,2,0.6943741,5872.095385
rotate2,13,3.1606293,7587.540692
rotate2,8,0.397377,2871.0626159999997
rotate2,3,0.5882721,5536.0753079999995
rotate2,7,0.12571716,4257.347693
rotate2,12,2.5611954,3759.290923
rotate2,1,-0.5755081,8582.072924
rotate2,11,0.09462738,5842.391076999999
rotate2,6,0.5138931,3442.146001
rotate2,10,1.0767746,4628.115538999999
rotate2,5,3.8637161,3483.855616
rotate2,15,-4.7290955,7795.431847
rotate2,9,1.8183823,3522.8239999999996
rotate2,4,-1.2571487,4186.896538999999
rotate2,14,-33.916653,3977.2700769999997
rotate1,9,0.75967884,1900.912693
rotate1,4,0.96498966,3014.808
rotate1,13,0.96498966,20.214847
rotate1,6,0.96498966,181.575462
rotate1,9,2.8220863,3155.6634609999996
rotate1,4,2.8920536,2055.866462
rotate1,13,0.18460655,2243.556384
rotate1,6,6.993412,1583.9862309999999
rotate1,15,5.1136494,2830.8768459999997
rotate1,2,6.1947403,1705.993923
rotate1,10,2.6305141,1356.898385
rotate1,5,7.572157,1716.823385
rotate1,14,2.4654045,2208.650307
rotate1,8,-1.9836721,2328.550384
rotate1,11,2.143034,2215.958615
rotate1,7,1.5127697,1318.2789229999998
rotate1,1,0.37269878,1310.1595379999999
rotate1,12,1.0971489,1512.4289999999999
rotate1,3,1.2310448,1511.949308
tap2,6,138,480,167.84459,504.7371,0.87,1567491519528
tap2,7,759,1101,793.2655,1142.405,0.84999996,1567491520440
tap2,8,138,1101,172.83997,1129.4117,0.89,1567491521328
tap2,9,759,480,800.25903,570.70276,1.02,1567491522308
tap2,164,0,687,39.962997,773.59705,0.64,1567491523298
tap2,183,621,1308,675.37463,1358.2925,1.01,1567491524432
tap2,182,0,1308,45.957447,1351.2961,0.65999997,1567491525331
tap2,163,621,687,682.36816,759.6044,0.95,1567491526127
tap2,242,345,66,398.6309,141.92607,0.84999996,1567491527322
tap2,243,552,1032,616.42926,1071.4419,0.88,1567491528108
tap2,244,345,1032,378.6494,1123.4149,0.85999995,1567491528823
tap2,245,552,66,611.43384,97.94898,0.87,1567491529905
tap2,42,69,411,101.90564,460.76,0.87,1567491530804
tap2,43,690,1032,757.2988,1063.446,0.95,1567491531795
tap2,45,690,411,755.30066,457.76157,0.97999996,1567491532601
tap2,44,69,1032,117.89084,1106.4237,0.79999995,1567491533438
tap2,322,345,756,378.6494,832.56635,0.95,1567491534153
tap2,321,483,1653,496.54025,1716.1062,0.83,1567491534858
tap2,316,345,1653,428.60315,1718.1051,0.84,1567491535665
tap2,323,483,756,544.49585,807.57935,0.91999996,1567491536451
tap2,2,138,549,200.81406,636.6684,0.85999995,1567491537258
tap2,3,759,1170,804.2553,1239.3545,0.97999996,1567491538096
tap2,4,138,1170,172.83997,1261.343,0.85999995,1567491538831
tap2,5,759,549,838.2239,662.65485,0.84999996,1567491539556
tap2,11,759,1032,799.25995,1096.429,0.93,1567491540322
tap2,10,138,411,189.82423,515.7314,0.84,1567491541190
tap2,12,138,1032,199.81499,1149.4014,0.9,1567491541956
tap2,13,759,411,771.2858,443.76886,0.95,1567491542691
tap2,15,759,963,791.26733,1039.4586,0.94,1567491543436
tap2,14,138,342,175.83719,376.80374,0.84999996,1567491544294
tap2,17,759,342,806.2535,421.7803,0.85999995,1567491545040
tap2,16,138,963,162.84921,1039.4586,0.84,1567491545856
tap2,122,207,66,273.74652,183.9042,0.91999996,1567491546714
tap2,123,828,687,874.19055,746.61115,0.94,1567491547593
tap2,124,207,687,218.79741,726.6215,0.91999996,1567491548317
tap2,125,828,66,864.1998,144.92451,0.75,1567491549328
tap2,135,621,1170,679.371,1217.366,0.91999996,1567491550002
tap2,134,0,549,83.922295,624.6746,0.88,1567491550799
tap2,136,0,1170,77.92784,1249.3492,0.71,1567491551565
tap2,137,621,549,718.3349,655.6585,0.76,1567491552279
tap2,130,69,66,133.87604,213.8886,0.82,1567491553229
tap2,131,690,687,708.3441,733.61786,0.95,1567491554169
tap2,133,690,66,737.3173,137.92816,0.95,1567491555006
tap2,132,69,687,162.84921,745.61163,0.84,1567491555803
tap2,127,759,687,776.28125,716.6267,0.96999997,1567491556477
tap2,126,138,66,207.80759,179.9063,0.83,1567491557447
tap2,128,138,687,166.84552,754.60693,0.84999996,1567491558315
tap2,129,759,66,806.2535,142.92555,0.83,1567491559091
tap2,18,138,273,207.80759,331.82718,0.84,1567491559888
tap2,19,759,894,782.2757,1008.47473,0.88,1567491560684
tap2,20,138,894,185.82794,948.506,0.85999995,1567491561389
tap2,21,759,273,827.2341,359.8126,0.75,1567491562134
tap2,35,828,1170,772.2849,1212.3685,0.98999995,1567491564115
tap2,34,207,549,281.73914,646.6632,1.02,1567491564973
tap2,36,207,1170,311.71136,1308.3186,1.04,1567491565709
tap2,37,828,549,872.19244,561.70746,0.96999997,1567491566505
tap2,26,138,135,182.83072,191.90005,0.90999997,1567491567424
tap2,27,759,756,806.2535,811.5773,0.91999996,1567491568139
tap2,28,138,756,227.7891,809.5783,0.96999997,1567491568864
tap2,29,759,135,791.26733,195.89796,0.97999996,1567491569681
tap2,43,690,1032,705.3469,1112.4205,0.91999996,1567491570345
tap2,42,69,411,148.86217,484.74753,0.84999996,1567491571141
tap2,45,690,411,713.3395,500.7392,0.97999996,1567491571836
tap2,44,69,1032,105.90195,1096.429,0.89,1567491572531
tap2,24,138,825,199.81499,885.53876,0.87,1567491573215
tap2,25,759,204,793.2655,302.84225,0.87,1567491573950
tap2,22,138,204,204.81036,277.8553,0.9,1567491574849
tap2,23,759,825,786.272,923.519,1.0,1567491575697
tap2,38,69,480,83.922295,517.73035,0.89,1567491576473
tap2,39,690,1101,701.3506,1188.381,1.09,1567491577566
tap2,40,69,1101,136.87326,1144.4039,0.81,1567491578240
tap2,41,690,480,720.333,540.7184,1.06,1567491579037
tap2,33,690,549,686.3645,637.66785,0.98999995,1567491579802
tap2,32,69,1170,126.882515,1275.3357,0.78,1567491580568
tap2,30,69,549,164.84737,628.67255,0.71999997,1567491581436
tap2,31,690,1170,707.34503,1239.3545,0.9,1567491582396
tap2,46,69,342,192.82146,416.78293,0.79999995,1567491583234
tap2,47,690,963,687.3635,1030.4633,0.9,1567491584000
tap2,48,69,963,115.89269,1001.4784,0.84,1567491584674
tap2,49,690,342,695.35614,443.76886,0.88,1567491585440
tap2,108,276,963,278.7419,1018.46954,0.94,1567491586196
tap2,231,897,1584,916.15173,1656.1373,1.01,1567491587962
tap2,230,276,1584,351.67438,1646.1426,0.9,1567491588698
tap2,107,897,963,891.17487,1049.4534,0.84,1567491589392
tap2,143,621,1032,663.38574,1095.4294,0.96,1567491590097
tap2,232,0,1653,75.929695,1684.1228,0.76,1567491590985
tap2,233,621,1653,616.42926,1679.1254,0.87,1567491591608
tap2,144,0,1032,100.90657,1041.4575,0.78,1567491592476
tap2,44,69,1032,128.88066,1118.4175,0.85999995,1567491593242
tap2,235,690,1653,674.3756,1696.1166,0.78999996,1567491593987
tap2,43,690,1032,729.3247,1172.3894,0.81,1567491594682
tap2,234,69,1653,117.89084,1695.1171,0.77,1567491595458
tap2,12,138,1032,160.85106,1128.4122,0.88,1567491596203
tap2,237,759,1653,767.28955,1724.1019,0.90999997,1567491596959
tap2,11,759,1032,787.27106,1159.3961,1.02,1567491597582
tap2,236,138,1653,223.79279,1668.1311,1.05,1567491598297
tap2,238,207,1653,303.71878,1742.0927,0.94,1567491599032
tap2,67,828,1032,910.1573,1110.4216,0.9,1567491599747
tap2,68,207,1032,250.7678,1066.4446,0.89,1567491600544
tap2,239,828,1653,864.1998,1708.1104,0.96,1567491601351
tap2,104,276,1032,354.6716,1125.4138,1.02,1567491602066
tap2,241,897,1653,884.18134,1692.1187,0.90999997,1567491602760
tap2,240,276,1653,334.6901,1666.1322,0.93,1567491603424
tap2,103,897,1032,861.2026,1164.3936,0.94,1567491604057
tap2,50,69,273,112.89547,321.83237,0.94,1567491605446
tap2,51,690,894,762.2942,901.53046,0.98999995,1567491606182
tap2,52,69,894,116.89177,881.54083,0.93,1567491606907
tap2,53,690,273,742.3127,285.8511,1.02,1567491607683
tap2,55,690,825,784.2738,879.5419,0.90999997,1567491608367
tap2,54,69,204,116.89177,261.86362,1.01,1567491609276
tap2,56,69,825,136.87326,852.55597,0.93,1567491610031
tap2,57,690,204,752.3034,336.82455,0.84999996,1567491610706
tap2,59,690,756,742.3127,789.58875,1.04,1567491611604
tap2,58,69,135,157.85384,205.89276,0.85999995,1567491612442
tap2,61,690,135,689.3617,240.87454,0.84,1567491613320
tap2,60,69,756,115.89269,884.5393,0.85999995,1567491614117
tap2,62,207,480,206.80852,546.7152,1.03,1567491614903
tap2,63,828,1101,829.2322,1114.4196,0.91999996,1567491615904
tap2,64,207,1101,279.74097,1143.4044,0.85999995,1567491616599
tap2,65,828,480,895.17114,511.73346,0.9,1567491617385
tap2,290,345,480,354.6716,547.7147,0.97999996,1567491618151
tap2,291,552,1446,585.4579,1559.1879,0.95,1567491619285
tap2,293,552,480,613.432,549.7137,0.95,1567491620081
tap2,292,345,1446,398.6309,1541.1973,1.0,1567491620745
tap2,141,621,480,697.3543,603.68555,0.91999996,1567491621398
tap2,295,414,1446,459.57446,1559.1879,0.91999996,1567491622032
tap2,294,414,480,478.5569,550.71313,0.89,1567491622736
tap2,203,621,1446,528.5106,1445.2472,0.89,1567491623369
tap2,297,483,1446,504.53284,1450.2446,0.95,1567491624013
tap2,41,690,480,746.30896,531.723,0.93,1567491624759
tap2,296,483,480,542.4977,540.7184,1.1,1567491625494
tap2,205,690,1446,684.36633,1490.2238,0.98999995,1567491626576
tap2,319,414,1653,458.5754,1667.1317,1.04,1567491627332
tap2,325,552,756,594.4496,833.56586,1.01,1567491628108
tap2,324,414,756,436.59573,788.58923,1.04,1567491628792
tap2,315,552,1653,576.46625,1640.1458,0.96999997,1567491629467
tap2,298,345,549,400.62906,628.67255,1.0,1567491630171
tap2,299,552,1515,606.4385,1553.191,1.0,1567491630794
tap2,301,552,549,642.4052,666.6528,0.98999995,1567491631489
tap2,300,345,1515,433.5985,1529.2035,1.0,1567491632173
tap2,326,345,825,399.62997,865.5492,0.96999997,1567491632899
tap2,256,483,135,552.48846,199.89589,0.91999996,1567491633726
tap2,250,345,135,366.6605,244.87245,0.90999997,1567491634553
tap2,327,483,825,568.47363,872.54553,0.87,1567491635248
tap2,67,828,1032,867.197,1010.4737,0.97999996,1567491636535
tap2,66,207,411,271.74838,519.7293,0.88,1567491637311
tap2,68,207,1032,264.75485,1054.4508,0.84999996,1567491638087
tap2,69,828,411,829.2322,494.7423,0.82,1567491638792
tap2,72,207,963,292.72894,1019.469,0.87,1567491639476
tap2,73,828,342,823.23773,462.75897,0.83,1567491640181
tap2,70,207,342,209.80574,464.75793,0.90999997,1567491640988
tap2,71,828,963,841.22107,1034.4612,0.79999995,1567491641652
tap2,76,207,894,239.77798,972.49347,0.91999996,1567491642336
tap2,77,828,273,877.1878,333.8261,0.78,1567491643061
tap2,74,207,273,243.77429,396.79333,0.87,1567491643838
tap2,75,828,894,829.2322,944.50806,0.83,1567491644532
tap2,80,207,825,271.74838,916.52264,0.85999995,1567491645186
tap2,81,828,204,832.22943,235.87714,1.0,1567491646054
tap2,78,207,204,226.79001,288.84955,0.90999997,1567491646809
tap2,79,828,825,858.2054,860.55176,0.93,1567491647494
tap2,84,207,756,186.82701,814.57574,0.94,1567491648219
tap2,85,828,135,847.2156,221.88443,0.82,1567491649077
tap2,82,207,135,221.79463,217.8865,0.84,1567491649935
tap2,83,828,756,851.21185,843.5606,0.89,1567491650680
tap2,89,621,618,655.3932,751.6085,0.88,1567491651303
tap2,88,0,1239,66.93802,1277.3347,0.69,1567491652080
tap2,87,621,1239,634.4126,1212.3685,0.75,1567491652682
tap2,86,0,618,71.933395,672.64966,0.72999996,1567491653571
tap2,305,483,1515,519.519,1494.2217,0.88,1567491654378
tap2,33,690,549,772.2849,613.68036,0.82,1567491655154
tap2,304,483,549,531.5079,637.66785,0.88,1567491655869
tap2,215,690,1515,693.35803,1516.2103,0.77,1567491656972
tap2,309,552,618,616.42926,745.61163,0.90999997,1567491657657
tap2,308,345,1584,387.64108,1579.1775,0.94,1567491658310
tap2,307,552,1584,530.5088,1617.1577,0.85999995,1567491659107
tap2,306,345,618,402.6272,659.65643,0.96,1567491659853
tap2,258,345,204,366.6605,259.86465,0.84,1567491660639
tap2,331,483,894,554.4866,986.4862,0.97999996,1567491661303
tap2,330,345,894,398.6309,978.49036,0.96,1567491661967
tap2,264,483,204,604.4403,280.85373,0.82,1567491662722
tap2,223,621,1584,626.42,1586.1738,0.88,1567491663458
tap2,310,414,618,495.54117,685.6429,1.04,1567491664122
tap2,89,621,618,673.3765,672.64966,0.93,1567491664806
tap2,311,414,1584,421.60962,1631.1504,0.95,1567491665511
tap2,261,552,204,635.4117,339.823,1.0,1567491666236
tap2,322,345,756,400.62906,807.57935,1.0,1567491667032
tap2,262,414,204,454.5791,268.85995,0.94,1567491667808
tap2,333,552,894,585.4579,901.53046,1.01,1567491668401
tap2,312,483,618,561.4801,672.64966,1.0,1567491669054
tap2,225,690,1584,754.3016,1581.1764,0.94,1567491669698
tap2,93,690,618,786.272,771.5981,0.76,1567491670321
tap2,313,483,1584,553.4875,1602.1655,0.66999996,1567491670985
tap2,91,690,1239,739.3154,1307.3191,0.96,1567491671751
tap2,90,69,618,158.85292,661.6554,0.84999996,1567491672537
tap2,93,690,618,714.33856,646.6632,0.91999996,1567491673221
tap2,92,69,1239,83.922295,1301.3221,0.84,1567491673916
tap2,108,276,963,330.69382,1025.4658,0.96999997,1567491674570
tap2,109,897,342,903.16376,426.7777,0.97999996,1567491675336
tap2,106,276,342,312.71045,383.8001,0.90999997,1567491676173
tap2,107,897,963,898.1684,1070.4425,0.85999995,1567491676857
tap2,100,276,1101,372.65494,1161.395,0.88,1567491677470
tap2,101,897,480,983.0897,605.6845,0.83,1567491678103
tap2,99,897,1101,909.1582,1088.4331,0.88,1567491678961
tap2,98,276,480,300.72156,580.6975,0.90999997,1567491679707
tap2,105,897,411,882.18317,397.79282,0.89,1567491680401
tap2,104,276,1032,311.71136,1169.3909,0.93,1567491681045
tap2,102,276,411,353.67252,423.77927,0.93,1567491681770
tap2,103,897,1032,900.1665,1061.4471,0.94,1567491682444
tap2,97,897,549,896.1702,623.6752,0.95,1567491683169
tap2,96,276,1170,355.6707,1249.3492,0.93,1567491683803
tap2,94,276,549,330.69382,662.65485,0.89,1567491684528
tap2,95,897,1170,867.197,1229.3596,0.93,1567491685161
tap2,111,897,894,868.1961,936.5122,0.96,1567491685835
tap2,110,276,273,267.75208,335.82507,1.0,1567491686621
tap2,112,276,894,310.7123,942.5091,0.82,1567491687336
tap2,113,897,273,921.1471,343.82092,0.84,1567491688030
tap2,116,276,825,305.71692,945.5075,0.84999996,1567491688684
tap2,117,897,204,905.16187,321.83237,0.82,1567491689348
tap2,114,276,204,338.6864,276.8558,0.88,1567491690135
tap2,115,897,825,935.13416,929.51587,0.66999996,1567491690860
tap2,119,897,756,963.1082,784.5914,0.88,1567491691697
tap2,118,276,135,323.7003,206.89224,0.90999997,1567491692483
tap2,121,897,135,902.1647,217.8865,0.90999997,1567491693270
tap2,120,276,756,326.6975,798.58405,0.82,1567491693882
tap2,152,0,894,83.922295,995.4815,0.77,1567491694628
tap2,213,621,1515,579.46344,1543.1962,0.88,1567491695455
tap2,212,0,1515,143.86679,1512.2124,0.81,1567491696180
tap2,151,621,894,662.38666,928.51636,0.91999996,1567491696916
tap2,56,69,825,112.89547,878.5424,0.87,1567491697600
tap2,205,690,1446,739.3154,1457.241,0.83,1567491698550
tap2,204,69,1446,163.8483,1423.2587,0.89,1567491699306
tap2,55,690,825,748.3071,856.55383,0.93,1567491699939
tap2,24,138,825,159.85199,836.5643,0.91999996,1567491700654
tap2,207,759,1446,721.3321,1546.1947,0.93,1567491701329
tap2,206,138,1446,207.80759,1457.241,0.96,1567491702002
tap2,23,759,825,831.23035,849.5575,0.97999996,1567491702605
tap2,80,207,825,240.77705,803.5814,0.89,1567491703340
tap2,209,828,1446,811.24884,1421.2598,0.78999996,1567491703953
tap2,208,207,1446,246.77151,1426.2571,0.96,1567491704699
tap2,79,828,825,818.2424,911.5252,1.0,1567491705302
tap2,115,897,825,927.14154,805.5804,0.98999995,1567491706016
tap2,210,276,1446,288.73267,1496.2207,0.85999995,1567491706640
tap2,116,276,825,289.73172,869.5471,1.0,1567491707334
tap2,211,897,1446,809.2507,1449.2451,0.83,1567491707947
tap2,203,621,1446,686.3645,1534.2009,0.84,1567491708845
tap2,156,0,825,52.950974,927.5169,0.71,1567491709673
tap2,202,0,1446,81.92415,1462.2384,0.82,1567491710408
tap2,155,621,825,685.3654,935.51276,1.03,1567491711061
tap2,52,69,894,143.86679,949.50543,0.94,1567491711776
tap2,215,690,1515,695.35614,1556.1895,0.88,1567491712399
tap2,51,690,894,660.38855,978.49036,0.81,1567491713002
tap2,214,69,1515,78.92692,1524.206,0.71,1567491713717
tap2,216,138,1515,197.81683,1570.1821,0.88,1567491714442
tap2,19,759,894,813.247,961.4992,0.90999997,1567491715116
tap2,217,759,1515,771.2858,1567.1837,0.90999997,1567491715892
tap2,20,138,894,193.82054,986.4862,0.81,1567491716638
tap2,141,621,480,664.3848,536.72046,0.82,1567491717383
tap2,140,0,1101,72.93247,1194.3779,0.76,1567491718118
tap2,138,0,480,101.90564,573.7012,0.79999995,1567491718895
tap2,139,621,1101,605.4394,1194.3779,0.76,1567491719528
tap2,142,0,411,39.962997,463.75845,0.64,1567491720376
tap2,143,621,1032,647.4006,1103.4253,0.90999997,1567491720958
tap2,144,0,1032,24.976873,1080.4373,0.53,1567491721673
tap2,145,621,411,684.36633,517.73035,0.97999996,1567491722357
tap2,148,0,963,63.940796,1013.4721,0.78999996,1567491723051
tap2,149,621,342,667.3821,398.7923,1.0,1567491723705
tap2,147,621,963,605.4394,1082.4362,0.89,1567491724328
tap2,146,0,342,70.93432,447.76678,0.81,1567491725125
tap2,153,621,273,654.3941,367.8084,0.88,1567491725819
tap2,152,0,894,86.91952,961.4992,0.78999996,1567491726503
tap2,150,0,273,127.88159,398.7923,0.84999996,1567491727270
tap2,151,621,894,673.3765,977.49084,0.81,1567491728087
tap2,266,345,273,400.62906,289.84903,0.96999997,1567491728771
tap2,267,552,1239,556.48474,1238.355,0.89,1567491729425
tap2,269,552,273,626.42,318.83392,1.01,1567491730058
tap2,268,345,1239,397.63184,1224.3623,0.89,1567491730681
tap2,271,414,1239,434.5976,1252.3477,1.01,1567491731386
tap2,153,621,273,753.3025,373.8053,0.96,1567491732060
tap2,270,414,273,466.568,342.82144,0.87,1567491732815
tap2,87,621,1239,603.4413,1207.3711,0.84,1567491733479
tap2,91,690,1239,716.33673,1335.3044,0.84,1567491734460
tap2,272,483,273,573.469,397.79282,0.90999997,1567491735154
tap2,273,483,1239,546.494,1222.3633,0.89,1567491735828
tap2,53,690,273,735.31915,401.7907,0.96999997,1567491736523
tap2,277,552,342,555.48566,345.8199,0.88,1567491737350
tap2,276,345,1308,358.6679,1396.2727,0.90999997,1567491738004
tap2,274,345,342,424.60684,411.78552,0.98999995,1567491738841
tap2,275,552,1308,531.5079,1352.2957,0.85999995,1567491739525
tap2,183,621,1308,639.40796,1288.329,0.9,1567491740261
tap2,278,414,342,486.5495,389.79697,0.94,1567491740955
tap2,149,621,342,616.42926,329.82822,0.98999995,1567491741639
tap2,279,414,1308,380.64755,1399.2711,0.96999997,1567491742344
tap2,281,483,1308,474.5606,1318.3134,0.96999997,1567491743008
tap2,49,690,342,765.2914,438.77145,0.91999996,1567491743661
tap2,280,483,342,542.4977,347.81885,0.95,1567491744376
tap2,185,690,1308,736.31824,1318.3134,0.87,1567491745122
tap2,156,0,825,110.897316,878.5424,0.72999996,1567491745867
tap2,157,621,204,657.3913,228.88078,1.05,1567491746694
tap2,155,621,825,664.3848,889.5367,0.85999995,1567491747307
tap2,154,0,204,60.943573,322.83185,0.66999996,1567491748379
tap2,158,0,135,119.88899,280.85373,0.81,1567491749350
tap2,159,621,756,639.40796,804.58093,0.95,1567491750432
tap2,160,0,756,74.93062,862.5507,0.66999996,1567491751259
tap2,161,621,135,627.41907,198.89641,0.84999996,1567491752076
tap2,162,0,66,68.93617,113.94065,0.72999996,1567491755444
tap2,163,621,687,670.3793,743.6127,0.88,1567491756396
tap2,164,0,687,69.93524,753.6075,0.66999996,1567491757192
tap2,165,621,66,616.42926,114.94013,0.85999995,1567491758050
tap2,169,897,66,882.18317,155.9188,0.75,1567491759469
tap2,168,276,687,303.71878,735.6168,0.83,1567491760215
tap2,166,276,66,364.66235,166.91306,0.79999995,1567491760970
tap2,167,897,687,922.1462,782.5924,0.81,1567491761747
tap2,170,138,618,166.84552,678.64655,0.7,1567491762492
tap2,171,759,1239,789.2692,1221.3639,0.84999996,1567491763340
tap2,173,759,618,797.2618,740.61426,0.79999995,1567491763922
tap2,172,138,1239,176.83626,1283.3315,0.84999996,1567491764657
tap2,177,828,618,843.21924,700.6351,0.81,1567491765280
tap2,176,207,1239,225.79094,1293.3264,0.81,1567491765964
tap2,174,207,618,269.75024,666.6528,0.91999996,1567491766669
tap2,175,828,1239,827.2341,1242.3529,0.82,1567491767302
tap2,133,690,66,706.346,103.94586,0.95,1567491768252
tap2,249,483,1032,481.5541,1043.4565,0.9,1567491768936
tap2,43,690,1032,737.3173,1034.4612,0.79999995,1567491769640
tap2,248,483,66,522.5162,149.9219,0.82,1567491770743
tap2,251,552,1101,638.4089,1124.4143,0.90999997,1567491771366
tap2,250,345,135,419.61148,191.90005,0.94,1567491772122
tap2,252,345,1101,381.64664,1187.3816,0.87,1567491772735
tap2,253,552,135,613.432,209.89067,0.96999997,1567491773450
tap2,254,414,135,431.60037,207.89172,1.01,1567491774205
tap2,139,621,1101,663.38574,1220.3644,0.87,1567491774890
tap2,161,621,135,695.35614,258.86517,0.78,1567491775574
tap2,255,414,1101,491.54486,1105.4242,0.90999997,1567491776238
tap2,178,276,618,331.69287,728.6205,0.85999995,1567491776932
tap2,179,897,1239,934.1351,1241.3534,0.81,1567491778025
tap2,181,897,618,993.0805,690.64026,0.78,1567491778719
tap2,180,276,1239,309.71323,1314.3154,0.79999995,1567491779373
tap2,132,69,687,105.90195,761.60333,0.81,1567491780119
tap2,185,690,1308,745.3099,1362.2904,0.74,1567491780936
tap2,184,69,1308,121.887146,1303.3212,0.76,1567491781641
tap2,131,690,687,761.2951,748.6101,0.77,1567491782253
tap2,127,759,687,777.2803,653.65955,0.89,1567491782938
tap2,187,759,1308,792.2664,1349.2972,0.76,1567491783571
tap2,186,138,1308,160.85106,1344.2998,0.68,1567491784286
tap2,126,138,66,187.82608,138.92764,0.78999996,1567491785838
tap2,123,828,687,844.2183,756.6059,0.81,1567491786635
tap2,188,207,1308,238.77892,1388.2769,0.75,1567491787288
tap2,124,207,687,317.70584,744.6122,0.75,1567491787982
tap2,189,828,1308,827.2341,1379.2816,0.74,1567491789116
tap2,317,552,687,603.4413,803.5814,0.84999996,1567491789841
tap2,316,345,1653,416.61426,1622.155,0.79999995,1567491790495
tap2,314,345,687,403.62628,773.59705,0.93,1567491791230
tap2,315,552,1653,619.42645,1668.1311,0.72999996,1567491791863
tap2,266,345,273,433.5985,339.823,0.74,1567491792660
tap2,335,483,963,551.4894,1019.469,0.88,1567491793303
tap2,272,483,273,523.51526,340.82248,0.77,1567491794038
tap2,334,345,963,392.63644,1022.46747,0.83,1567491794733
tap2,318,414,687,503.53375,735.6168,0.88,1567491795356
tap2,233,621,1653,657.3913,1628.152,0.81,1567491796040
tap2,163,621,687,646.4015,761.60333,0.94,1567491796674
tap2,319,414,1653,441.59113,1662.1343,0.81,1567491797286
tap2,269,552,273,648.39966,319.8334,0.83,1567491798001
tap2,336,414,963,436.59573,1025.4658,0.93,1567491798696
tap2,337,552,963,608.43665,993.48254,0.88,1567491799278
tap2,270,414,273,434.5976,296.8454,0.84,1567491800074
tap2,168,276,687,321.70212,744.6122,0.9,1567491800769
tap2,191,897,1308,924.1443,1294.3258,0.84,1567491801780
tap2,167,897,687,924.1443,749.60956,0.74,1567491802413
tap2,190,276,1308,301.72064,1352.2957,0.88,1567491803066
tap2,192,0,1377,93.91304,1364.2894,0.65,1567491803883
tap2,160,0,756,117.89084,872.54553,0.66999996,1567491804639
tap2,193,621,1377,652.39594,1300.3228,0.88,1567491805334
tap2,159,621,756,648.39966,887.5377,0.79999995,1567491805916
tap2,194,69,1377,92.91397,1434.2529,0.72999996,1567491806640
tap2,59,690,756,755.30066,799.58356,0.77,1567491807233
tap2,60,69,756,122.886215,770.59863,0.85999995,1567491807968
tap2,195,690,1377,719.334,1426.2571,0.82,1567491808948
tap2,28,138,756,205.80943,826.56946,0.75,1567491809643
tap2,197,759,1377,784.2738,1427.2566,0.79999995,1567491810490
tap2,27,759,756,775.28217,839.5627,0.66999996,1567491811073
tap2,196,138,1377,184.82886,1380.2811,0.77,1567491811757
tap2,84,207,756,208.80666,849.5575,0.74,1567491812482
tap2,199,828,1377,876.1887,1407.267,0.78,1567491813513
tap2,83,828,756,869.1952,856.55383,0.79999995,1567491814126
tap2,198,207,1377,237.77983,1390.2759,0.78999996,1567491814821
tap2,200,276,1377,359.667,1380.2811,0.81,1567491815515
tap2,119,897,756,936.13324,857.55334,0.71,1567491816148
tap2,120,276,756,309.71323,820.5726,0.79999995,1567491816884
tap2,201,897,1377,930.1388,1376.2832,0.74,1567491817987
tap2,242,345,66,413.61703,126.93388,0.71999997,1567491819641
tap2,347,966,687,976.0962,738.6153,0.81,1567491821530
tap2,338,966,66,966.10547,134.92972,0.84,1567491823460
tap2,314,345,687,392.63644,777.595,0.85999995,1567491824186
tap2,322,345,756,380.64755,805.5804,0.93,1567491824941
tap2,339,966,135,991.08234,193.899,0.91999996,1567491825789
tap2,348,966,756,1014.06104,880.5414,0.71999997,1567491826677
tap2,250,345,135,401.6281,237.8761,0.84999996,1567491827566
tap2,258,345,204,405.62442,257.8657,0.96,1567491828363
tap2,349,966,825,1023.05273,895.53357,0.71,1567491829854
tap2,340,966,204,989.08417,234.87766,0.72999996,1567491830783
tap2,326,345,825,385.6429,882.54034,0.9,1567491831518
tap2,330,345,894,412.61795,910.52576,0.87,1567491832172
tap2,341,966,273,1032.0444,370.80685,0.57,1567491832907
tap2,266,345,273,419.61148,294.84644,0.93,1567491833724
tap2,350,966,894,1010.06476,930.5153,0.71999997,1567491835093
tap2,76,207,894,212.80296,919.52106,0.84999996,1567491835859
tap2,219,828,1515,858.2054,1516.2103,0.72999996,1567491836900
tap2,218,207,1515,297.72433,1485.2264,0.78,1567491837646
tap2,75,828,894,874.19055,889.5367,0.76,1567491838248
tap2,220,276,1515,344.68085,1511.2129,0.81,1567491838892
tap2,111,897,894,963.1082,910.52576,0.75,1567491839525
tap2,112,276,894,267.75208,883.5398,0.94,1567491840250
tap2,221,897,1515,889.1767,1500.2186,0.71,1567491841108
tap2,225,690,1584,694.35706,1602.1655,0.82,1567491842548
tap2,48,69,963,157.85384,1021.46796,0.77,1567491843304
tap2,47,690,963,707.34503,1017.47003,0.81,1567491843937
tap2,224,69,1584,123.88529,1662.1343,0.66999996,1567491844621
tap2,165,621,66,660.38855,168.91202,0.75,1567491845704
tap2,247,414,1032,504.53284,1072.4414,0.84999996,1567491846317
tap2,143,621,1032,684.36633,1019.469,0.84,1567491847000
tap2,246,414,66,496.54025,160.91618,0.76,1567491847920
tap2,15,759,963,825.2359,998.4799,0.79999995,1567491848594
tap2,226,138,1584,230.78632,1543.1962,0.78,1567491849370
tap2,227,759,1584,805.2544,1477.2306,0.7,1567491850136
tap2,16,138,963,244.77336,951.5044,0.77,1567491850881
tap2,72,207,963,267.75208,999.47943,0.78,1567491851566
tap2,229,828,1584,853.21,1564.1853,0.71999997,1567491852475
tap2,71,828,963,932.1369,1021.46796,0.75,1567491853097
tap2,228,207,1584,211.8039,1597.1681,0.71,1567491853782
tap2,242,345,66,361.66513,144.92451,0.78,1567491854701
tap2,243,552,1032,606.4385,1038.4591,0.81,1567491855324
tap2,244,345,1032,392.63644,1046.455,0.87,1567491855978
tap2,245,552,66,620.42554,147.92296,0.79999995,1567491856897
tap2,148,0,963,101.90564,987.48566,0.66999996,1567491857673
tap2,223,621,1584,629.41724,1493.2223,0.72999996,1567491858408
tap2,147,621,963,729.3247,1048.4539,0.72999996,1567491859062
tap2,222,0,1584,77.92784,1557.189,0.66999996,1567491859786
tap2,252,345,1101,411.61887,1134.4092,0.77,1567491860451
tap2,344,966,480,967.10455,547.7147,0.69,1567491861206
tap2,290,345,480,373.65402,545.71576,0.84,1567491862023
tap2,353,966,1101,969.10266,1117.418,0.7,1567491863004
tap2,345,966,549,941.1286,645.6637,0.65999997,1567491863790
tap2,260,345,1170,309.71323,1249.3492,0.76,1567491864485
tap2,354,966,1170,929.1397,1164.3936,0.69,1567491865118
tap2,298,345,549,392.63644,619.67725,0.72999996,1567491865873
tap2,346,966,618,1023.05273,649.6616,0.68,1567491866547
tap2,268,345,1239,361.66513,1290.3279,0.87,1567491867222
tap2,355,966,1239,984.0888,1243.3524,0.7,1567491868008
tap2,306,345,618,419.61148,669.6512,0.88,1567491868744
tap2,314,345,687,377.65033,703.6335,0.89,1567491869489
tap2,356,966,1308,953.1175,1306.3196,0.66999996,1567491870224
tap2,347,966,687,970.10175,755.60645,0.71999997,1567491870898
tap2,276,345,1308,360.66605,1411.2649,0.78999996,1567491871623
tap2,257,483,1101,551.4894,1167.392,0.88,1567491872256
tap2,61,690,135,893.173,1256.3456,0.14999999,1567491872726
tap2,39,690,1101,766.29047,182.90474,0.79999995,1567491873104
tap2,256,483,135,557.4838,294.84644,0.84999996,1567491873972
tap2,258,345,204,390.6383,286.8506,0.83,1567491874748
tap2,259,552,1170,661.38763,1204.3727,0.82,1567491875463
tap2,260,345,1170,459.57446,1193.3784,0.84,1567491876106
tap2,261,552,204,633.4135,282.85266,0.82,1567491876892
tap2,157,621,204,685.3654,304.84122,0.93,1567491877587
tap2,263,414,1170,444.58835,1217.366,0.78999996,1567491878332
tap2,262,414,204,515.52264,272.85788,0.87,1567491879109
tap2,135,621,1170,699.3525,1154.3987,0.78999996,1567491879731
tap2,244,345,1032,421.60962,967.4961,0.79999995,1567491880416
tap2,361,966,1653,911.1564,1598.1676,0.56,1567491881253
tap2,352,966,1032,998.07587,1004.4768,0.71,1567491882294
tap2,316,345,1653,371.65588,1510.2134,0.78999996,1567491882978
tap2,282,345,411,433.5985,407.7876,0.90999997,1567491883673
tap2,283,552,1377,613.432,1262.3425,0.71,1567491884347
tap2,284,345,1377,414.6161,1315.315,0.87,1567491885031
tap2,285,552,411,607.43756,433.77408,0.98999995,1567491885757
tap2,145,621,411,653.395,440.77042,0.96999997,1567491886471
tap2,287,414,1377,427.60406,1353.2952,0.81,1567491887073
tap2,193,621,1377,617.4283,1362.2904,0.89,1567491887839
tap2,286,414,411,449.5837,475.7522,0.87,1567491888646
tap2,288,483,411,494.54208,474.75272,0.94,1567491889412
tap2,195,690,1377,692.35895,1441.2493,0.76,1567491890096
tap2,289,483,1377,522.5162,1436.252,0.76,1567491890790
tap2,45,690,411,724.32935,458.76105,0.83,1567491891515
tap2,31,690,1170,760.296,1206.3717,0.79999995,1567491892118
tap2,264,483,204,578.4644,289.84903,0.88,1567491892873
tap2,57,690,204,714.33856,262.8631,0.96,1567491893711
tap2,265,483,1170,547.49304,1206.3717,0.84999996,1567491894364
tap2,300,345,1515,390.6383,1511.2129,0.81,1567491895079
tap2,350,966,894,987.08606,963.49817,0.89,1567491895743
tap2,330,345,894,357.66882,949.50543,0.85999995,1567491896427
tap2,359,966,1515,957.1138,1483.2274,0.78,1567491897183
tap2,351,966,963,982.09064,989.4846,0.77,1567491898031
tap2,308,345,1584,409.62073,1607.1628,0.79999995,1567491898695
tap2,360,966,1584,952.1184,1495.2212,0.7,1567491899552
tap2,334,345,963,399.62997,988.48517,0.87,1567491900226
tap2,137,621,549,668.3811,593.6908,0.90999997,1567491900890
tap2,303,414,1515,453.58002,1511.2129,0.71999997,1567491901585
tap2,213,621,1515,699.3525,1450.2446,0.71,1567491902290
tap2,302,414,549,510.52728,665.65326,0.87,1567491902994
tap2,254,414,135,449.5837,244.87245,0.88,1567491903852
tap2,329,552,825,577.46533,864.5497,0.88,1567491904639
tap2,253,552,135,546.494,242.8735,0.97999996,1567491905363
tap2,328,414,825,456.57724,882.54034,0.91999996,1567491906038
tap2,334,345,963,419.61148,992.48303,0.9,1567491906681
tap2,342,966,342,1016.0592,415.78345,0.7,1567491907355
tap2,274,345,342,357.66882,398.7923,0.83,1567491908090
tap2,351,966,963,999.07495,903.5294,0.72999996,1567491908764
tap2,282,345,411,340.68454,482.74857,0.84999996,1567491909489
tap2,352,966,1032,1030.0463,1108.4227,0.59999996,1567491910183
tap2,343,966,411,991.08234,497.74075,0.71999997,1567491910960
tap2,244,345,1032,387.64108,1040.4581,0.93,1567491911644
tap2,322,345,756,399.62997,753.6075,0.90999997,1567491912288
tap2,357,966,1377,991.08234,1410.2655,0.72999996,1567491913033
tap2,348,966,756,995.0786,731.61896,0.63,1567491914483
tap2,284,345,1377,377.65033,1377.2826,0.71,1567491915178
tap2,292,345,1446,384.64386,1466.2363,0.87,1567491916005
tap2,349,966,825,1003.0712,792.58716,0.75,1567491916668
tap2,326,345,825,415.61517,878.5424,0.90999997,1567491917322
tap2,358,966,1446,963.1082,1445.2472,0.78,1567491918109
tap2,131,690,687,759.29694,696.63715,0.79999995,1567491918721
tap2,321,483,1653,551.4894,1659.1359,0.68,1567491919416
tap2,320,483,687,524.51434,723.6231,0.81,1567491920080
tap2,235,690,1653,760.296,1610.1614,0.75,1567491920662
tap2,362,0,1722,79.925995,1645.1431,0.78,1567491921489
tap2,139,621,1101,695.35614,1080.4373,0.9,1567491922164
tap2,140,0,1101,51.951897,1153.3993,0.65,1567491922981
tap2,371,621,1722,686.3645,1684.1228,0.77,1567491923634
tap2,39,690,1101,732.3219,1150.4008,0.84,1567491924237
tap2,363,69,1722,153.85754,1658.1364,0.76,1567491924921
tap2,372,690,1722,694.35706,1671.1296,0.77,1567491925626
tap2,40,69,1101,162.84921,1186.3821,0.68,1567491926351
tap2,136,0,1170,93.91304,1214.3674,0.69,1567491927117
tap2,386,621,1791,675.37463,1781.0723,0.71999997,1567491927730
tap2,135,621,1170,710.3423,1215.367,0.78,1567491928343
tap2,377,0,1791,71.933395,1787.0692,0.65999997,1567491929068
tap2,31,690,1170,740.3145,1194.3779,0.78,1567491929711
tap2,378,69,1791,204.81036,1766.0801,0.71,1567491930345
tap2,32,69,1170,135.87419,1206.3717,0.78999996,1567491931131
tap2,387,690,1791,767.28955,1817.0536,0.65,1567491931733
tap2,8,138,1101,169.84274,1221.3639,0.78,1567491932438
tap2,373,759,1722,758.29785,1776.075,0.7,1567491933061
tap2,7,759,1101,808.25165,1174.3883,0.78,1567491933756
tap2,364,138,1722,185.82794,1792.0665,0.77,1567491934461
tap2,374,828,1722,837.2248,1729.0994,0.78999996,1567491935472
tap2,64,207,1101,296.72525,1161.395,0.83,1567491936126
tap2,365,207,1722,318.7049,1672.129,0.79999995,1567491936759
tap2,63,828,1101,881.1841,1149.4014,0.79999995,1567491937392
tap2,379,138,1791,209.80574,1763.0817,0.7,1567491937984
tap2,3,759,1170,843.21924,1183.3837,0.52,1567491938556
tap2,4,138,1170,211.8039,1235.3566,0.7,1567491939282
tap2,388,759,1791,662.38666,1786.0697,0.68,1567491939925
tap2,380,207,1791,227.7891,1837.0432,0.71,1567491940650
tap2,35,828,1170,909.1582,1138.4071,0.74,1567491941386
tap2,389,828,1791,834.2276,1749.089,0.76,1567491942243
tap2,36,207,1170,251.76688,1214.3674,0.82,1567491942928
tap2,100,276,1101,327.6966,1156.3977,0.83,1567491943684
tap2,375,897,1722,920.148,1746.0906,0.78999996,1567491944450
tap2,99,897,1101,939.13043,1113.42,0.75,1567491945696
tap2,366,276,1722,261.75763,1719.1046,0.66999996,1567491946431
tap2,368,414,1722,414.6161,1709.1097,0.74,1567491947197
tap2,159,621,756,626.42,823.57104,0.84999996,1567491947922
tap2,371,621,1722,637.4098,1718.1051,0.78,1567491948606
tap2,324,414,756,424.60684,810.5778,0.82,1567491949311
tap2,96,276,1170,301.72064,1207.3711,0.82,1567491950047
tap2,390,897,1791,891.17487,1729.0994,0.75,1567491950751
tap2,95,897,1170,939.13043,1183.3837,0.82,1567491951435
tap2,381,276,1791,298.72342,1758.0842,0.79999995,1567491952160
tap2,385,552,1791,552.48846,1800.0624,0.78999996,1567491952967
tap2,326,345,825,415.61517,866.54865,0.84999996,1567491953641
tap2,382,345,1791,366.6605,1681.1244,0.85999995,1567491954336
tap2,329,552,825,602.4422,867.54816,0.98999995,1567491954979
tap2,323,483,756,499.53748,771.5981,0.95,1567491955694
tap2,372,690,1722,690.3608,1665.1327,0.71999997,1567491956378
tap2,59,690,756,786.272,860.55176,0.84999996,1567491957012
tap2,369,483,1722,511.52637,1762.0822,0.61,1567491957676
tap2,353,966,1101,1004.0703,1150.4008,0.74,1567491958493
tap2,367,345,1722,441.59113,1698.1155,0.74,1567491959136
tap2,252,345,1101,445.58743,1132.4102,0.89,1567491959800
tap2,376,966,1722,968.10364,1671.1296,0.77,1567491961209
tap2,383,414,1791,493.54303,1794.0656,0.76,1567491961904
tap2,155,621,825,647.4006,892.5351,0.7,1567491962670
tap2,328,414,825,418.6124,915.52313,0.81,1567491963477
tap2,386,621,1791,683.36725,1757.0848,0.77,1567491964151
tap2,55,690,825,782.2757,881.54083,0.88,1567491964764
tap2,384,483,1791,533.50604,1755.0858,0.79999995,1567491965458
tap2,327,483,825,536.50323,865.5492,0.95,1567491966122
tap2,387,690,1791,779.27844,1759.0837,0.84,1567491966755
tap1,2,288,642,360.66605,716.6267,0.79999995,1567492161825
tap1,3,576,930,656.3922,1019.469,0.84,1567492162441
tap1,4,576,642,705.3469,758.60486,0.76,1567492162992
tap1,5,288,930,319.70398,1085.4347,0.74,1567492163615
tap1,9,288,786,356.66974,848.55804,0.85999995,1567492164167
tap1,17,576,1074,696.3552,1250.3488,0.71999997,1567492164769
tap1,16,288,1074,325.69843,1127.4127,0.84999996,1567492165351
tap1,7,576,786,674.3756,785.5908,0.89,1567492165943
tap1,4,576,642,680.37006,729.62,0.89,1567492166566
tap1,10,288,354,455.5782,483.74805,0.84,1567492167373
tap1,2,288,642,344.68085,770.59863,0.72999996,1567492168017
tap1,11,576,354,676.3737,369.80737,0.96,1567492168762
tap1,4,576,642,602.4422,751.6085,0.84,1567492169467
tap1,18,288,1218,461.57263,1328.3081,1.0699999,1567492170223
tap1,2,288,642,379.64847,738.6153,0.63,1567492171663
tap1,19,576,1218,625.4209,1264.3414,0.87,1567492172224
tap1,13,576,210,636.4107,369.80737,0.84,1567492173113
tap1,6,288,498,376.65125,621.6762,0.93,1567492173838
tap1,12,288,210,358.6679,336.82455,0.76,1567492174553
tap1,8,576,498,666.383,653.65955,0.57,1567492175319
tap1,19,576,1218,648.39966,1347.2982,0.83,1567492175860
tap1,22,288,1506,436.59573,1564.1853,0.58,1567492176504
tap1,18,288,1218,386.642,1236.3561,0.82,1567492177055
tap1,23,576,1506,659.38947,1526.2051,0.7,1567492177668
tap1,14,288,66,366.6605,186.90265,0.65999997,1567492178526
tap1,11,576,354,689.3617,467.75638,0.79999995,1567492179394
tap1,10,288,354,356.66974,505.73657,0.71999997,1567492180088
tap1,15,576,66,636.4107,193.899,0.76,1567492180803
tap1,17,576,1074,669.3802,1179.3857,0.61,1567492181477
tap1,20,288,1362,407.62256,1399.2711,0.7,1567492182070
tap1,21,576,1362,660.38855,1486.2258,0.61,1567492182703
tap1,16,288,1074,364.66235,1165.393,0.78,1567492183326
tap1,9,288,786,404.62534,905.5283,0.63,1567492183887
tap1,8,576,498,695.35614,594.69025,0.66999996,1567492184510
tap1,6,288,498,396.63275,604.68506,0.75,1567492185123
tap1,7,576,786,664.3848,965.49713,0.74,1567492185675
tap1,24,144,66,223.79279,192.89952,0.62,1567492186492
tap1,26,432,354,495.54117,469.7553,0.68,1567492187155
tap1,27,144,354,211.8039,478.75064,0.71999997,1567492187789
tap1,25,432,66,506.531,159.9167,0.71999997,1567492188544
tap1,66,720,1506,853.21,1604.1644,0.68,1567492189290
tap1,41,432,1218,534.50507,1216.3665,0.75,1567492189851
tap1,42,432,1506,560.481,1595.1692,0.65,1567492190454
tap1,65,720,1218,749.3062,1251.3483,0.72999996,1567492191057
tap1,36,144,786,255.76318,857.55334,0.72999996,1567492191792
tap1,38,432,1074,509.52823,1143.4044,0.76,1567492192333
tap1,39,144,1074,237.77983,1161.395,0.76,1567492192916
tap1,37,432,786,511.52637,841.56165,0.78999996,1567492193508
tap1,16,288,1074,416.61426,1181.3846,0.75,1567492194059
tap1,56,0,1362,179.8335,1424.2582,0.66999996,1567492194631
tap1,20,288,1362,379.64847,1446.2467,0.72999996,1567492195234
tap1,53,0,1074,104.90287,1153.3993,0.7,1567492195836
tap1,59,720,210,793.2655,348.81833,0.83,1567492196612
tap1,30,432,498,510.52728,610.68195,0.78999996,1567492197246
tap1,29,432,210,534.50507,336.82455,0.72999996,1567492197940
tap1,60,720,498,808.25165,580.6975,0.7,1567492198982
tap1,33,432,642,530.5088,728.6205,0.71,1567492199574
tap1,62,720,930,775.28217,1047.4545,0.68,1567492200084
tap1,61,720,642,834.2276,746.61115,0.71999997,1567492200656
tap1,34,432,930,534.50507,1023.4669,0.78,1567492201238
tap1,6,288,498,419.61148,591.69183,0.90999997,1567492201892
tap1,48,0,210,144.86586,338.82352,0.52,1567492202648
tap1,12,288,210,405.62442,317.83444,0.84999996,1567492203250
tap1,49,0,498,122.886215,670.6507,0.69,1567492203873
tap1,51,0,930,114.893616,1060.4476,0.68,1567492204455
tap1,2,288,642,350.6753,694.6382,0.79999995,1567492205068
tap1,5,288,930,382.6457,1053.4513,0.84999996,1567492205640
tap1,50,0,642,97.90935,703.6335,0.84999996,1567492206283
tap1,37,432,786,542.4977,902.5299,0.97999996,1567492206978
tap1,64,720,1074,844.2183,1199.3752,0.81,1567492207662
tap1,38,432,1074,561.4801,1108.4227,0.76,1567492208213
tap1,63,720,786,803.2562,860.55176,0.78999996,1567492208877
tap1,29,432,210,517.5208,312.83707,0.84999996,1567492209582
tap1,31,144,498,212.80296,581.697,0.77,1567492210236
tap1,28,144,210,254.76411,294.84644,0.75,1567492210859
tap1,30,432,498,540.4995,602.6861,0.77,1567492211503
tap1,42,432,1506,512.52545,1602.1655,0.75,1567492212197
tap1,40,144,1218,287.73358,1220.3644,0.74,1567492212800
tap1,41,432,1218,522.5162,1331.3065,0.79999995,1567492213433
tap1,43,144,1506,255.76318,1556.1895,0.72999996,1567492214056
tap1,45,144,1362,274.7456,1425.2577,0.72999996,1567492214648
tap1,82,432,1650,463.57077,1632.1499,0.65,1567492215292
tap1,80,144,1650,288.73267,1706.1113,0.61,1567492215915
tap1,44,432,1362,512.52545,1461.2389,0.7,1567492216497
tap1,57,720,66,795.2637,178.90681,0.7,1567492217467
tap1,26,432,354,563.4783,447.76678,0.7,1567492218141
tap1,58,720,354,814.2461,485.747,0.58,1567492218877
tap1,25,432,66,489.54672,194.89848,0.77,1567492219561
tap1,64,720,1074,704.34784,1116.4185,0.78,1567492220235
tap1,44,432,1362,491.54486,1518.2092,0.68,1567492220848
tap1,38,432,1074,564.47736,1158.3966,0.76,1567492221420
tap1,67,720,1362,808.25165,1518.2092,0.57,1567492222053
tap1,9,288,786,377.65033,860.55176,0.69,1567492222778
tap1,53,0,1074,146.86401,1171.3899,0.61,1567492223482
tap1,16,288,1074,402.6272,1202.3738,0.58,1567492224136
tap1,52,0,786,81.92415,894.53406,0.62,1567492224779
tap1,74,864,786,982.09064,882.54034,0.59999996,1567492225647
tap1,17,576,1074,661.38763,1181.3846,0.68,1567492226260
tap1,75,864,1074,931.1378,1196.3768,0.65999997,1567492226955
tap1,7,576,786,670.3793,840.5622,0.71,1567492227517
tap1,38,288,66,392.63644,214.88808,0.63,1567492228323
tap1,45,0,354,135.87419,409.78656,0.74,1567492229018
tap1,44,0,66,93.91304,159.9167,0.71,1567492229753
tap1,39,288,354,416.61426,455.7626,0.81,1567492230377
tap1,14,288,1506,392.63644,1496.2207,0.77,1567492231081
tap1,47,0,1794,175.83719,1857.0327,0.52,1567492231735
tap1,46,0,1506,94.91212,1622.155,0.69,1567492232307
tap1,10,288,1794,357.66882,1813.0557,0.64,1567492232868
tap1,22,864,210,963.1082,257.8657,0.76,1567492233767
tap1,86,576,498,602.4422,590.6923,0.76,1567492234431
tap1,55,576,210,673.3765,293.84695,0.77,1567492235044
tap1,88,864,498,945.1249,590.6923,0.78999996,1567492235667
tap1,70,864,1362,971.1008,1413.2639,0.58,1567492236453
tap1,8,576,1650,689.3617,1736.0957,0.59,1567492237056
tap1,13,576,1362,701.3506,1443.2483,0.76,1567492237617
tap1,71,864,1650,989.08417,1677.1265,0.48999998,1567492238271
tap1,78,576,1218,698.3534,1255.3462,0.82,1567492238802
tap1,83,864,1506,921.1471,1663.1338,0.52,1567492239395
tap1,21,864,1218,930.1388,1228.3602,0.62,1567492239895
tap1,85,576,1506,629.41724,1574.18,0.62,1567492240447
tap1,19,576,66,622.4237,139.92712,0.79999995,1567492241417
tap1,77,864,354,903.16376,440.77042,0.5,1567492242009
tap1,76,576,354,668.3811,382.80063,0.74,1567492242571
tap1,23,864,66,865.1989,165.91359,0.68,1567492243235
tap1,15,576,1362,659.38947,1416.2623,0.53,1567492244042
tap1,69,864,1074,927.14154,1139.4065,0.66999996,1567492244787
tap1,11,576,1074,708.3441,1136.4081,0.62,1567492245420
tap1,68,864,1362,925.1434,1410.2655,0.59999996,1567492246023
tap1,21,0,1218,123.88529,1261.343,0.53999996,1567492246697
tap1,75,288,1506,428.60315,1561.1869,0.64,1567492247320
tap1,17,288,1218,351.67438,1288.329,0.74,1567492247902
tap1,78,0,1506,180.83257,1571.1816,0.63,1567492248536
tap1,54,576,642,689.3617,703.6335,0.82,1567492249220
tap1,22,864,930,934.1351,1123.4149,0.68,1567492249894
tap1,18,864,642,941.1286,725.6221,0.79999995,1567492250496
tap1,55,576,930,614.4311,1045.4554,0.78,1567492251089
tap1,4,576,1794,629.41724,1847.038,0.52,1567492252059
tap1,73,864,1506,977.0953,1504.2166,0.59,1567492252774
tap1,72,576,1506,643.40424,1578.178,0.52,1567492253407
tap1,3,864,1794,929.1397,1772.077,0.48,1567492254296
tap1,90,720,1362,832.22943,1400.2706,0.62,1567492254950
tap1,77,432,1650,531.5079,1667.1317,0.44,1567492255531
tap1,23,720,1650,812.2479,1714.1072,0.64,1567492256114
tap1,92,432,1362,517.5208,1441.2493,0.66999996,1567492256706
tap1,67,432,1074,515.52264,1120.4164,0.79999995,1567492257258
tap1,82,144,1362,269.75024,1458.2405,0.66999996,1567492257860
tap1,84,432,1362,518.5199,1393.2743,0.69,1567492258422
tap1,44,144,1074,228.78816,1178.3862,0.56,1567492259025
tap1,38,432,1506,565.47644,1507.215,0.72999996,1567492259607
tap1,45,144,1794,301.72064,1775.0754,0.53999996,1567492260240
tap1,44,432,1794,477.55783,1844.0396,0.45999998,1567492260914
tap1,39,144,1506,238.77892,1595.1692,0.71999997,1567492261547
tap1,42,432,1506,528.5106,1587.1733,0.72999996,1567492262089
tap1,87,720,1794,836.2257,1806.0593,0.59999996,1567492262773
tap1,89,432,1794,527.5116,1846.0385,0.65,1567492263375
tap1,43,720,1506,818.2424,1608.1624,0.66999996,1567492264090
tap1,42,0,1362,101.90564,1442.2488,0.71999997,1567492264744
tap1,91,288,1650,345.67993,1716.1062,0.66999996,1567492265337
tap1,89,288,1362,351.67438,1425.2577,0.78,1567492265888
tap1,66,0,1650,83.922295,1707.1108,0.56,1567492266480
tap1,56,432,642,499.53748,773.59705,0.79999995,1567492267257
tap1,81,144,930,124.88437,1049.4534,0.77,1567492267879
tap1,20,432,930,512.52545,996.48096,0.74,1567492268503
tap1,79,144,642,280.74005,715.62726,0.65,1567492269136
tap1,79,144,642,560.481,1046.455,0.71999997,1567492269799
drag1,2,357.66882,633.6699,0.63,1633.4519229999999,77.95736323521191
drag1,3,639.40796,898.532,0.77,2233.241462,93.20531990006081
drag1,4,693.35803,691.6398,0.66999996,1083.905,79.44963785959169
drag1,5,414.5927,953.50336,0.75,2485.038231,63.184055228162094
drag1,9,399.62997,844.5601,0.69,1553.769538,65.95784811567988
drag1,17,699.391,1046.455,0.59,2206.493308,92.72835154530621
drag1,16,407.62256,1090.6271,0.76,2993.368077,69.7831371371869
drag1,7,698.3534,788.58923,0.69,1584.7944619999998,83.93795249569614
drag1,4,707.8446,668.65173,0.72999996,3585.597616,65.90706690234065
drag1,10,400.59503,339.823,0.66999996,2884.100615,71.40936408238142
drag1,2,392.581,632.6705,0.59999996,2880.668077,78.42019597156073
drag1,11,713.3395,364.81,0.71,3049.1201539999997,60.40628925126469
drag1,4,700.3515,636.6684,0.59999996,3928.001077,65.11990791466688
drag1,18,372.66684,1173.3888,0.71,2890.7503079999997,90.35417779781908
drag1,2,389.63922,649.6616,0.7,3039.445077,55.90790858631758
drag1,19,686.3645,1227.3607,0.71999997,3149.734692,82.25237262051719
drag1,13,640.40704,225.88235,0.69,2515.8219999999997,72.55622373194463
drag1,6,426.605,502.73816,0.78999996,3309.9548459999996,57.28290666885361
drag1,12,400.62906,201.89484,0.68,2195.931846,83.80818446014861
drag1,8,682.36816,478.75064,0.65999997,1726.478385,71.65563561119559
drag1,19,673.3765,1172.3894,0.66999996,3504.35677,90.35331586943624
drag1,22,361.66513,1493.2223,0.61,2313.93223,91.12429224916994
drag1,18,404.62534,1196.3578,0.65999997,2799.038231,66.87760735609108
drag1,23,683.26953,1476.2311,0.57,2227.339461,78.19418068460782
drag1,14,407.62256,29.984383,0.68,2536.069693,105.78901792921248
drag1,11,668.3811,380.80167,0.77,2269.6172309999997,76.1107613478977
drag1,10,399.62997,385.80487,0.72999996,2277.9749229999998,71.70028798814252
drag1,15,671.37836,63.848053,0.81,2339.2471539999997,107.91762007393243
drag1,17,695.35614,1107.4232,0.64,3319.857616,64.80674651650523
drag1,20,384.64386,1389.8878,0.66999996,2891.055769,62.52895812908441
drag1,21,649.4453,1405.2681,0.66999996,2482.521539,72.36996785929782
drag1,16,387.14154,1089.4326,0.61,2636.246077,72.08589762654229
drag1,24,247.77058,59.968765,0.63,1777.819384,108.89265392451672
drag1,26,502.50735,358.8131,0.68,1940.2519229999998,63.15838947906261
drag1,27,241.77614,355.1361,0.76,2104.889846,62.82367830076677
drag1,25,540.4995,71.96252,0.76,1420.695,114.05084522734444
drag1,66,802.2572,1516.2103,0.82,3219.025154,69.81367947815038
drag1,41,560.481,1212.3685,0.62,1940.78,70.88362479924336
drag1,42,569.4727,1472.7329,0.65,2533.514769,71.46961452131069
drag1,65,825.7355,1241.3534,0.7,2677.72,92.90133746909842
drag1,36,265.71796,813.57623,0.7,2431.041308,64.9866754845427
drag1,38,496.54025,1069.443,0.74,2045.19777,74.57023188141156
drag1,39,237.77983,1056.4497,0.76,1440.765923,72.96713129149778
drag1,37,517.4506,800.583,0.71,2145.226231,89.85034411738823
drag1,16,398.6309,1053.2561,0.65999997,3005.317846,81.32299280482259
drag1,56,99.90879,1339.3024,0.63,2318.8548459999997,86.61000421035146
drag1,20,374.6531,1361.5516,0.51,1646.775615,77.26586275054487
drag1,53,139.87048,1069.9429,0.63,1819.9870779999999,65.42846350102886
drag1,59,838.2239,229.02888,0.74,2875.328462,61.31541129598556
drag1,30,549.4912,487.74594,0.72999996,2272.873154,95.02870913439837
drag1,29,554.4866,263.1237,0.83,2370.2802309999997,58.6116140289046
drag1,60,841.26715,489.7449,0.83,3049.846231,87.2307270501826
drag1,33,533.4907,651.6606,0.9,1716.7211539999998,88.6926440726753
drag1,62,825.2359,938.51117,0.78,2186.385308,87.20169659095983
drag1,61,852.21094,709.9029,0.71999997,1974.467692,64.55462758463018
drag1,34,566.47546,952.3084,0.82,2697.173154,77.30828145931541
drag1,6,432.59946,526.72565,0.69,1676.287077,73.91708893198282
drag1,48,137.87234,220.67807,0.71999997,1749.258077,83.08196429970664
drag1,12,417.6133,195.82681,0.77,2073.7699239999997,89.15982462133485
drag1,49,109.89824,486.74646,0.78999996,2746.472307,83.28584584566875
drag1,51,121.912384,948.53125,0.71999997,3442.4560779999997,51.72519977000818
drag1,2,377.65033,677.64703,0.93,2515.8173079999997,83.93509670760427
drag1,5,407.01447,986.8773,0.83,2697.298,17.13693081886182
drag1,50,119.88899,627.6731,0.74,2844.660692,76.99805537387377
drag1,37,580.4625,800.583,0.93,3616.945385,59.008555931203695
drag1,64,827.2341,1068.4435,0.69,2391.292693,80.10508801158699
drag1,38,559.49634,1082.4218,0.65999997,2901.316539,83.11288210787829
drag1,63,824.2368,813.9679,0.87,2910.721615,69.2657752888411
drag1,29,526.5125,191.90005,0.78,1900.048308,89.66387811294827
drag1,31,236.78076,519.7293,0.9,2868.539155,77.1257858655832
drag1,28,246.77151,213.8886,0.82,1951.028077,90.80891418918544
drag1,30,563.4783,505.73657,0.7,2041.0852309999998,71.12977113651093
drag1,42,540.4995,1468.2352,0.69,3447.326846,80.54092077610487
drag1,40,254.76411,1192.3789,0.7,1941.141539,87.93816842844377
drag1,41,547.74915,1219.3649,0.74,1469.587846,71.97744812863576
drag1,43,234.78261,1479.2295,0.78999996,2795.468539,78.14505326377638
drag1,45,266.75302,1348.2977,0.65,2059.710846,82.98492057982234
drag1,82,545.49493,1613.1598,0.71999997,3006.076538,85.07197571907433
drag1,80,271.74838,1616.1582,0.71,1849.742384,56.179163982820775
drag1,44,525.5134,1371.2858,0.78,2492.906539,82.3775489996857
drag1,57,860.2035,107.94378,0.85999995,3290.344385,82.35483921359298
drag1,26,535.50415,388.7975,0.84999996,3068.9387699999997,71.25892880037799
drag1,58,837.2248,382.3009,0.85999995,1828.69623,89.1869994749817
drag1,25,530.5088,53.97189,0.71,1994.955923,79.84458847354489
drag1,64,778.27936,1065.4451,0.75,1941.636769,87.08593260766003
drag1,44,531.5079,1349.797,0.83,2176.483154,88.63186435639953
drag1,38,531.5079,1096.4127,0.66999996,1237.9867689999999,67.87225937131934
drag1,67,810.24976,1335.3044,0.81,1908.852385,89.2065991016492
drag1,9,396.88373,796.5851,0.71999997,1933.2771539999999,71.9787051672944
drag1,53,117.89084,1078.4382,0.83,2329.452308,63.949722796703675
drag1,16,397.64392,1076.4393,0.65,1624.5106919999998,70.13044366143103
drag1,52,91.914894,779.59393,0.66999996,2151.036462,87.96402802929909
drag1,74,972.5995,770.59863,0.69,2854.636,87.96845458630715
drag1,17,639.40796,1062.2302,0.78999996,2580.916616,86.59470117359156
drag1,75,995.0786,1076.4393,0.81,1380.3461539999998,77.98942121594017
drag1,7,652.39594,746.58813,0.82,1431.65077,79.86978339577777
drag1,70,987.08606,239.37532,0.90999997,2241.563,56.410362434081804
drag1,8,718.3349,508.73502,0.78,2559.316385,60.34688352478187
drag1,13,667.3821,220.88495,0.77,2084.86,88.75385914745435
drag1,71,916.15173,480.7496,0.83,2516.560154,89.13164321508356
drag1,78,937.13226,1369.2269,0.83,2176.832539,70.59886550007508
drag1,83,679.371,1653.1389,0.79999995,2227.441923,64.11980107181188
drag1,21,686.864,1346.2988,0.74,1297.361384,89.11866444226382
drag1,85,997.0768,1657.5278,0.78999996,2766.993692,69.16702475054143
drag1,19,640.01556,1197.3763,0.65,1552.5491539999998,75.47613661150055
drag1,77,954.1098,1507.2081,0.65,1623.623693,77.80859403391429
drag1,76,969.10266,1239.8542,0.77,1910.679154,67.22188673225129
drag1,23,697.3543,1489.724,0.75,1581.790924,93.21479541742703
drag1,15,702.3497,81.95731,0.66999996,2017.151461,78.66690503600076
drag1,69,915.15265,349.81778,0.81,2522.0931539999997,81.27738924786523
drag1,11,680.37006,336.82455,0.85999995,3198.506077,79.99860743232276
drag1,68,955.11566,45.97605,0.78,2159.283539,97.11484885173311
drag1,21,664.3848,1354.2946,0.72999996,3244.086692,78.96917887859645
drag1,75,986.087,1117.5298,0.82,2197.480693,49.74936972335222
drag1,17,664.3848,1058.8632,0.79999995,2987.2154619999997,52.56481836150479
drag1,78,988.0851,1362.2904,0.56,1820.1359229999998,69.11886911396284
drag1,54,95.520584,1203.7639,0.7,1778.013,95.59663954519938
drag1,22,397.63184,1526.2051,0.75,1737.006154,72.07760759584401
drag1,18,430.99326,1193.3784,0.72999996,1707.1470769999999,85.30928172270416
drag1,55,83.922295,1472.2332,0.64,2442.772154,103.23957908032196
drag1,67,822.63043,1365.2888,0.63,1566.447461,76.33783306926321
drag1,82,558.4829,1592.1707,0.69,1555.5532309999999,84.86253219425357
drag1,84,827.4185,1643.1442,0.68,1158.0383849999998,67.00296902619608
drag1,44,525.5134,1309.318,0.69,1248.3222309999999,74.9961098107351
drag1,38,544.49585,1092.431,0.72999996,1307.2472309999998,75.97988128121209
drag1,45,296.14413,1334.1417,0.65999997,2442.293846,68.59970844948627
drag1,44,542.51917,1346.3203,0.82,1461.334461,73.96158613440534
drag1,39,223.79279,1059.0571,0.71,1338.842154,70.44206240504454
drag1,56,119.88899,1327.3087,0.79999995,1440.138231,91.15867797817464
drag1,81,386.642,1661.1348,0.71999997,2389.260616,53.26680829568144
drag1,20,412.1184,1383.7793,0.78,2422.321462,60.66115861149042
drag1,79,116.89177,1613.6595,0.84999996,1932.354308,104.69949539229115
drag1,33,582.4607,626.6736,0.71999997,1843.863462,78.63770437388588
drag1,35,294.7271,905.5283,0.71,1738.260616,71.85684748503988
drag1,34,509.0287,914.5237,0.85999995,2016.9576149999998,92.9577919429197
drag1,32,251.76688,606.684,0.81,1226.607231,82.83904446427155
drag1,9,418.11285,766.6007,0.82,1101.616231,79.04350387182022
drag1,8,667.3821,487.74594,0.81,1520.345,99.58100367160662
drag1,6,422.6087,447.73535,0.84,1370.9726919999998,83.41641152497466
drag1,7,654.3941,766.55725,0.84,1594.186616,73.91417157849847
drag1,14,398.6309,26.985945,0.59999996,1554.1173079999999,95.57808609351208
drag1,47,80.92507,348.81833,0.77,2167.116846,85.72153399874036
drag1,46,116.23567,35.98126,0.76,1555.939693,92.54709139418974
drag1,10,434.5976,379.8022,0.96,1521.794307,57.64040112600595
drag1,4,701.3506,613.72644,0.82,3557.5216929999997,61.68901632548954
drag1,73,910.1573,902.5299,0.75,2362.650154,79.64579646108288
drag1,72,971.52496,627.6731,0.74,1716.733,75.28919796420846
drag1,3,655.3932,884.03955,0.83,2115.4070779999997,99.61770749610815
scale2,25,8.390551,1930.392692
scale2,9,14.799105,2048.401231
scale2,28,26.344019,1710.949385
scale2,10,36.288494,1318.315693
scale2,29,30.581057,1795.5710769999998
scale2,12,19.001776,1781.725538
scale2,30,-0.35789108,2293.859231
scale2,13,-8.379347,2278.3265389999997
scale2,32,15.561842,1646.070923
scale2,15,5.8410645,3019.8669999999997
scale2,34,9.916214,2038.8593839999999
scale2,17,3.6287613,2476.068154
scale2,1,-278.2323,2504.494385
scale2,20,19.253231,2891.589923
scale2,3,-23.914501,2983.661231
scale2,24,9.850628,1634.5529239999998
scale2,16,7.51565,2045.5955379999998
scale2,2,-139.89374,2359.147077
scale2,23,18.102139,1718.570692
scale2,7,13.264755,2171.558924
scale2,11,1.380455,2554.849307
scale2,14,-3.105835,2522.896538
scale2,26,14.89975,2412.522462
scale2,35,57.205296,2177.494693
scale2,21,-9.718323,3003.5102309999997
scale2,22,-10.37538,2709.745308
scale2,27,-2.7964096,2564.520693
scale2,36,3.226307,2892.3235379999996
scale2,31,0.6428318,2568.056615
scale2,19,-11.390139,2789.4379999999996
scale2,4,-131.99046,3544.7783849999996
scale2,8,-4.8094997,3089.86823
scale2,5,-8.71439,3147.101693
scale2,33,42.330975,1941.6955389999998
scale2,18,8.9873085,3056.850384
scale2,6,-10.077787,3454.092308
scale1,27,86.80644,981.5003079999999
scale1,46,86.80644,69.32853899999999
scale1,26,60.44427,1165.434615
scale1,27,37.16177,1182.548846
scale1,46,-5.889427,1760.932769
scale1,26,-10.797707,2271.889616
scale1,4,-11.026875,2748.752154
scale1,43,13.594791,1440.5469229999999
scale1,25,-6.7130413,1514.1650009999998
scale1,42,20.383827,1196.5883079999999
scale1,23,7.4603004,1908.7736149999998
scale1,5,7.4603004,2186.079616
scale1,24,8.296841,1401.247461
scale1,19,13.582638,4201.969384999999
scale1,2,17.310368,1501.933846
scale1,44,26.147839,1126.185154
scale1,65,28.959412,1645.412462
scale1,45,-7.5151463,1289.135385
scale1,28,12.73827,1213.515384
scale1,13,10.009953,1298.3223839999998
scale1,56,31.294315,1239.5426149999998
scale1,40,-5.985815,1235.348769
scale1,41,1.1336517,1176.144231
scale1,6,-18.099306,2841.634385
scale1,51,14.371593,1431.0049999999999
scale1,36,-3.26972,1515.543385
scale1,21,-1.9721317,1401.394
scale1,8,15.414711,1237.640385
scale1,57,26.23875,1050.384308
scale1,39,31.979725,1009.6366929999999
scale1,9,-12.811964,1427.899154
scale1,58,7.1049614,1330.085384
scale1,47,5.40057,1510.231846
scale1,1,-18.14459,1473.2523079999999
scale1,35,-3.746647,1871.0191539999998
scale1,3,4.117573,1382.982693
scale1,17,-4.7255287,1227.516615
scale1,53,7.684181,1592.1719229999999
scale1,34,-10.949198,991.291308
scale1,18,-12.217415,1685.430384
scale1,50,9.768528,1442.7741529999998
scale1,62,11.013966,1197.846769
scale1,66,2.2435455,1104.125923
scale1,20,-6.607315,2133.903385
scale1,37,0.4515381,1678.613308
scale1,32,10.453457,1341.849923
scale1,31,-8.846294,1878.062616
scale1,49,-3.1193619,1483.84377
scale1,7,-65.07455,1441.7742309999999
scale1,15,0.36275482,1196.6521539999999
scale1,10,1.8497887,1622.920846
scale1,60,10.008579,1013.716385
scale1,63,9.944859,1204.044154
scale1,59,-9.662922,1195.767231
scale1,55,31.157501,1165.426154
scale1,14,-10.451809,1952.312538
scale1,12,-11.659824,2126.4697699999997
scale1,54,4.6549416,1545.480615
scale1,52,4.355564,1548.9076929999999
scale1,48,-3.1755295,1209.009539
scale1,30,14.918335,1490.669692
scale1,16,-5.745592,1728.024539
scale1,11,-10.712288,1920.991924
scale1,61,13.872402,1115.975923
scale1,38,-5.764595,1570.748001
scale1,29,22.454132,1134.763846
scale1,64,12.369026,1040.5247689999999
scale1,22,-138.54608,1182.831
scale1,33,-28.0832,1370.594692
