drag1,2,371.65588,626.6736,0.82,2278.085923,82.05034572576649
drag1,3,656.55457,923.35657,0.7,2441.863231,58.36203491709403
drag1,4,641.4061,675.6481,0.53,2125.4313079999997,102.63505153432523
drag1,5,379.64847,954.50287,0.61,1987.651923,53.312414333600934
drag1,9,370.15723,832.0666,0.55,1846.7093849999999,90.53876570282662
drag1,17,658.40216,1070.4425,0.57,2599.788384,59.32230427974069
drag1,16,377.65033,1066.4446,0.56,2188.021154,84.63474307186377
drag1,7,671.96124,818.99,0.61,2124.363231,77.14344192323762
drag1,4,661.8872,700.13525,0.65,2020.302154,74.76646931315021
drag1,10,375.65216,398.7923,0.71999997,2609.635154,72.04592006702416
drag1,2,410.6198,586.6944,0.95,3386.785462,88.38485749911679
drag1,11,648.39966,360.81207,0.48999998,2163.440154,70.86147347479483
drag1,4,638.4089,628.67255,0.35,2135.7680769999997,77.52581610822472
drag1,18,369.6577,1209.8429,0.59999996,3058.804846,78.8245595711918
drag1,2,375.65216,674.1489,0.53,1865.857769,68.28807012549835
drag1,19,669.3802,1196.4894,0.51,2322.734462,65.04493041960976
drag1,13,656.3922,247.61176,0.57,2823.715154,77.11009146998607
drag1,6,418.6124,479.47113,0.65,1765.676538,57.40562138252354
drag1,12,360.66605,240.55002,0.62,1998.089538,69.39388461310278
drag1,8,631.41534,486.74646,0.59999996,2454.247077,82.72307140815208
drag1,19,670.3793,1210.3696,0.55,1927.713923,48.02573731614662
drag1,22,403.86743,1488.1042,0.42999998,2335.777462,88.62174963743078
drag1,18,378.6494,1277.3347,0.45999998,1560.294923,70.9381976528209
drag1,23,661.38763,1462.2384,0.53999996,2022.1527689999998,75.952937799936
drag1,14,389.7287,88.95367,0.75,3599.066769,76.40237627889236
drag1,11,656.3922,371.31882,0.72999996,2439.2622309999997,61.691856498092115
drag1,10,423.6078,383.8001,0.61,2317.290462,57.754277059056776
drag1,15,683.36725,105.94482,0.65999997,1785.701308,74.44589566400002
drag1,17,667.3821,1070.5573,0.84999996,2896.6363079999996,65.14855709429769
drag1,20,393.63553,1353.2952,0.53999996,1460.138001,62.17669855971992
drag1,21,662.6664,1352.1558,0.45,1869.203078,69.47406521318354
drag1,16,411.61887,1078.4382,0.48999998,1427.871385,74.28295194347156
drag1,24,237.77983,89.95315,0.65,2437.721923,65.45411269405042
drag1,26,512.8992,340.82248,0.76,1571.299231,69.22329021540482
drag1,27,282.73822,378.8027,0.56,1512.206539,71.15965030958664
drag1,25,531.5079,105.94482,0.62,1571.219154,76.31408663202674
drag1,66,818.2449,1527.197,0.63,2704.92477,39.104429852736274
drag1,41,543.99634,1234.3572,0.51,2582.269847,83.92627349375806
drag1,42,554.4866,1478.9166,0.58,1550.6813849999999,65.46896643614215
drag1,65,796.2627,1249.849,0.5,1805.0694609999998,71.38742531255858
drag1,36,246.77151,823.57104,0.51,1794.971001,70.67706449214376
drag1,38,519.519,1059.7842,0.71,1183.323154,58.568515115021306
drag1,39,287.55865,1092.431,0.55,1640.4283839999998,72.41154147956289
drag1,37,528.5106,803.1881,0.51,1866.2240769999999,78.2094340371135
drag1,16,405.62442,1061.5593,0.59999996,1377.0951539999999,70.19565677840332
drag1,56,123.38575,1321.3118,0.53,2214.259769,86.13657250754346
drag1,20,364.68808,1367.2878,0.51,1600.403231,65.27552430546345
drag1,53,114.893616,1106.4237,0.48999998,1766.7238459999999,72.8224074928303
drag1,59,844.2183,206.89224,0.62,2667.390615,91.21208139448153
drag1,30,562.4792,501.23895,0.63,2121.4951539999997,78.29865739453554
drag1,29,542.4977,257.8657,0.63,2045.817462,59.858772418287394
drag1,60,820.6311,483.74805,0.69,1846.414846,77.32971278544187
drag1,33,545.49493,636.6684,0.66999996,1662.937847,60.54568569052018
drag1,62,797.2618,917.5221,0.59,2108.2545379999997,73.26161952033628
drag1,61,830.23126,657.1577,0.51,1581.0044619999999,70.31750497817315
drag1,34,566.34485,910.52576,0.58,1367.173384,61.65890837806205
drag1,6,408.62164,510.73398,0.55,1846.2527699999998,75.95938864991338
drag1,48,109.89824,235.87714,0.7,1733.371154,81.89194203653489
drag1,12,393.63553,250.86934,0.84999996,1298.193077,76.94161224161694
drag1,49,103.90379,521.7283,0.65,1599.487692,67.47875830937332
drag1,51,89.91675,912.5247,0.71999997,1306.845231,73.85414897936737
drag1,2,391.13785,621.6762,0.82,1763.035461,95.87655484956204
drag1,5,363.66327,914.5237,0.82,1255.0648469999999,75.78835442720708
drag1,50,99.40796,651.6606,0.83,1781.307693,99.06316151261298
drag1,37,506.531,794.5861,0.75,1376.834308,69.07454732976815
drag1,64,794.2646,1073.9407,0.78999996,2022.263385,50.69932015408351
drag1,38,562.4792,1063.4452,0.69,1519.8390769999999,79.89780958046322
drag1,63,820.24054,796.0853,0.79999995,1376.722538,89.9733712678003
drag1,29,535.5652,228.85025,0.87,1782.985385,77.85257515309097
drag1,31,271.74838,480.7496,0.85999995,1377.814077,77.44134998550993
drag1,28,249.76874,242.8735,0.7,1297.478924,83.86515588441766
drag1,30,510.52728,482.7887,0.84,1356.698846,68.10568939342262
drag1,42,527.5116,1483.4233,0.72999996,1958.887307,52.30334473567926
drag1,40,290.7308,1221.3639,0.66999996,2030.08377,71.45364846993174
drag1,41,501.5356,1223.8625,0.7,1632.0693079999999,75.64502728331841
drag1,43,264.2553,1499.2191,0.72999996,2101.325461,61.148731207985996
drag1,45,253.76503,1407.267,0.77,1064.0429239999999,67.78502116456288
drag1,82,530.6926,1615.5265,0.65999997,1753.6653079999999,68.64468207182922
drag1,80,288.73267,1647.1421,0.58,1235.158154,59.54434397440131
drag1,44,532.50696,1373.2847,0.68,1264.627923,65.8372285205879
drag1,57,806.2535,87.99602,0.89,2650.513692,95.25851540908333
drag1,26,551.4894,337.82404,0.87,1837.126,60.348298472837264
drag1,58,819.24146,347.81885,0.71,1775.6156159999998,78.35326326455093
drag1,25,539.71985,84.95575,0.71999997,1490.1899999999998,72.95651623121883
drag1,64,806.2535,1064.4456,0.83,1869.1403839999998,57.83549971571336
drag1,44,550.4903,1330.3071,0.68,1948.973154,62.25905820256356
drag1,38,556.48474,1049.0618,0.71,1550.421077,71.21008182792063
drag1,67,809.2507,1356.5295,0.69,1448.2306919999999,76.77759798347965
drag1,9,393.63553,791.5877,0.78999996,1706.180615,86.31148806657525
drag1,53,118.82901,1057.4492,0.78999996,1305.412539,70.45265710333976
drag1,16,396.63275,1061.9886,0.75,1561.6051539999999,77.8257202056638
drag1,52,111.89639,785.5908,0.65,1346.71,83.92100226974101
drag1,74,974.0981,849.05774,0.84999996,2634.407539,68.59601319615712
drag1,17,693.265,1081.4368,0.77,1397.627462,61.120150263519534
drag1,75,963.37964,1100.1554,0.65999997,1406.905154,78.9856490510926
drag1,7,719.334,809.5783,0.79999995,1989.8236929999998,65.47950712316656
drag1,70,965.4986,250.86934,0.91999996,1641.91077,75.80494165160621
drag1,8,712.83997,505.73657,0.90999997,1744.163539,73.34418990206973
drag1,13,677.3728,244.87245,0.77,1509.301154,73.49902978229984
drag1,71,974.0981,487.83188,0.93,1397.477461,80.02943180198537
drag1,78,965.1064,1374.5454,0.77,1556.4421539999998,47.171875
drag1,83,708.3441,1622.155,0.78999996,1370.063384,51.218097869430586
drag1,21,692.35895,1378.2821,0.71999997,1246.2223079999999,72.81170293523671
drag1,85,973.099,1648.1416,0.64,1283.288615,54.48616545120598
drag1,19,684.36633,1215.1709,0.7,1966.745616,71.24737554851554
drag1,77,958.11285,1502.2175,0.81,1071.559077,43.683587866307484
drag1,76,965.1064,1241.3534,0.65999997,1507.769001,86.48013761954871
drag1,23,691.35986,1496.2207,0.66999996,1674.562,63.21202729942593
drag1,15,713.3395,74.96095,0.71999997,2765.954846,65.72166529595832
drag1,69,913.1545,344.8204,0.77,2218.515846,69.27588123859357
drag1,11,677.97986,339.823,0.9,1713.5645379999999,77.13194646550662
drag1,68,957.1138,80.95783,0.93,2346.6079999999997,104.28011212528014
drag1,21,668.71356,1379.6143,0.95,2488.744538,54.71559531594473
drag1,75,961.1101,1085.4347,0.9,1286.288615,88.86494460157479
drag1,17,710.3423,1083.4357,0.77,1468.273154,77.11582985667327
drag1,78,968.10364,1338.303,0.76,1256.1850769999999,74.35809850839544
drag1,54,117.89084,1221.3639,0.66999996,2242.073538,87.0771287979321
drag1,22,390.6383,1456.2415,0.90999997,1561.463692,72.17526836944539
drag1,18,390.6383,1259.3441,0.64,1534.3996929999998,74.8212210216335
drag1,55,115.89269,1475.2316,0.81,1685.7813079999999,96.57841107659428
drag1,67,831.2344,1364.2894,0.78999996,2418.850692,73.37956799020155
drag1,82,538.5014,1634.1488,0.79999995,2697.183461,57.136784659210946
drag1,84,810.24976,1672.129,0.71,1511.0983079999999,70.11917979276328
drag1,44,567.47455,1374.2842,0.7,1816.6747699999999,81.59075937468711
drag1,38,533.43445,1103.497,0.65999997,1184.140923,86.04617909827081
drag1,45,293.96143,1335.3044,0.69,1570.319538,76.4895662660099
drag1,44,538.5014,1354.2946,0.72999996,1326.9643079999998,66.31418723403984
drag1,39,249.76874,1090.432,0.66999996,1509.2976919999999,64.88348508597619
drag1,56,117.89084,1350.2966,0.78,1480.107384,70.80367082473913
drag1,81,367.65958,1635.1483,0.78999996,1612.9769999999999,76.16188763844694
drag1,20,401.6281,1383.2795,0.68,1001.283769,64.01772729367207
drag1,79,126.882515,1613.1598,0.68,1468.759077,76.12886728205238
drag1,33,542.4977,642.6653,0.69,1743.425231,72.92747761714946
drag1,35,258.7604,908.5268,0.81,1970.4981539999999,77.43556876773016
drag1,34,530.5088,916.52264,0.9,1388.251923,79.88803520629288
drag1,32,261.25806,663.15454,0.84,1458.003231,87.69436680479257
drag1,9,404.62534,803.5814,0.71,1061.029077,50.51938942258343
drag1,8,687.7216,547.0735,0.78,1571.338231,80.50029182207649
drag1,6,396.63275,513.7324,0.76,1664.1773079999998,69.20461505564003
drag1,7,676.3737,773.59705,0.7,1500.985385,77.15959158641397
drag1,14,383.64478,78.95887,0.76,1755.481231,89.1665095394686
drag1,47,136.12645,319.8334,0.89,1245.8029999999999,75.11258472759327
drag1,46,106.90102,98.94846,0.75,958.240692,80.03841303246408
drag1,10,398.07657,360.2575,0.78999996,1305.688154,64.96553612528977
drag1,4,656.3922,586.6944,0.76,2016.785308,87.36393737589225
drag1,73,936.13324,887.6685,0.83,1387.4155389999999,74.0426469825801
drag1,72,949.1212,670.6507,0.63,1327.2438459999998,64.36008462230467
drag1,3,684.36633,920.52057,0.7,1345.0365379999998,69.13381945042357
scale1,27,-4.3060055,2276.383461
scale1,46,-10.384535,2422.855462
scale1,26,-9.266264,3194.1579239999996
scale1,4,-14.102772,3247.344616
scale1,43,-2.2448673,3297.478846
scale1,25,-3.841507,1953.341539
scale1,42,-5.178646,3685.01777
scale1,23,-9.543669,2930.079308
scale1,5,-10.262209,3156.236462
scale1,24,3.697998,2348.096846
scale1,19,-142.69626,2920.3541539999997
scale1,2,-142.3331,3044.173692
scale1,44,-3.6968136,2725.2237689999997
scale1,65,-6.505348,2136.419923
scale1,45,-17.371634,2981.775
scale1,28,-4.8666687,2989.323231
scale1,13,-9.085402,2733.825
scale1,56,-134.80664,3824.4169239999997
scale1,40,-4.5714283,2018.163384
scale1,41,-4.1307907,2543.408077
scale1,6,0.8148079,2594.008539
scale1,51,-11.49539,2684.5436919999997
scale1,36,-8.118296,2543.518462
scale1,21,-11.016661,2829.438462
scale1,8,-10.249609,3563.0286149999997
scale1,57,-7.3137016,3185.7215389999997
scale1,39,-9.150513,2553.677616
scale1,9,-11.298872,3459.309308
scale1,58,19.831146,2706.173616
scale1,47,-3.2971687,2582.359923
scale1,1,-25.776346,3450.8463079999997
scale1,35,-8.187286,3307.0553849999997
scale1,3,-17.374569,4164.985615
scale1,17,-4.055706,3797.568692
scale1,53,-4.8918,3615.1525389999997
scale1,34,-12.492914,2869.012538
scale1,18,-7.2096405,2602.9355379999997
scale1,50,-140.96826,4190.137616
scale1,62,8.66169,1530.499769
scale1,66,-2.1590023,1552.960077
scale1,20,-3.2492065,2870.6873849999997
scale1,37,-0.7093735,2043.310078
scale1,32,-3.123705,1540.767693
scale1,31,-1.3940792,4371.257
scale1,49,-8.61668,2543.074538
scale1,7,-45.044666,6543.648309
scale1,15,-10.217646,2778.205308
scale1,10,-17.414995,2533.719846
scale1,60,-17.414995,42.293385
scale1,63,-12.741051,2070.858615
scale1,59,-12.741051,41.430616
scale1,55,-144.0,1570.049846
scale1,14,-11.208286,1654.69077
scale1,12,-11.721674,2551.394769
scale1,54,-5.7396183,1359.8986149999998
scale1,52,-3.8360138,1705.6687689999999
scale1,48,-9.059429,1838.765615
scale1,30,-1.4477577,1583.466923
scale1,16,1.2196198,1686.216692
scale1,11,-14.493559,1991.562154
scale1,61,-7.557478,1981.677616
scale1,38,-3.087141,1951.3226149999998
scale1,29,-12.952795,2053.013462
scale1,64,-5.352848,1949.219539
scale1,22,-0.7339382,1910.685385
scale1,33,-3.9127464,2062.9866159999997
scale2,25,-6.108696,1906.4784619999998
scale2,9,-20.68467,3094.053692
scale2,28,-18.348873,3124.990923
scale2,10,9.030487,2533.38877
scale2,29,-97.84233,5095.343616
scale2,12,-17.79265,3238.140539
scale2,30,-21.70119,3859.880769
scale2,13,-22.487595,4779.675539
scale2,32,-27.334797,3360.280308
scale2,15,-12.380161,4851.1729239999995
scale2,34,-34.524406,4268.4658469999995
scale2,17,-26.904396,3943.1948469999998
scale2,1,-27.3353,3767.3546149999997
scale2,20,-126.254196,6928.466077
scale2,3,-15.419718,3657.8959999999997
scale2,24,-14.705383,3340.301615
scale2,16,-35.39937,4391.614
scale2,2,-7.401409,3062.10777
scale2,23,-18.363224,2144.894154
scale2,7,16.33421,2573.598846
scale2,11,-1.2886848,2348.248846
scale2,14,-10.67807,3084.250692
scale2,26,-3.3019009,3373.3501539999997
scale2,35,-19.170021,3585.734001
scale2,21,-0.61771774,5289.823154
scale2,22,-6.0011272,4226.75477
scale2,27,-6.0925827,4403.984385
scale2,36,-9.317316,4703.592076999999
scale2,31,-19.268211,5648.101154999999
scale2,19,-76.94369,6567.832923
scale2,4,-13.310137,5016.028462
scale2,8,-52.357716,5698.097307999999
scale2,5,9.078072,5168.728231
scale2,33,2.1628933,5006.275308
scale2,18,-15.6171055,2943.971923
scale2,6,-3.0168972,3513.118693
rotate1,9,0.3807068,5077.471385
rotate1,4,1.4888382,5179.693615
rotate1,13,0.30584526,4299.357231
rotate1,6,-0.9001579,4700.053154
rotate1,15,-1.6597042,3321.3989239999996
rotate1,2,1.0784588,4848.598616
rotate1,10,0.96906567,5232.700922999999
rotate1,5,0.96066093,3503.170615
rotate1,14,3.9785519,3526.0502309999997
rotate1,8,0.66424465,4126.663077
rotate1,11,1.5702267,2389.9591539999997
rotate1,7,2.5608406,4076.3424619999996
rotate1,1,-1.7523537,2624.910077
rotate1,12,0.14510918,3756.324154
rotate1,3,1.0902557,5417.204
rotate2,2,0.23123932,3864.573923
rotate2,13,-0.3272705,3732.58077
rotate2,8,-1.2476883,3647.076231
rotate2,3,-0.3354416,3782.9017689999996
rotate2,7,1.4042053,3492.643616
rotate2,12,1.7714081,4394.617385
rotate2,1,-0.3686905,3190.116231
rotate2,11,-0.5629883,5435.951923
rotate2,6,-0.5190964,3594.058846
rotate2,10,-0.07312775,3443.571461
rotate2,5,-0.519516,2953.582846
rotate2,15,-1.7280579,6240.993614999999
rotate2,9,-2.7113266,4466.502769
rotate2,4,0.13812256,3106.912231
rotate2,14,-0.021560669,2513.101539
tap1,2,288,642,407.62256,716.6267,0.78,1567299645463
tap1,3,576,930,702.3497,998.4799,0.77,1567299646232
tap1,4,576,642,676.3737,745.61163,0.97999996,1567299646998
tap1,5,288,930,370.6568,1022.46747,0.72999996,1567299647794
tap1,9,288,786,425.60593,845.5596,0.96,1567299648539
tap1,17,576,1074,652.39594,1191.3795,0.78999996,1567299649315
tap1,16,288,1074,369.6577,1149.4014,0.76,1567299650009
tap1,7,576,786,692.35895,866.54865,0.96999997,1567299650795
tap1,4,576,642,691.35986,706.63196,1.04,1567299652459
tap1,10,288,354,369.6577,436.7725,0.95,1567299653511
tap1,2,288,642,401.6281,718.6257,0.93,1567299654664
tap1,11,576,354,658.3904,440.77042,0.9,1567299657172
tap1,4,576,642,682.36816,710.6299,0.79999995,1567299657859
tap1,18,288,1218,377.65033,1254.3467,0.95,1567299658686
tap1,2,288,642,401.6281,721.62415,1.1,1567299660197
tap1,19,576,1218,726.32745,1282.332,0.78,1567299661851
tap1,13,576,210,679.371,301.84277,1.02,1567299662933
tap1,6,288,498,379.64847,565.7053,1.12,1567299663760
tap1,12,288,210,399.62997,242.8735,1.1,1567299664444
tap1,8,576,498,671.37836,544.7163,0.93,1567299665046
tap1,19,576,1218,674.3756,1292.3269,0.87,1567299665791
tap1,22,288,1506,376.65125,1530.203,0.79999995,1567299666485
tap1,18,288,1218,393.63553,1271.3378,0.78999996,1567299667220
tap1,23,576,1506,656.3922,1552.1915,0.71999997,1567299668057
tap1,14,288,66,404.62534,141.92607,1.0,1567299669170
tap1,11,576,354,649.3987,472.75375,0.78999996,1567299669935
tap1,10,288,354,358.6679,415.78345,0.95,1567299670661
tap1,15,576,66,682.36816,139.92712,0.87,1567299671518
tap1,17,576,1074,680.37006,1121.4159,0.88,1567299672181
tap1,20,288,1362,402.6272,1394.2738,0.81,1567299672937
tap1,21,576,1362,689.3617,1440.2499,0.87,1567299673692
tap1,16,288,1074,371.65588,1148.4019,0.85999995,1567299674407
tap1,9,288,786,392.63644,845.5596,0.83,1567299675101
tap1,8,576,498,668.3811,578.6986,0.96,1567299675806
tap1,6,288,498,406.6235,593.6908,0.83,1567299676490
tap1,7,576,786,692.35895,849.5575,0.95,1567299677163
tap1,24,144,66,274.7456,122.93597,1.0699999,1567299678082
tap1,26,432,354,550.4903,418.78186,1.0699999,1567299678858
tap1,27,144,354,240.77705,442.76938,1.03,1567299679634
tap1,25,432,66,529.5097,163.91463,1.02,1567299680369
tap1,66,720,1506,755.30066,1542.1968,0.84,1567299681247
tap1,41,432,1218,519.519,1345.2993,0.94,1567299681901
tap1,42,432,1506,505.53192,1608.1624,0.81,1567299682523
tap1,65,720,1218,833.2285,1282.332,0.84999996,1567299683166
tap1,36,144,786,243.77429,819.5731,0.79999995,1567299684075
tap1,38,432,1074,580.4625,1165.393,0.78,1567299684790
tap1,39,144,1074,230.78632,1155.3982,0.76,1567299685484
tap1,37,432,786,536.50323,873.545,0.53999996,1567299686148
tap1,16,288,1074,391.6374,1126.4133,0.85999995,1567299686811
tap1,56,0,1362,127.88159,1425.2577,0.71,1567299687577
tap1,20,288,1362,384.64386,1418.2612,0.81,1567299688210
tap1,53,0,1074,118.889915,1140.406,0.7,1567299688996
tap1,59,720,210,834.2276,280.85373,0.97999996,1567299689772
tap1,30,432,498,518.5199,594.69025,0.88,1567299690446
tap1,29,432,210,540.4995,312.83707,1.09,1567299691201
tap1,60,720,498,819.24146,536.72046,0.93,1567299691854
tap1,33,432,642,503.53375,744.6122,0.9,1567299692600
tap1,62,720,930,837.2248,993.48254,0.93,1567299693233
tap1,61,720,642,814.2461,725.6221,0.93,1567299693957
tap1,34,432,930,513.52454,1009.4742,0.93,1567299694652
tap1,6,288,498,406.6235,566.70483,1.11,1567299695448
tap1,48,0,210,130.87881,274.85684,1.09,1567299696234
tap1,12,288,210,424.60684,296.8454,1.03,1567299696938
tap1,49,0,498,86.91952,562.7069,1.04,1567299697734
tap1,51,0,930,109.89824,1010.4737,0.93,1567299698459
tap1,2,288,642,386.642,754.60693,0.89,1567299699174
tap1,5,288,930,370.6568,1032.4623,0.96,1567299699991
tap1,50,0,642,144.86586,717.6262,1.01,1567299700817
tap1,37,432,786,529.5097,859.5523,0.96999997,1567299701512
tap1,64,720,1074,796.2627,1105.4242,0.93,1567299702237
tap1,38,432,1074,552.48846,1192.3789,0.85999995,1567299702890
tap1,63,720,786,823.23773,841.56165,0.88,1567299703635
tap1,29,432,210,530.5088,260.86414,0.94,1567299704421
tap1,31,144,498,252.76596,572.7017,0.84,1567299705167
tap1,28,144,210,248.76965,282.85266,1.0,1567299705943
tap1,30,432,498,550.4903,593.6908,0.96999997,1567299706555
tap1,42,432,1506,531.5079,1488.2249,0.59,1567299707301
tap1,40,144,1218,255.76318,1247.3503,0.77,1567299707954
tap1,41,432,1218,563.4783,1285.3306,0.79999995,1567299708587
tap1,43,144,1506,239.77798,1547.1941,0.81,1567299709312
tap1,45,144,1362,273.74652,1439.2504,0.57,1567299709985
tap1,82,432,1650,521.5171,1696.1166,0.53,1567299710761
tap1,80,144,1650,225.79094,1703.1129,0.83,1567299711568
tap1,44,432,1362,519.519,1531.2025,0.82,1567299712426
tap1,57,720,66,840.22205,220.88495,0.71,1567299713385
tap1,26,432,354,502.5347,426.7777,0.91999996,1567299714090
tap1,58,720,354,823.23773,393.7949,0.95,1567299714774
tap1,25,432,66,522.5162,162.91515,0.96999997,1567299715570
tap1,64,720,1074,838.2239,1137.4076,0.81,1567299716346
tap1,44,432,1362,533.50604,1454.2426,0.71,1567299717010
tap1,38,432,1074,562.4792,1138.4071,0.94,1567299717684
tap1,67,720,1362,798.26086,1442.2488,0.83,1567299718470
tap1,9,288,786,394.6346,822.57153,0.96,1567299719246
tap1,53,0,1074,126.882515,1161.395,0.48999998,1567299720011
tap1,16,288,1074,424.60684,1116.4185,0.69,1567299720695
tap1,52,0,786,145.86494,827.569,1.01,1567299721472
tap1,74,864,786,951.1193,863.55023,0.79999995,1567299722635
tap1,17,576,1074,715.33765,1153.3993,0.93,1567299723309
tap1,75,864,1074,996.0777,1132.4102,0.88,1567299724146
tap1,7,576,786,698.3534,859.5523,1.0799999,1567299724922
tap1,38,288,66,357.66882,155.9188,1.0,1567299725922
tap1,45,0,354,98.90842,429.77615,1.09,1567299726739
tap1,44,0,66,129.87975,155.9188,1.12,1567299727607
tap1,39,288,354,385.6429,450.76523,0.91999996,1567299728403
tap1,14,288,1506,394.6346,1567.1837,0.87,1567299729251
tap1,47,0,1794,123.88529,1790.0676,0.78999996,1567299730047
tap1,46,0,1506,120.88807,1540.1978,0.93,1567299730833
tap1,10,288,1794,410.6198,1801.0619,0.9,1567299731507
tap1,22,864,210,972.0999,285.8511,1.17,1567299732579
tap1,86,576,498,674.3756,559.7085,1.15,1567299733345
tap1,55,576,210,690.3608,246.87141,1.05,1567299734070
tap1,88,864,498,996.0777,599.6876,1.03,1567299734754
tap1,70,864,1362,939.13043,1403.269,0.96,1567299735427
tap1,8,576,1650,658.3904,1780.0729,1.03,1567299736142
tap1,13,576,1362,679.371,1463.2379,1.06,1567299736775
tap1,71,864,1650,950.12024,1703.1129,0.88,1567299737428
tap1,78,576,1218,709.3432,1291.3274,1.05,1567299738113
tap1,83,864,1506,943.1267,1585.1743,0.87,1567299738878
tap1,21,864,1218,975.09717,1256.3456,1.03,1567299739552
tap1,85,576,1506,672.37744,1556.1895,0.90999997,1567299740308
tap1,19,576,66,704.34784,104.945335,1.09,1567299741349
tap1,77,864,354,999.07495,382.80063,1.02,1567299741992
tap1,76,576,354,690.3608,437.77197,1.03,1567299742717
tap1,23,864,66,991.08234,149.9219,1.13,1567299743401
tap1,15,576,1362,726.32745,1392.2748,1.04,1567299744249
tap1,69,864,1074,987.08606,1126.4133,1.17,1567299745494
tap1,11,576,1074,668.3811,1179.3857,1.03,1567299746219
tap1,68,864,1362,930.1388,1465.2368,1.05,1567299746954
tap1,21,0,1218,121.887146,1286.33,0.90999997,1567299747873
tap1,75,288,1506,392.63644,1570.1821,0.78999996,1567299748701
tap1,17,288,1218,382.6457,1291.3274,0.84999996,1567299749426
tap1,78,0,1506,125.88344,1530.203,0.75,1567299750262
tap1,54,576,642,726.32745,691.6398,1.04,1567299751059
tap1,22,864,930,999.07495,1021.46796,0.91999996,1567299751896
tap1,18,864,642,966.10547,711.62933,1.04,1567299752600
tap1,55,576,930,677.3728,1004.4768,1.02,1567299753366
tap1,4,576,1794,660.38855,1839.0421,0.42999998,1567299754202
tap1,73,864,1506,931.1378,1580.177,0.88,1567299755173
tap1,72,576,1506,712.34045,1568.1832,0.96999997,1567299755836
tap1,3,864,1794,947.12305,1787.0692,0.71999997,1567299756571
tap1,90,720,1362,852.21094,1393.2743,0.9,1567299757265
tap1,77,432,1650,512.52545,1712.1083,0.89,1567299758072
tap1,23,720,1650,841.22107,1705.1119,0.78,1567299758766
tap1,92,432,1362,554.4866,1459.24,0.74,1567299759501
tap1,67,432,1074,567.47455,1166.3925,0.88,1567299760175
tap1,82,144,1362,265.75394,1413.2639,0.88,1567299760900
tap1,84,432,1362,555.48566,1430.255,1.0,1567299761564
tap1,44,144,1074,266.75302,1134.4092,0.96999997,1567299762340
tap1,38,432,1506,567.47455,1506.2155,0.78,1567299763065
tap1,45,144,1794,243.77429,1822.051,0.71999997,1567299763789
tap1,44,432,1794,565.47644,1830.0468,0.72999996,1567299764504
tap1,39,144,1506,258.7604,1565.1848,0.89,1567299765331
tap1,42,432,1506,512.52545,1563.1858,0.95,1567299766015
tap1,87,720,1794,804.2553,1799.063,0.56,1567299766771
tap1,89,432,1794,494.54208,1826.0488,0.84,1567299767568
tap1,43,720,1506,829.2322,1591.1713,0.97999996,1567299768180
tap1,42,0,1362,122.886215,1418.2612,0.58,1567299769181
tap1,91,288,1650,444.58835,1689.1202,0.81,1567299769865
tap1,89,288,1362,386.642,1455.2421,0.83,1567299770549
tap1,66,0,1650,111.89639,1702.1134,0.79999995,1567299771325
tap1,56,432,642,548.4921,768.5997,0.71,1567299772162
tap1,81,144,930,249.76874,978.49036,0.9,1567299772826
tap1,20,432,930,547.49304,952.5039,0.96,1567299773520
tap1,79,144,642,228.78816,739.61475,0.93,1567299774265
tap2,6,138,480,205.80943,516.73083,0.79999995,1567299806082
tap2,7,759,1101,828.2331,1124.4143,0.79999995,1567299807034
tap2,8,138,1101,218.79741,1148.4019,0.78,1567299807993
tap2,9,759,480,800.25903,522.7277,0.93,1567299808871
tap2,164,0,687,72.93247,737.6158,0.82,1567299809871
tap2,183,621,1308,667.3821,1306.3196,0.69,1567299810882
tap2,182,0,1308,71.933395,1306.3196,0.63,1567299811780
tap2,163,621,687,688.3626,713.6283,0.59999996,1567299812597
tap2,242,345,66,398.6309,135.9292,0.9,1567299813536
tap2,243,552,1032,613.432,1055.4503,0.64,1567299814373
tap2,244,345,1032,386.642,1034.4612,0.84,1567299815129
tap2,245,552,66,612.4329,122.93597,0.90999997,1567299816119
tap2,42,69,411,135.87419,457.76157,0.96,1567299817232
tap2,43,690,1032,752.3034,1063.446,0.69,1567299818079
tap2,45,690,411,752.3034,443.76886,0.85999995,1567299819059
tap2,44,69,1032,134.87512,1039.4586,0.77,1567299820049
tap2,322,345,756,404.62534,769.5991,0.84999996,1567299820897
tap2,321,483,1653,522.5162,1695.1171,0.82,1567299822040
tap2,316,345,1653,394.6346,1650.1405,0.71999997,1567299822990
tap2,323,483,756,535.50415,785.5908,0.85999995,1567299823909
tap2,2,138,549,216.79926,582.6965,0.83,1567299824838
tap2,3,759,1170,814.2461,1194.3779,0.72999996,1567299826033
tap2,4,138,1170,180.83257,1184.383,0.76,1567299827023
tap2,5,759,549,804.2553,563.70636,0.77,1567299827809
tap2,11,759,1032,815.2451,1064.4456,0.78,1567299828565
tap2,10,138,411,202.81221,450.76523,0.77,1567299829739
tap2,12,138,1032,189.82423,1058.4487,0.74,1567299830709
tap2,13,759,411,810.24976,451.7647,0.83,1567299831750
tap2,15,759,963,845.2174,985.4867,0.59999996,1567299832618
tap2,14,138,342,215.80019,382.80063,0.85999995,1567299833720
tap2,17,759,342,810.24976,386.79852,0.90999997,1567299834721
tap2,16,138,963,183.82979,955.5023,0.81,1567299835752
tap2,122,207,66,276.74374,115.93961,0.88,1567299837079
tap2,123,828,687,875.18964,695.6377,0.90999997,1567299838029
tap2,124,207,687,268.75116,718.6257,0.81,1567299839070
tap2,125,828,66,868.1961,102.94638,0.90999997,1567299840213
tap2,135,621,1170,687.3635,1180.3851,0.75,1567299841255
tap2,134,0,549,81.92415,574.7007,0.78999996,1567299842327
tap2,136,0,1170,74.93062,1183.3837,0.72999996,1567299843419
tap2,137,621,549,660.38855,589.6929,0.81,1567299844369
tap2,130,69,66,118.889915,122.93597,0.89,1567299845584
tap2,131,690,687,746.30896,692.6392,0.93,1567299846585
tap2,133,690,66,761.2951,102.94638,0.96999997,1567299847789
tap2,132,69,687,126.882515,673.6491,0.97999996,1567299848872
tap2,127,759,687,825.2359,736.61633,0.91999996,1567299849750
tap2,126,138,66,208.80666,104.945335,1.0,1567299850985
tap2,128,138,687,221.79463,706.63196,0.98999995,1567299852047
tap2,129,759,66,820.24054,108.94325,0.97999996,1567299853262
tap2,18,138,273,227.7891,299.8438,0.93,1567299854334
tap2,19,759,894,819.24146,938.51117,0.79999995,1567299855764
tap2,20,138,894,219.79648,916.52264,0.85999995,1567299856969
tap2,21,759,273,832.22943,287.85007,0.82,1567299857847
tap2,35,828,1170,897.1693,1205.3722,0.78,1567299858980
tap2,34,207,549,258.7604,590.6923,0.97999996,1567299860164
tap2,36,207,1170,278.7419,1224.3623,0.71999997,1567299861053
tap2,37,828,549,914.15356,583.696,0.76,1567299862073
tap2,26,138,135,187.82608,173.90942,0.84999996,1567299863145
tap2,27,759,756,817.2433,803.5814,0.72999996,1567299863973
tap2,28,138,756,194.81961,794.5861,0.83,1567299864902
tap2,29,759,135,818.2424,161.91566,0.90999997,1567299865821
tap2,43,690,1032,767.28955,1071.4419,0.65,1567299866627
tap2,42,69,411,116.89177,441.7699,0.74,1567299867720
tap2,45,690,411,732.3219,440.77042,0.79999995,1567299868608
tap2,44,69,1032,144.86586,1048.4539,0.71999997,1567299869639
tap2,24,138,825,183.82979,854.5549,0.81,1567299870589
tap2,25,759,204,807.25256,229.88026,0.87,1567299871426
tap2,22,138,204,219.79648,236.87662,0.76,1567299872386
tap2,23,759,825,805.2544,869.5471,0.7,1567299873274
tap2,38,69,480,140.86957,516.73083,0.84,1567299874356
tap2,39,690,1101,763.2933,1125.4138,0.66999996,1567299875377
tap2,40,69,1101,163.8483,1137.4076,0.68,1567299876429
tap2,41,690,480,741.3136,509.7345,0.72999996,1567299877501
tap2,33,690,549,736.31824,571.7022,0.84,1567299878563
tap2,32,69,1170,136.87326,1190.38,0.72999996,1567299879645
tap2,30,69,549,125.88344,581.697,0.72999996,1567299880503
tap2,31,690,1170,729.3247,1170.3904,0.72999996,1567299881503
tap2,46,69,342,138.87141,381.80115,0.78999996,1567299882524
tap2,47,690,963,729.3247,978.49036,0.72999996,1567299883423
tap2,48,69,963,121.887146,981.4888,0.66999996,1567299884341
tap2,49,690,342,732.3219,385.79904,0.74,1567299885271
tap2,108,276,963,336.68826,950.50494,0.72999996,1567299886088
tap2,231,897,1584,951.1193,1616.1582,0.58,1567299887568
tap2,230,276,1584,333.69104,1583.1754,0.7,1567299888507
tap2,107,897,963,961.1101,982.4883,0.66999996,1567299889385
tap2,143,621,1032,668.3811,1073.4409,0.76,1567299890243
tap2,232,0,1653,42.96022,1676.127,0.57,1567299891713
tap2,233,621,1653,671.37836,1648.1416,0.77,1567299892826
tap2,144,0,1032,78.92692,1055.4503,0.7,1567299893826
tap2,44,69,1032,113.89455,1078.4382,0.72999996,1567299894664
tap2,235,690,1653,736.31824,1687.1212,0.75,1567299895705
tap2,43,690,1032,752.3034,1076.4393,0.7,1567299896614
tap2,234,69,1653,109.89824,1681.1244,0.68,1567299898247
tap2,12,138,1032,181.83163,1046.455,0.7,1567299899196
tap2,237,759,1653,786.272,1695.1171,0.78999996,1567299900401
tap2,11,759,1032,822.23865,1071.4419,0.78,1567299901269
tap2,236,138,1653,197.81683,1678.126,0.59,1567299902300
tap2,238,207,1653,240.77705,1673.1285,0.72999996,1567299903199
tap2,67,828,1032,914.15356,1044.4559,0.78,1567299904087
tap2,68,207,1032,273.74652,1061.4471,0.65999997,1567299905078
tap2,239,828,1653,884.18134,1677.1265,0.64,1567299906017
tap2,104,276,1032,323.7003,1050.4529,0.68,1567299907038
tap2,241,897,1653,927.14154,1701.114,0.71,1567299908141
tap2,240,276,1653,318.7049,1695.1171,0.68,1567299909009
tap2,103,897,1032,995.0786,1051.4524,0.72999996,1567299909907
tap2,50,69,273,120.88807,287.85007,0.96999997,1567299911061
tap2,51,690,894,738.3164,897.53253,0.78,1567299911939
tap2,52,69,894,120.88807,918.5216,0.82,1567299912889
tap2,53,690,273,746.30896,318.83392,0.94,1567299914094
tap2,55,690,825,751.3043,873.545,0.77,1567299914962
tap2,54,69,204,144.86586,242.8735,0.96999997,1567299916197
tap2,56,69,825,114.893616,848.55804,0.83,1567299917198
tap2,57,690,204,757.2988,240.87454,0.96,1567299918332
tap2,59,690,756,768.28864,834.5653,0.84,1567299919271
tap2,58,69,135,145.86494,169.9115,0.91999996,1567299920384
tap2,61,690,135,749.3062,134.92972,0.85999995,1567299921384
tap2,60,69,756,87.918594,770.59863,0.83,1567299922395
tap2,62,207,480,262.7567,505.73657,0.89,1567299923355
tap2,63,828,1101,887.1785,1128.4122,0.69,1567299924427
tap2,64,207,1101,264.75485,1159.3961,0.71,1567299925530
tap2,65,828,480,894.17206,531.723,0.77,1567299926643
tap2,290,345,480,400.62906,513.7324,0.75,1567299927542
tap2,291,552,1446,601.4431,1492.2228,0.55,1567299928604
tap2,293,552,480,626.42,518.7298,0.68,1567299929523
tap2,292,345,1446,387.64108,1494.2217,0.52,1567299930533
tap2,141,621,480,697.3543,504.7371,0.76,1567299931330
tap2,295,414,1446,471.56335,1507.215,0.58,1567299932218
tap2,294,414,480,461.57263,509.7345,0.76,1567299933076
tap2,203,621,1446,660.38855,1505.216,0.58,1567299933903
tap2,297,483,1446,534.50507,1486.2258,0.56,1567299934873
tap2,41,690,480,746.30896,511.73346,0.76,1567299935853
tap2,296,483,480,553.4875,506.73605,0.74,1567299936752
tap2,205,690,1446,768.28864,1456.2415,0.7,1567299937661
tap2,319,414,1653,451.58188,1703.1129,0.64,1567299938549
tap2,325,552,756,621.4246,787.5898,0.76,1567299939427
tap2,324,414,756,474.5606,780.59344,0.71,1567299940254
tap2,315,552,1653,614.4311,1701.114,0.59,1567299941234
tap2,298,345,549,388.64014,606.684,0.88,1567299942245
tap2,299,552,1515,630.41626,1542.1968,0.58,1567299943174
tap2,301,552,549,611.43384,581.697,0.76,1567299944052
tap2,300,345,1515,394.6346,1529.2035,0.63,1567299944900
tap2,326,345,825,399.62997,845.5596,0.72999996,1567299945748
tap2,256,483,135,573.469,179.9063,0.71999997,1567299946646
tap2,250,345,135,419.61148,143.92503,0.78,1567299947565
tap2,327,483,825,523.51526,827.569,0.69,1567299948474
tap2,67,828,1032,890.1758,1059.4481,0.66999996,1567299949383
tap2,66,207,411,282.73822,459.76053,0.79999995,1567299950557
tap2,68,207,1032,270.7493,1059.4481,0.65,1567299951445
tap2,69,828,411,879.1859,452.76416,0.72999996,1567299952589
tap2,72,207,963,269.75024,984.48724,0.65999997,1567299953508
tap2,73,828,342,883.18225,374.80478,0.78999996,1567299954600
tap2,70,207,342,296.72525,373.8053,0.72999996,1567299955642
tap2,71,828,963,910.1573,986.4862,0.65999997,1567299956448
tap2,76,207,894,243.77429,914.5237,0.75,1567299957408
tap2,77,828,273,885.1804,315.83548,0.76,1567299958297
tap2,74,207,273,255.76318,302.84225,0.74,1567299959236
tap2,75,828,894,905.16187,912.5247,0.68,1567299960104
tap2,80,207,825,269.75024,858.5528,0.75,1567299961135
tap2,81,828,204,898.1684,249.86986,0.78999996,1567299962299
tap2,78,207,204,254.76411,238.87558,0.83,1567299963361
tap2,79,828,825,906.16095,835.5648,0.65999997,1567299964342
tap2,84,207,756,259.7595,766.6007,0.71,1567299965332
tap2,85,828,135,895.17114,187.90213,0.71999997,1567299966424
tap2,82,207,135,280.74005,144.92451,0.82,1567299967527
tap2,83,828,756,901.1656,795.58563,0.63,1567299968456
tap2,89,621,618,683.36725,642.6653,0.76,1567299969477
tap2,88,0,1239,62.94172,1274.3363,0.5,1567299970610
tap2,87,621,1239,653.395,1267.3398,0.62,1567299971468
tap2,86,0,618,91.914894,640.6663,0.59999996,1567299972499
tap2,305,483,1515,578.4644,1515.2108,0.59999996,1567299973633
tap2,33,690,549,744.31085,565.7053,0.78999996,1567299974429
tap2,304,483,549,550.4903,580.6975,0.52,1567299975338
tap2,215,690,1515,758.29785,1539.1982,0.59999996,1567299976287
tap2,309,552,618,617.4283,645.6637,0.65,1567299977094
tap2,308,345,1584,395.63367,1602.1655,0.52,1567299978054
tap2,307,552,1584,619.42645,1585.1743,0.47,1567299978912
tap2,306,345,618,424.60684,628.67255,0.68,1567299979800
tap2,258,345,204,442.5902,250.86934,0.76,1567299980841
tap2,331,483,894,566.47546,920.52057,0.63,1567299981791
tap2,330,345,894,407.62256,911.5252,0.66999996,1567299982669
tap2,264,483,204,539.5005,232.87871,0.83,1567299983823
tap2,223,621,1584,689.3617,1613.1598,0.53,1567299984905
tap2,310,414,618,472.56244,664.6538,0.66999996,1567299985773
tap2,89,621,618,663.38574,658.6569,0.65,1567299986590
tap2,311,414,1584,488.54764,1637.1473,0.56,1567299987734
tap2,261,552,204,627.41907,248.87038,0.78999996,1567299988704
tap2,322,345,756,399.62997,790.5882,0.59,1567299989592
tap2,262,414,204,487.54858,236.87662,0.75,1567299990603
tap2,333,552,894,622.4237,929.51587,0.66999996,1567299991501
tap2,312,483,618,557.4838,639.6668,0.71,1567299992492
tap2,225,690,1584,758.29785,1592.1707,0.48999998,1567299993441
tap2,93,690,618,746.30896,636.6684,0.63,1567299994279
tap2,313,483,1584,548.4921,1605.164,0.68,1567299995249
tap2,91,690,1239,763.2933,1271.3378,0.59999996,1567299996208
tap2,90,69,618,127.88159,638.66736,0.69,1567299997260
tap2,93,690,618,734.32007,644.66425,0.59999996,1567299998138
tap2,92,69,1239,152.85846,1249.3492,0.57,1567299999129
tap2,108,276,963,317.70584,989.4846,0.53,1567300000068
tap2,109,897,342,955.11566,403.78967,0.63,1567300001028
tap2,106,276,342,346.67902,369.80737,0.72999996,1567300002192
tap2,107,897,963,953.1175,989.4846,0.64,1567300003030
tap2,100,276,1101,337.68732,1159.3961,0.63,1567300004010
tap2,101,897,480,947.12305,512.7329,0.69,1567300004909
tap2,99,897,1101,957.1138,1129.4117,0.59999996,1567300005919
tap2,98,276,480,366.6605,499.73972,0.53999996,1567300006879
tap2,105,897,411,950.12024,452.76416,0.69,1567300007665
tap2,104,276,1032,332.69196,1067.444,0.61,1567300008584
tap2,102,276,411,353.67252,439.77094,0.72999996,1567300009748
tap2,103,897,1032,959.11194,1069.443,0.55,1567300010667
tap2,97,897,549,973.099,565.7053,0.59,1567300011505
tap2,96,276,1170,334.6901,1193.3784,0.58,1567300012495
tap2,94,276,549,339.6855,593.6908,0.69,1567300013547
tap2,95,897,1170,939.13043,1184.383,0.66999996,1567300014802
tap2,111,897,894,985.0879,904.5289,0.68,1567300015762
tap2,110,276,273,329.69473,320.8329,0.52,1567300016793
tap2,112,276,894,312.71045,908.5268,0.53,1567300017712
tap2,113,897,273,949.1212,331.82718,0.69,1567300018785
tap2,116,276,825,338.6864,845.5596,0.52,1567300019765
tap2,117,897,204,962.1092,263.86258,0.76,1567300020858
tap2,114,276,204,325.69843,254.86725,0.71,1567300022175
tap2,115,897,825,959.11194,833.56586,0.59999996,1567300023094
tap2,119,897,756,938.13135,747.6106,0.63,1567300023982
tap2,118,276,135,305.71692,166.91306,0.81,1567300025197
tap2,121,897,135,948.12213,182.90474,0.79999995,1567300026208
tap2,120,276,756,329.69473,776.5955,0.72999996,1567300027137
tap2,152,0,894,64.93987,907.5273,0.61,1567300028158
tap2,213,621,1515,653.395,1575.1796,0.55,1567300029078
tap2,212,0,1515,54.94912,1543.1962,0.45,1567300030058
tap2,151,621,894,680.37006,909.52625,0.62,1567300031038
tap2,56,69,825,128.88066,850.557,0.68,1567300031967
tap2,205,690,1446,714.33856,1479.2295,0.63,1567300032784
tap2,204,69,1446,111.89639,1475.2316,0.62,1567300033672
tap2,55,690,825,757.2988,826.56946,0.69,1567300034683
tap2,24,138,825,197.81683,862.5507,0.57,1567300035572
tap2,207,759,1446,838.2239,1495.2212,0.57,1567300036542
tap2,206,138,1446,195.8187,1484.2269,0.47,1567300037430
tap2,23,759,825,798.26086,870.5466,0.59,1567300038237
tap2,80,207,825,285.73544,843.5606,0.61,1567300039064
tap2,209,828,1446,895.17114,1457.241,0.59,1567300040187
tap2,208,207,1446,256.76227,1473.2327,0.58,1567300041086
tap2,79,828,825,886.17944,847.55853,0.58,1567300041801
tap2,115,897,825,942.1277,849.5575,0.69,1567300042842
tap2,210,276,1446,352.67346,1463.2379,0.42999998,1567300043741
tap2,116,276,825,346.67902,871.546,0.64,1567300044619
tap2,211,897,1446,969.10266,1482.228,0.56,1567300045936
tap2,203,621,1446,686.3645,1499.2191,0.61,1567300046732
tap2,156,0,825,78.92692,856.55383,0.68,1567300047825
tap2,202,0,1446,30.971323,1500.2186,0.41,1567300048866
tap2,155,621,825,673.3765,853.5554,0.71999997,1567300049765
tap2,52,69,894,128.88066,935.51276,0.59999996,1567300050786
tap2,215,690,1515,766.29047,1543.1962,0.63,1567300051971
tap2,51,690,894,751.3043,928.51636,0.72999996,1567300052921
tap2,214,69,1515,140.86957,1540.1978,0.65999997,1567300053962
tap2,216,138,1515,176.83626,1590.1718,0.68,1567300054861
tap2,19,759,894,837.2248,939.5106,0.69,1567300055759
tap2,217,759,1515,822.23865,1562.1863,0.78999996,1567300056597
tap2,20,138,894,191.82239,932.5143,0.84999996,1567300057771
tap2,141,621,480,673.3765,518.7298,0.9,1567300058721
tap2,140,0,1101,75.929695,1129.4117,0.66999996,1567300059650
tap2,138,0,480,51.951897,524.7267,0.65,1567300060835
tap2,139,621,1101,687.3635,1126.4133,0.74,1567300061733
tap2,142,0,411,54.94912,447.76678,0.66999996,1567300062785
tap2,143,621,1032,722.3312,1055.4503,0.7,1567300063622
tap2,144,0,1032,52.950974,1083.4357,0.57,1567300064562
tap2,145,621,411,703.34875,434.77356,0.84999996,1567300065665
tap2,148,0,963,80.92507,987.48566,0.77,1567300066624
tap2,149,621,342,676.3737,390.79645,0.81,1567300067676
tap2,147,621,963,668.3811,1006.47577,0.78999996,1567300068473
tap2,146,0,342,69.93524,351.81674,0.77,1567300069698
tap2,153,621,273,683.36725,278.85477,0.87,1567300070637
tap2,152,0,894,61.942646,910.52576,0.69,1567300071628
tap2,150,0,273,79.925995,307.83966,0.84999996,1567300072833
tap2,151,621,894,687.3635,945.5075,0.65,1567300073762
tap2,266,345,273,397.63184,325.8303,0.75,1567300074661
tap2,267,552,1239,637.4098,1286.33,0.69,1567300075478
tap2,269,552,273,594.4496,314.83603,0.83,1567300076376
tap2,268,345,1239,416.61426,1269.3389,0.75,1567300077152
tap2,271,414,1239,471.56335,1272.3373,0.68,1567300077959
tap2,153,621,273,678.3719,330.8277,0.84,1567300078908
tap2,270,414,273,483.55228,293.84695,0.78999996,1567300079725
tap2,87,621,1239,696.3552,1278.3342,0.76,1567300080654
tap2,91,690,1239,790.26825,1259.3441,0.65,1567300081492
tap2,272,483,273,551.4894,316.83496,0.79999995,1567300082411
tap2,273,483,1239,552.48846,1253.3472,0.76,1567300083289
tap2,53,690,273,766.29047,313.83655,0.84,1567300084167
tap2,277,552,342,633.4135,378.8027,0.83,1567300085106
tap2,276,345,1308,424.60684,1319.3129,0.68,1567300085934
tap2,274,345,342,423.6078,384.79956,0.9,1567300086965
tap2,275,552,1308,613.432,1331.3065,0.77,1567300087793
tap2,183,621,1308,693.35803,1334.305,0.74,1567300088527
tap2,278,414,342,486.5495,381.80115,0.82,1567300089559
tap2,149,621,342,680.37006,383.8001,0.76,1567300090335
tap2,279,414,1308,494.54208,1296.3248,0.71999997,1567300091295
tap2,281,483,1308,554.4866,1374.2842,0.71999997,1567300092050
tap2,49,690,342,777.2803,372.80582,0.82,1567300092796
tap2,280,483,342,543.49677,366.80893,0.88,1567300093694
tap2,185,690,1308,762.2942,1334.305,0.56,1567300094552
tap2,156,0,825,70.93432,843.5606,0.75,1567300095522
tap2,157,621,204,685.3654,230.87975,0.89,1567300096370
tap2,155,621,825,689.3617,849.5575,0.7,1567300097125
tap2,154,0,204,60.943573,229.88026,0.64,1567300098320
tap2,158,0,135,57.946346,169.9115,0.82,1567300099351
tap2,159,621,756,687.3635,767.6002,0.78999996,1567300100179
tap2,160,0,756,61.942646,758.60486,0.71,1567300101282
tap2,161,621,135,680.37006,157.91774,1.0,1567300102344
tap2,162,0,66,84.92137,109.94273,0.84999996,1567300104253
tap2,163,621,687,679.371,720.62463,0.83,1567300105183
tap2,164,0,687,58.94542,714.6278,0.75,1567300106285
tap2,165,621,66,694.35706,111.941696,0.78,1567300107919
tap2,169,897,66,929.1397,95.95003,0.93,1567300108879
tap2,168,276,687,337.68732,711.62933,0.84,1567300109880
tap2,166,276,66,350.6753,83.95627,0.83,1567300110962
tap2,167,897,687,959.11194,693.63873,0.76,1567300111943
tap2,170,138,618,172.83997,643.66473,0.89,1567300112953
tap2,171,759,1239,816.2442,1291.3274,0.78,1567300113832
tap2,173,759,618,810.24976,646.6632,0.84999996,1567300114781
tap2,172,138,1239,190.82332,1251.3483,0.82,1567300115680
tap2,177,828,618,921.1471,657.6575,0.83,1567300116558
tap2,176,207,1239,245.77243,1239.3545,0.82,1567300117447
tap2,174,207,618,264.75485,645.6637,0.88,1567300118366
tap2,175,828,1239,848.2146,1275.3357,0.84999996,1567300119346
tap2,133,690,66,770.2868,98.94846,0.96,1567300120653
tap2,249,483,1032,560.481,1091.4315,0.72999996,1567300121501
tap2,43,690,1032,768.28864,1080.4373,0.9,1567300122298
tap2,248,483,66,552.48846,110.942215,0.87,1567300123472
tap2,251,552,1101,626.42,1143.4044,0.71999997,1567300124360
tap2,250,345,135,436.59573,173.90942,0.95,1567300125443
tap2,252,345,1101,407.62256,1109.4221,0.77,1567300126311
tap2,253,552,135,614.4311,175.90837,0.95,1567300127271
tap2,254,414,135,501.5356,176.90785,0.94,1567300128149
tap2,139,621,1101,702.3497,1101.4263,0.72999996,1567300129170
tap2,161,621,135,682.36816,190.90057,0.9,1567300130120
tap2,255,414,1101,476.55875,1129.4117,0.71,1567300130886
tap2,178,276,618,319.70398,643.66473,0.85999995,1567300131662
tap2,179,897,1239,936.13324,1236.3561,0.88,1567300132591
tap2,181,897,618,964.1073,612.6809,0.82,1567300133418
tap2,180,276,1239,360.66605,1243.3524,0.77,1567300134327
tap2,132,69,687,105.90195,743.6127,0.85999995,1567300135185
tap2,185,690,1308,767.28955,1354.2946,0.82,1567300136196
tap2,184,69,1308,146.86401,1318.3134,0.68,1567300137084
tap2,131,690,687,803.2562,737.6158,0.78999996,1567300137830
tap2,127,759,687,839.22296,683.6439,0.77,1567300138565
tap2,187,759,1308,818.2424,1308.3186,0.74,1567300139362
tap2,186,138,1308,185.82794,1353.2952,0.69,1567300140219
tap2,126,138,66,209.80574,81.95731,1.01,1567300141475
tap2,123,828,687,904.16284,719.6252,0.71,1567300142252
tap2,188,207,1308,283.73727,1331.3065,0.68,1567300143140
tap2,124,207,687,288.73267,724.62256,0.87,1567300144151
tap2,189,828,1308,883.18225,1348.2977,0.64,1567300145448
tap2,317,552,687,618.42737,723.6231,0.85999995,1567300146275
tap2,316,345,1653,386.642,1684.1228,0.62,1567300147286
tap2,314,345,687,396.63275,714.6278,0.78999996,1567300148185
tap2,315,552,1653,610.4348,1646.1426,0.61,1567300149236
tap2,266,345,273,417.6133,305.8407,0.79999995,1567300150258
tap2,335,483,963,564.47736,986.4862,0.77,1567300151065
tap2,272,483,273,538.5014,320.8329,0.93,1567300152055
tap2,334,345,963,391.6374,971.494,0.76,1567300152923
tap2,318,414,687,486.5495,716.6267,0.85999995,1567300153791
tap2,233,621,1653,651.39685,1642.1447,0.78999996,1567300154690
tap2,163,621,687,673.3765,698.6361,0.77,1567300155517
tap2,319,414,1653,528.5106,1643.1442,0.59,1567300156232
tap2,269,552,273,647.4006,314.83603,0.83,1567300157212
tap2,336,414,963,470.5643,982.4883,0.81,1567300158019
tap2,337,552,963,607.43756,989.4846,0.87,1567300158785
tap2,270,414,273,512.52545,307.83966,0.9,1567300159755
tap2,168,276,687,328.69565,715.62726,0.83,1567300160623
tap2,191,897,1308,949.1212,1328.3081,0.7,1567300161634
tap2,167,897,687,953.1175,753.6075,0.82,1567300162594
tap2,190,276,1308,319.70398,1336.304,0.77,1567300163523
tap2,192,0,1377,48.954674,1398.2717,0.61,1567300164412
tap2,160,0,756,54.94912,779.59393,0.69,1567300165320
tap2,193,621,1377,662.38666,1421.2598,0.78999996,1567300166393
tap2,159,621,756,689.3617,798.58405,0.83,1567300167230
tap2,194,69,1377,122.886215,1376.2832,0.71999997,1567300168129
tap2,59,690,756,753.3025,809.5783,0.84,1567300168915
tap2,60,69,756,139.87048,816.5747,0.81,1567300169803
tap2,195,690,1377,748.3071,1455.2421,0.79999995,1567300170733
tap2,28,138,756,204.81036,779.59393,0.87,1567300171621
tap2,197,759,1377,845.2174,1405.2681,0.76,1567300172418
tap2,27,759,756,814.2461,793.5867,0.87,1567300173235
tap2,196,138,1377,224.79185,1362.2904,0.59999996,1567300174113
tap2,84,207,756,280.74005,806.5799,0.82,1567300175063
tap2,199,828,1377,867.197,1412.2644,0.69,1567300175900
tap2,83,828,756,890.1758,793.5867,0.82,1567300176636
tap2,198,207,1377,286.7345,1330.3071,0.74,1567300177514
tap2,200,276,1377,341.68362,1394.2738,0.71,1567300178423
tap2,119,897,756,986.087,774.59656,0.78,1567300179281
tap2,120,276,756,317.70584,780.59344,0.89,1567300180149
tap2,201,897,1377,960.111,1434.2529,0.72999996,1567300181292
tap2,242,345,66,408.62164,138.92764,0.72999996,1567300182691
tap2,347,966,687,1001.07306,715.62726,0.84,1567300183539
tap2,338,966,66,1004.0703,118.93805,0.96,1567300184887
tap2,314,345,687,435.59668,744.6122,0.74,1567300185745
tap2,322,345,756,386.642,752.608,0.89,1567300186634
tap2,339,966,135,1005.0694,173.90942,0.95,1567300187828
tap2,348,966,756,1006.0685,792.58716,0.89,1567300188635
tap2,250,345,135,434.5976,184.90369,1.0,1567300189728
tap2,258,345,204,416.61426,226.88182,0.91999996,1567300190627
tap2,349,966,825,1043.0342,904.5289,0.59,1567300191535
tap2,340,966,204,1003.0712,285.8511,1.01,1567300192618
tap2,326,345,825,444.58835,867.54816,0.84,1567300193476
tap2,330,345,894,398.6309,912.5247,0.84999996,1567300194324
tap2,341,966,273,1008.0666,309.83862,0.94,1567300195365
tap2,266,345,273,415.61517,306.84018,0.9,1567300196366
tap2,350,966,894,1019.05646,892.5351,0.82,1567300197428
tap2,76,207,894,271.74838,946.507,0.82,1567300198389
tap2,219,828,1515,890.1758,1579.1775,0.77,1567300199696
tap2,218,207,1515,262.7567,1536.1998,0.71999997,1567300200595
tap2,75,828,894,924.1443,944.50806,0.84,1567300201371
tap2,220,276,1515,343.68176,1528.204,0.77,1567300202351
tap2,111,897,894,950.12024,924.51843,0.77,1567300203127
tap2,112,276,894,321.70212,921.52,0.76,1567300204036
tap2,221,897,1515,976.0962,1572.1812,0.75,1567300205241
tap2,225,690,1584,764.2923,1594.1697,0.87,1567300206109
tap2,48,69,963,110.897316,979.4898,0.84999996,1567300207059
tap2,47,690,963,744.31085,1004.4768,0.89,1567300207887
tap2,224,69,1584,132.87697,1602.1655,0.74,1567300208897
tap2,165,621,66,652.39594,112.94118,0.93,1567300210103
tap2,247,414,1032,486.5495,1078.4382,0.71999997,1567300210991
tap2,143,621,1032,699.3525,1079.4377,0.76,1567300211768
tap2,246,414,66,486.5495,96.9495,1.05,1567300212932
tap2,15,759,963,840.22205,999.47943,0.66999996,1567300213698
tap2,226,138,1584,224.79185,1622.155,0.68,1567300214566
tap2,227,759,1584,842.22015,1597.1681,0.81,1567300215566
tap2,16,138,963,261.75763,924.51843,0.65,1567300216455
tap2,72,207,963,253.76503,1017.47003,0.78,1567300217364
tap2,229,828,1584,907.16003,1576.1791,0.81,1567300218273
tap2,71,828,963,908.1591,1004.4768,0.82,1567300219151
tap2,228,207,1584,281.73914,1622.155,0.69,1567300220459
tap2,242,345,66,409.62073,91.9521,0.90999997,1567300221847
tap2,243,552,1032,609.4357,1083.4357,0.75,1567300222695
tap2,244,345,1032,364.66235,1055.4503,0.77,1567300223594
tap2,245,552,66,635.4117,98.94846,1.04,1567300224871
tap2,148,0,963,73.93155,987.48566,0.76,1567300225912
tap2,223,621,1584,692.35895,1602.1655,0.84999996,1567300226883
tap2,147,621,963,722.3312,973.4929,0.84999996,1567300227659
tap2,222,0,1584,81.92415,1596.1686,0.71,1567300228568
tap2,252,345,1101,385.6429,1123.4149,0.82,1567300229395
tap2,344,966,480,1028.0481,573.7012,0.68,1567300230283
tap2,290,345,480,444.58835,509.7345,0.87,1567300231111
tap2,353,966,1101,1004.0703,1152.3998,0.65,1567300232316
tap2,345,966,549,1005.0694,632.6705,0.83,1567300233184
tap2,260,345,1170,434.5976,1174.3883,0.78999996,1567300234062
tap2,354,966,1170,1003.0712,1182.3842,0.81,1567300235308
tap2,298,345,549,421.60962,584.69543,0.91999996,1567300236309
tap2,346,966,618,1034.0426,648.6621,0.71999997,1567300237106
tap2,268,345,1239,395.63367,1236.3561,0.84,1567300237984
tap2,355,966,1239,994.0796,1236.3561,0.79999995,1567300238801
tap2,306,345,618,418.6124,666.6528,0.75,1567300239690
tap2,314,345,687,416.61426,715.62726,0.77,1567300240558
tap2,356,966,1308,1007.0675,1322.3113,0.82,1567300241528
tap2,347,966,687,1001.07306,716.6267,0.87,1567300242366
tap2,276,345,1308,455.5782,1295.3253,0.78999996,1567300243213
tap2,257,483,1101,593.4505,1099.4274,0.83,1567300243990
tap2,61,690,135,745.3099,178.90681,0.97999996,1567300244981
tap2,39,690,1101,752.3034,1133.4097,0.83,1567300245808
tap2,256,483,135,568.47363,196.89745,0.93,1567300246758
tap2,258,345,204,436.59573,256.8662,0.87,1567300247707
tap2,259,552,1170,622.4237,1204.3727,0.79999995,1567300248544
tap2,260,345,1170,373.65402,1197.3763,0.79999995,1567300249311
tap2,261,552,204,656.3922,248.87038,0.93,1567300250311
tap2,157,621,204,649.3987,232.87871,0.95,1567300251271
tap2,263,414,1170,470.5643,1215.367,0.81,1567300252119
tap2,262,414,204,515.52264,245.87193,0.91999996,1567300253140
tap2,135,621,1170,684.36633,1196.3768,0.78,1567300253926
tap2,244,345,1032,412.61795,1094.4299,0.68,1567300254682
tap2,361,966,1653,997.0768,1692.1187,0.71,1567300256163
tap2,352,966,1032,999.07495,1058.4487,1.0,1567300256991
tap2,316,345,1653,390.6383,1691.1191,0.78999996,1567300257961
tap2,282,345,411,439.59296,449.76575,0.91999996,1567300258880
tap2,283,552,1377,636.4107,1407.267,0.64,1567300259830
tap2,284,345,1377,402.6272,1424.2582,0.71,1567300260677
tap2,285,552,411,639.40796,466.7569,0.71999997,1567300261596
tap2,145,621,411,707.34503,450.76523,0.87,1567300262454
tap2,287,414,1377,484.55133,1431.2545,0.81,1567300263373
tap2,193,621,1377,683.36725,1428.2561,0.79999995,1567300264231
tap2,286,414,411,465.5689,406.78812,0.96,1567300265130
tap2,288,483,411,535.50415,429.77615,0.90999997,1567300265998
tap2,195,690,1377,773.284,1419.2607,0.79999995,1567300266785
tap2,289,483,1377,530.5088,1418.2612,0.79999995,1567300267510
tap2,45,690,411,763.2933,443.76886,0.97999996,1567300268470
tap2,31,690,1170,751.3043,1198.3759,0.78999996,1567300269277
tap2,264,483,204,572.4699,263.86258,0.97999996,1567300270329
tap2,57,690,204,746.30896,255.86673,0.93,1567300271248
tap2,265,483,1170,550.4903,1190.38,0.7,1567300272014
tap2,300,345,1515,428.60315,1572.1812,0.66999996,1567300272719
tap2,350,966,894,1026.0499,911.5252,0.69,1567300273546
tap2,330,345,894,402.6272,918.5216,0.87,1567300274383
tap2,359,966,1515,1002.07214,1554.1904,0.65,1567300275496
tap2,351,966,963,1013.062,970.4945,0.79999995,1567300276252
tap2,308,345,1584,404.62534,1625.1536,0.79999995,1567300277110
tap2,360,966,1584,987.08606,1552.1915,0.78,1567300278019
tap2,334,345,963,420.61053,980.4893,0.9,1567300278826
tap2,137,621,549,709.3432,595.68976,0.87,1567300279561
tap2,303,414,1515,508.52914,1554.1904,0.66999996,1567300280460
tap2,213,621,1515,698.3534,1554.1904,0.74,1567300281389
tap2,302,414,549,460.57355,572.7017,0.81,1567300282339
tap2,254,414,135,486.5495,195.89796,0.88,1567300283442
tap2,329,552,825,622.4237,869.5471,0.83,1567300284279
tap2,253,552,135,610.4348,177.90733,0.94,1567300285454
tap2,328,414,825,492.54395,840.5622,0.84999996,1567300286342
tap2,334,345,963,410.6198,989.4846,0.78,1567300287221
tap2,342,966,342,1007.0675,390.79645,0.88,1567300288354
tap2,274,345,342,426.605,391.79593,0.78999996,1567300289396
tap2,351,966,963,1021.05457,1021.46796,0.7,1567300290356
tap2,282,345,411,401.6281,464.75793,0.85999995,1567300291296
tap2,352,966,1032,1001.07306,1054.4508,0.77,1567300292164
tap2,343,966,411,1004.0703,478.75064,0.87,1567300293032
tap2,244,345,1032,415.61517,1042.457,0.85999995,1567300293870
tap2,322,345,756,418.6124,788.58923,0.84,1567300294615
tap2,357,966,1377,1051.0269,1387.2775,0.52,1567300295565
tap2,348,966,756,1006.0685,787.5898,0.88,1567300296351
tap2,284,345,1377,406.6235,1395.2733,0.82,1567300297168
tap2,292,345,1446,389.63922,1469.2347,0.69,1567300298006
tap2,349,966,825,1013.062,872.54553,0.77,1567300298751
tap2,326,345,825,411.61887,877.5429,0.81,1567300299527
tap2,358,966,1446,1007.0675,1467.2357,0.74,1567300300426
tap2,131,690,687,770.2868,750.609,0.82,1567300301284
tap2,321,483,1653,548.4921,1683.1233,0.68,1567300302223
tap2,320,483,687,546.494,723.6231,0.89,1567300303122
tap2,235,690,1653,739.3154,1697.1161,0.71999997,1567300304041
tap2,362,0,1722,75.929695,1719.1046,0.58,1567300305073
tap2,139,621,1101,682.36816,1151.4003,0.78999996,1567300305839
tap2,140,0,1101,64.93987,1125.4138,0.65,1567300306809
tap2,371,621,1722,687.3635,1734.0968,0.65999997,1567300307902
tap2,39,690,1101,759.29694,1142.405,0.72999996,1567300308678
tap2,363,69,1722,117.89084,1747.09,0.68,1567300309832
tap2,372,690,1722,755.30066,1764.0812,0.63,1567300310854
tap2,40,69,1101,119.88899,1133.4097,0.71,1567300311946
tap2,136,0,1170,53.950047,1200.3748,0.59,1567300312988
tap2,386,621,1791,644.4033,1835.0442,0.63,1567300314132
tap2,135,621,1170,704.34784,1163.394,0.76,1567300314908
tap2,377,0,1791,79.925995,1777.0743,0.55,1567300315858
tap2,31,690,1170,735.31915,1234.357,0.71999997,1567300316696
tap2,378,69,1791,157.85384,1759.0837,0.55,1567300317651
tap2,32,69,1170,157.85384,1198.3759,0.59999996,1567300318555
tap2,387,690,1791,739.3154,1784.0708,0.59999996,1567300319597
tap2,8,138,1101,205.80943,1122.4154,0.63,1567300320536
tap2,373,759,1722,827.2341,1728.0999,0.65999997,1567300321517
tap2,7,759,1101,832.22943,1059.4481,0.78999996,1567300322272
tap2,364,138,1722,208.80666,1713.1077,0.58,1567300323232
tap2,374,828,1722,897.1693,1770.078,0.63,1567300324376
tap2,64,207,1101,286.7345,1118.4175,0.71,1567300325316
tap2,365,207,1722,286.7345,1718.1051,0.58,1567300326388
tap2,63,828,1101,898.1684,1141.4055,0.69,1567300327165
tap2,379,138,1791,229.78723,1783.0713,0.59999996,1567300327961
tap2,3,759,1170,798.26086,1241.3534,0.77,1567300328717
tap2,4,138,1170,181.83163,1206.3717,0.7,1567300329657
tap2,388,759,1791,813.247,1807.0588,0.65,1567300330781
tap2,380,207,1791,268.75116,1834.0447,0.65999997,1567300331720
tap2,35,828,1170,868.1961,1180.3851,0.84999996,1567300332619
tap2,389,828,1791,913.1545,1798.0635,0.65,1567300333507
tap2,36,207,1170,277.74283,1198.3759,0.77,1567300334457
tap2,100,276,1101,345.67993,1127.4127,0.77,1567300335315
tap2,375,897,1722,948.12213,1757.0848,0.71,1567300336296
tap2,99,897,1101,955.11566,1111.4211,0.98999995,1567300337184
tap2,366,276,1722,332.69196,1742.0927,0.78999996,1567300338104
tap2,368,414,1722,466.568,1744.0916,0.76,1567300338839
tap2,159,621,756,671.37836,797.5846,0.79999995,1567300339830
tap2,371,621,1722,700.3515,1767.0796,0.71999997,1567300340677
tap2,324,414,756,477.55783,818.57367,0.75,1567300341678
tap2,96,276,1170,363.66327,1209.3701,0.7,1567300342475
tap2,390,897,1791,940.1295,1807.0588,0.65999997,1567300343568
tap2,95,897,1170,947.12305,1219.3649,0.75,1567300344415
tap2,381,276,1791,354.6716,1801.0619,0.65,1567300345273
tap2,385,552,1791,634.4126,1838.0426,0.64,1567300346162
tap2,326,345,825,399.62997,838.56323,0.9,1567300347061
tap2,382,345,1791,405.62442,1782.0718,0.64,1567300347918
tap2,329,552,825,605.4394,855.5544,0.87,1567300348674
tap2,323,483,756,520.51807,750.609,0.96999997,1567300349553
tap2,372,690,1722,761.2951,1779.0734,0.66999996,1567300350400
tap2,59,690,756,768.28864,810.5778,0.84,1567300351340
tap2,369,483,1722,566.47546,1752.0874,0.68,1567300352126
tap2,353,966,1101,1018.0574,1135.4086,0.69,1567300352923
tap2,367,345,1722,401.6281,1767.0796,0.66999996,1567300353751
tap2,252,345,1101,410.6198,1149.4014,0.7,1567300354558
tap2,376,966,1722,998.07587,1744.0916,0.61,1567300355762
tap2,383,414,1791,490.5458,1804.0603,0.65,1567300356570
tap2,155,621,825,705.3469,843.5606,0.88,1567300357489
tap2,328,414,825,464.56985,864.5497,0.79999995,1567300358367
tap2,386,621,1791,680.37006,1793.066,0.69,1567300359296
tap2,55,690,825,756.29974,873.545,0.85999995,1567300360144
tap2,384,483,1791,556.48474,1823.0504,0.68,1567300360941
tap2,327,483,825,523.51526,883.5398,0.93,1567300361870
tap2,387,690,1791,755.30066,1823.0504,0.62,1567300362667
