tap1,2,288,642,390.6383,754.60693,0.95,1567067004196
tap1,3,576,930,710.3423,1012.47266,0.63,1567067005006
tap1,4,576,642,622.4237,761.60333,0.63,1567067005669
tap1,5,288,930,385.6429,1016.4706,0.57,1567067006812
tap1,9,288,786,402.6272,875.54395,0.66999996,1567067007720
tap1,17,576,1074,697.3543,1163.394,0.61,1567067008547
tap1,16,288,1074,387.64108,1169.3909,0.76,1567067009231
tap1,7,576,786,697.3543,855.5544,0.66999996,1567067009955
tap1,4,576,642,667.3821,738.6153,0.77,1567067010629
tap1,10,288,354,402.6272,418.78186,0.59,1567067011578
tap1,2,288,642,408.62164,719.6252,0.74,1567067012354
tap1,11,576,354,678.3719,428.77667,0.84,1567067013211
tap1,4,576,642,686.3645,706.63196,0.65,1567067014140
tap1,18,288,1218,406.6235,1311.317,0.7,1567067015191
tap1,2,288,642,386.642,748.6101,0.78,1567067016110
tap1,19,576,1218,691.35986,1287.3295,0.64,1567067016967
tap1,13,576,210,660.38855,296.8454,1.01,1567067017834
tap1,6,288,498,395.63367,598.6882,0.7,1567067018610
tap1,12,288,210,387.64108,296.8454,0.63,1567067019702
tap1,8,576,498,699.3525,577.6991,0.93,1567067020417
tap1,19,576,1218,675.37463,1301.3221,0.59,1567067021172
tap1,22,288,1506,410.6198,1569.1827,0.47,1567067021998
tap1,18,288,1218,417.6133,1282.332,0.71999997,1567067022682
tap1,23,576,1506,646.4015,1580.177,0.65999997,1567067023468
tap1,14,288,66,379.64847,161.91566,1.09,1567067025060
tap1,11,576,354,728.3256,427.7772,0.82,1567067025805
tap1,10,288,354,447.58557,429.77615,0.7,1567067026540
tap1,15,576,66,689.3617,173.90942,0.9,1567067027510
tap1,17,576,1074,687.3635,1169.3909,0.71,1567067028347
tap1,20,288,1362,406.6235,1475.2316,0.64,1567067029163
tap1,21,576,1362,691.35986,1442.2488,0.82,1567067029919
tap1,16,288,1074,406.6235,1147.4023,0.98999995,1567067030674
tap1,9,288,786,405.62442,849.5575,0.78999996,1567067031358
tap1,8,576,498,707.34503,553.7116,0.79999995,1567067031929
tap1,6,288,498,371.65588,561.70746,0.93,1567067032593
tap1,7,576,786,724.32935,843.5606,0.63,1567067033328
tap1,24,144,66,277.74283,132.93076,0.96,1567067034256
tap1,26,432,354,557.4838,438.77145,0.89,1567067035165
tap1,27,144,354,234.78261,464.75793,1.02,1567067035767
tap1,25,432,66,543.49677,169.9115,1.02,1567067036471
tap1,66,720,1506,834.2276,1566.1842,0.57,1567067037614
tap1,41,432,1218,555.48566,1272.3373,0.64,1567067038410
tap1,42,432,1506,574.4681,1578.178,0.72999996,1567067039206
tap1,65,720,1218,845.2174,1319.3129,0.65999997,1567067040115
tap1,36,144,786,235.78168,857.55334,0.84999996,1567067040860
tap1,38,432,1074,534.50507,1136.4081,0.84,1567067041605
tap1,39,144,1074,251.76688,1148.4019,0.71999997,1567067042299
tap1,37,432,786,536.50323,870.5466,0.81,1567067042942
tap1,16,288,1074,367.65958,1164.3936,0.71999997,1567067043636
tap1,56,0,1362,92.91397,1469.2347,0.68,1567067044432
tap1,20,288,1362,402.6272,1447.2462,0.71,1567067045024
tap1,53,0,1074,105.90195,1171.3899,0.68,1567067045728
tap1,59,720,210,847.2156,262.8631,0.81,1567067046545
tap1,30,432,498,513.52454,592.6913,0.74,1567067047300
tap1,29,432,210,531.5079,297.84488,0.90999997,1567067048045
tap1,60,720,498,869.1952,568.7038,0.56,1567067048719
tap1,33,432,642,551.4894,718.6257,0.74,1567067049311
tap1,62,720,930,789.2692,1009.4742,0.65,1567067049944
tap1,61,720,642,847.2156,719.6252,0.77,1567067050617
tap1,34,432,930,549.4912,995.4815,0.56,1567067051291
tap1,6,288,498,403.62628,578.6986,0.78,1567067051995
tap1,48,0,210,128.88066,282.85266,0.96,1567067052812
tap1,12,288,210,392.63644,293.84695,0.78999996,1567067053536
tap1,49,0,498,92.91397,591.69183,0.79999995,1567067054394
tap1,51,0,930,128.88066,1015.47107,0.7,1567067055139
tap1,2,288,642,414.6161,733.61786,0.65,1567067055874
tap1,5,288,930,403.62628,1026.4653,0.71,1567067056537
tap1,50,0,642,135.87419,701.6345,0.66999996,1567067057333
tap1,37,432,786,552.48846,847.55853,0.59,1567067057987
tap1,64,720,1074,822.23865,1143.4044,0.58,1567067058803
tap1,38,432,1074,508.52914,1149.4014,0.7,1567067059406
tap1,63,720,786,816.2442,825.57,0.74,1567067060294
tap1,29,432,210,515.52264,241.87402,0.35999998,1567067061120
tap1,31,144,498,229.78723,609.68243,0.77,1567067061784
tap1,28,144,210,259.7595,290.8485,0.57,1567067062621
tap1,30,432,498,539.5005,571.7022,0.77,1567067063213
tap1,42,432,1506,543.49677,1596.1686,0.69,1567067064162
tap1,40,144,1218,234.78261,1327.3087,0.62,1567067064867
tap1,41,432,1218,559.48193,1275.3357,0.66999996,1567067065550
tap1,43,144,1506,273.74652,1556.1895,0.74,1567067066234
tap1,45,144,1362,261.75763,1452.2435,0.71,1567067066857
tap1,82,432,1650,554.4866,1733.0973,0.65999997,1567067067735
tap1,80,144,1650,255.76318,1720.1041,0.53999996,1567067068469
tap1,44,432,1362,544.49585,1443.2483,0.75,1567067069113
tap1,57,720,66,821.2396,145.924,1.03,1567067069980
tap1,26,432,354,521.5171,454.76312,0.42,1567067070807
tap1,58,720,354,825.2359,426.7777,0.65999997,1567067071501
tap1,25,432,66,539.5005,178.90681,0.74,1567067072318
tap1,64,720,1074,814.2461,1150.4008,0.56,1567067073104
tap1,44,432,1362,552.48846,1430.255,0.62,1567067073787
tap1,38,432,1074,563.4783,1152.3998,0.83,1567067074318
tap1,67,720,1362,842.22015,1439.2504,0.69,1567067075084
tap1,9,288,786,398.6309,868.5476,0.72999996,1567067075808
tap1,53,0,1074,102.90472,1157.3972,0.71999997,1567067076554
tap1,16,288,1074,408.62164,1148.4019,0.85999995,1567067077166
tap1,52,0,786,74.93062,871.546,0.89,1567067077911
tap1,74,864,786,942.1277,878.5424,0.79999995,1567067078799
tap1,17,576,1074,684.36633,1160.3956,0.77,1567067079391
tap1,75,864,1074,957.1138,1122.4154,0.42999998,1567067079993
tap1,7,576,786,719.334,845.5596,0.42,1567067080677
tap1,38,288,66,428.60315,134.92972,0.90999997,1567067081463
tap1,45,0,354,93.91304,433.77408,0.90999997,1567067082270
tap1,44,0,66,92.91397,147.92296,0.71999997,1567067083168
tap1,39,288,354,406.6235,450.76523,0.71,1567067083923
tap1,14,288,1506,415.61517,1596.1686,0.48,1567067084791
tap1,47,0,1794,134.87512,1872.0249,0.53999996,1567067085598
tap1,46,0,1506,96.91027,1546.1947,0.72999996,1567067086343
tap1,10,288,1794,367.65958,1871.0255,0.56,1567067087139
tap1,22,864,210,980.0925,279.85425,0.59999996,1567067088119
tap1,86,576,498,656.3922,557.70953,0.89,1567067088854
tap1,55,576,210,708.3441,269.85944,0.72999996,1567067089936
tap1,88,864,498,971.1008,514.7319,0.76,1567067090997
tap1,70,864,1362,963.1082,1446.2467,0.41,1567067091875
tap1,8,576,1650,690.3608,1737.0952,0.62,1567067092559
tap1,13,576,1362,690.3608,1445.2472,0.82,1567067093457
tap1,71,864,1650,978.09436,1750.0885,0.45999998,1567067094304
tap1,78,576,1218,688.3626,1256.3456,0.57,1567067095213
tap1,83,864,1506,977.0953,1603.165,0.58,1567067096152
tap1,21,864,1218,958.11285,1287.3295,0.65,1567067096775
tap1,85,576,1506,656.3922,1585.1743,0.65,1567067097479
tap1,19,576,66,689.3617,131.93129,0.71,1567067098439
tap1,77,864,354,958.11285,411.78552,0.53999996,1567067099153
tap1,76,576,354,649.3987,439.77094,0.69,1567067099970
tap1,23,864,66,971.1008,139.92712,0.77,1567067100991
tap1,15,576,1362,690.3608,1458.2405,0.52,1567067102042
tap1,69,864,1074,973.099,1141.4055,0.62,1567067102920
tap1,11,576,1074,669.3802,1140.406,0.56,1567067103583
tap1,68,864,1362,981.0916,1430.255,0.58,1567067104440
tap1,21,0,1218,96.91027,1300.3228,0.53,1567067105400
tap1,75,288,1506,389.63922,1593.1702,0.64,1567067106166
tap1,17,288,1218,374.6531,1259.3441,0.69,1567067106890
tap1,78,0,1506,157.85384,1589.1722,0.45999998,1567067107840
tap1,54,576,642,686.3645,711.62933,0.84,1567067108626
tap1,22,864,930,967.10455,1023.4669,0.59999996,1567067109402
tap1,18,864,642,935.13416,720.62463,0.71,1567067110045
tap1,55,576,930,664.3848,1015.47107,0.79999995,1567067110760
tap1,4,576,1794,680.37006,1862.0302,0.52,1567067111698
tap1,73,864,1506,980.0925,1517.2097,0.69,1567067112484
tap1,72,576,1506,705.3469,1556.1895,0.71,1567067113128
tap1,3,864,1794,965.1064,1880.0208,0.5,1567067113965
tap1,90,720,1362,822.23865,1440.2499,0.64,1567067114700
tap1,77,432,1650,543.49677,1727.1005,0.64,1567067115455
tap1,23,720,1650,837.2248,1702.1134,0.66999996,1567067116108
tap1,92,432,1362,543.49677,1426.2571,0.68,1567067116864
tap1,67,432,1074,536.50323,1143.4044,0.84,1567067117537
tap1,82,144,1362,245.77243,1439.2504,0.66999996,1567067118333
tap1,84,432,1362,540.4995,1449.2451,0.55,1567067118966
tap1,44,144,1074,247.77058,1133.4097,0.84999996,1567067119691
tap1,38,432,1506,555.48566,1594.1697,0.58,1567067120446
tap1,45,144,1794,245.77243,1832.0458,0.75,1567067121120
tap1,44,432,1794,555.48566,1843.04,0.59999996,1567067121753
tap1,39,144,1506,212.80296,1589.1722,0.76,1567067122468
tap1,42,432,1506,526.5125,1577.1785,0.56,1567067123172
tap1,87,720,1794,827.2341,1871.0255,0.59,1567067123999
tap1,89,432,1794,525.5134,1864.029,0.55,1567067124611
tap1,43,720,1506,828.2331,1567.1837,0.61,1567067125530
tap1,42,0,1362,77.92784,1437.2513,0.7,1567067126337
tap1,91,288,1650,397.63184,1726.101,0.68,1567067127011
tap1,89,288,1362,398.6309,1426.2571,0.83,1567067127715
tap1,66,0,1650,129.87975,1736.0957,0.5,1567067128552
tap1,56,432,642,518.5199,744.6122,0.79999995,1567067129379
tap1,81,144,930,243.77429,1001.4784,0.58,1567067130144
tap1,20,432,930,522.5162,989.4846,0.68,1567067130675
tap1,79,144,642,225.79094,726.6215,0.65,1567067131523
tap2,6,138,480,183.82979,511.73346,1.03,1567067223401
tap2,7,759,1101,815.2451,1139.4065,0.9,1567067224322
tap2,8,138,1101,237.77983,1109.4221,0.79999995,1567067225159
tap2,9,759,480,851.21185,529.72406,0.55,1567067226169
tap2,164,0,687,54.94912,751.6085,0.72999996,1567067227119
tap2,183,621,1308,653.395,1340.3019,0.69,1567067228007
tap2,182,0,1308,88.91767,1365.2888,0.78,1567067228956
tap2,163,621,687,672.37744,730.61945,0.76,1567067229782
tap2,242,345,66,386.642,116.939095,0.82,1567067231059
tap2,243,552,1032,626.42,1085.4347,0.81,1567067232090
tap2,244,345,1032,401.6281,1053.4513,0.84999996,1567067232825
tap2,245,552,66,637.4098,80.95783,0.89,1567067233927
tap2,42,69,411,159.85199,460.76,0.61,1567067234856
tap2,43,690,1032,736.31824,1095.4294,0.65999997,1567067235856
tap2,45,690,411,789.2692,455.7626,0.37,1567067236693
tap2,44,69,1032,136.87326,1089.4326,0.59999996,1567067237551
tap2,322,345,756,383.64478,811.5773,0.88,1567067238286
tap2,321,483,1653,506.531,1697.1161,0.58,1567067239317
tap2,316,345,1653,387.64108,1714.1072,0.57,1567067240369
tap2,323,483,756,561.4801,775.596,0.91999996,1567067241195
tap2,2,138,549,216.79926,582.6965,1.03,1567067242073
tap2,3,759,1170,817.2433,1219.3649,0.64,1567067243002
tap2,4,138,1170,180.83257,1221.3639,0.78,1567067243860
tap2,5,759,549,831.23035,552.7121,0.88,1567067244687
tap2,11,759,1032,829.2322,995.4815,0.53999996,1567067245340
tap2,10,138,411,218.79741,444.76834,0.90999997,1567067246412
tap2,12,138,1032,199.81499,1085.4347,0.72999996,1567067247331
tap2,13,759,411,857.2063,453.76364,0.91999996,1567067248178
tap2,15,759,963,868.1961,967.4961,0.76,1567067248913
tap2,14,138,342,241.77614,369.80737,0.75,1567067249781
tap2,17,759,342,822.23865,414.78397,0.7,1567067250608
tap2,16,138,963,204.81036,1029.4637,0.68,1567067251435
tap2,122,207,66,310.7123,110.942215,0.84,1567067252527
tap2,123,828,687,939.13043,748.6101,0.61,1567067253620
tap2,124,207,687,295.7262,727.62103,0.81,1567067254498
tap2,125,828,66,917.1508,133.93024,0.84999996,1567067255590
tap2,135,621,1170,688.3626,1219.3649,0.62,1567067256489
tap2,134,0,549,68.93617,577.6991,0.91999996,1567067257326
tap2,136,0,1170,51.951897,1242.3529,0.62,1567067258326
tap2,137,621,549,691.35986,594.69025,0.71999997,1567067259204
tap2,130,69,66,160.85106,98.94846,0.59999996,1567067260316
tap2,131,690,687,731.3229,738.6153,0.64,1567067261195
tap2,133,690,66,756.29974,106.9443,0.84,1567067262083
tap2,132,69,687,127.88159,740.61426,0.79999995,1567067262971
tap2,127,759,687,846.2165,736.61633,0.53,1567067263819
tap2,126,138,66,222.79372,103.94586,0.76,1567067264880
tap2,128,138,687,189.82423,730.61945,0.71,1567067265718
tap2,129,759,66,780.2775,89.95315,0.69,1567067266626
tap2,18,138,273,183.82979,321.83237,0.79999995,1567067267872
tap2,19,759,894,841.22107,947.5065,0.58,1567067268679
tap2,20,138,894,220.79556,959.50024,0.71999997,1567067269608
tap2,21,759,273,835.2266,294.84644,0.98999995,1567067270404
tap2,35,828,1170,876.1887,1215.367,0.53,1567067271333
tap2,34,207,549,272.74747,576.69965,0.71999997,1567067272262
tap2,36,207,1170,286.7345,1193.3784,0.65,1567067273130
tap2,37,828,549,904.16284,580.6975,0.39,1567067274192
tap2,26,138,135,210.80481,173.90942,0.81,1567067275182
tap2,27,759,756,853.21,829.56793,0.51,1567067276142
tap2,28,138,756,242.7752,760.6038,0.74,1567067276887
tap2,29,759,135,808.25165,188.90161,0.95,1567067277806
tap2,43,690,1032,732.3219,1054.4508,0.51,1567067278582
tap2,42,69,411,124.88437,428.77667,0.7,1567067279613
tap2,45,690,411,751.3043,463.75845,0.57,1567067280379
tap2,44,69,1032,145.86494,1072.4414,0.71999997,1567067281196
tap2,24,138,825,191.82239,883.5398,0.87,1567067281982
tap2,25,759,204,828.2331,222.88391,0.84,1567067282758
tap2,22,138,204,192.82146,242.8735,0.93,1567067283851
tap2,23,759,825,802.2572,850.557,0.58,1567067284596
tap2,38,69,480,139.87048,513.7324,0.78999996,1567067285372
tap2,39,690,1101,762.2942,1139.4065,0.53999996,1567067286189
tap2,40,69,1101,154.85661,1123.4149,0.74,1567067286924
tap2,41,690,480,765.2914,523.72723,0.7,1567067287690
tap2,33,690,549,810.24976,534.7215,0.78999996,1567067288323
tap2,32,69,1170,120.88807,1216.3665,0.52,1567067289119
tap2,30,69,549,127.88159,584.69543,0.71999997,1567067289946
tap2,31,690,1170,748.3071,1228.3602,0.59999996,1567067290885
tap2,46,69,342,115.89269,370.80685,0.93,1567067291876
tap2,47,690,963,760.296,1028.4644,0.85999995,1567067292846
tap2,48,69,963,157.85384,1014.4716,0.48,1567067293714
tap2,49,690,342,751.3043,363.81052,0.89,1567067294531
tap2,108,276,963,340.68454,991.4836,0.71,1567067295297
tap2,231,897,1584,922.1462,1568.1832,0.62,1567067296328
tap2,230,276,1584,346.67902,1631.1504,0.59999996,1567067297257
tap2,107,897,963,963.1082,993.48254,0.58,1567067298063
tap2,143,621,1032,658.3904,1065.4451,0.48999998,1567067298768
tap2,232,0,1653,59.944496,1683.1233,0.45,1567067299819
tap2,233,621,1653,682.36816,1718.1051,0.58,1567067300800
tap2,144,0,1032,28.973173,1092.431,0.52,1567067301698
tap2,44,69,1032,95.911194,1066.4446,0.77,1567067302505
tap2,235,690,1653,718.3349,1660.1353,0.5,1567067303199
tap2,43,690,1032,756.29974,1099.4274,0.88,1567067303945
tap2,234,69,1653,153.85754,1667.1317,0.59,1567067304803
tap2,12,138,1032,205.80943,1045.4554,0.59999996,1567067305609
tap2,237,759,1653,847.2156,1723.1025,0.45,1567067306600
tap2,11,759,1032,844.2183,1054.4508,0.53,1567067307458
tap2,236,138,1653,174.83812,1703.1129,0.65,1567067308325
tap2,238,207,1653,243.77429,1718.1051,0.62,1567067309102
tap2,67,828,1032,901.1656,1043.4565,0.65,1567067310102
tap2,68,207,1032,255.76318,1088.4331,0.64,1567067310940
tap2,239,828,1653,935.13416,1732.0978,0.52,1567067311900
tap2,104,276,1032,363.66327,1100.4269,0.65,1567067312769
tap2,241,897,1653,1004.0703,1707.1108,0.56,1567067313840
tap2,240,276,1653,333.69104,1716.1062,0.68,1567067314708
tap2,103,897,1032,951.1193,1025.4658,0.63,1567067315740
tap2,50,69,273,83.922295,321.83237,0.84,1567067316883
tap2,51,690,894,709.3432,964.4976,0.66999996,1567067317731
tap2,52,69,894,167.84459,878.5424,0.52,1567067318548
tap2,53,690,273,733.321,346.81937,0.81,1567067319498
tap2,55,690,825,759.29694,850.557,0.85999995,1567067320294
tap2,54,69,204,147.8631,248.87038,0.7,1567067321417
tap2,56,69,825,157.85384,907.5273,0.78,1567067322317
tap2,57,690,204,777.2803,244.87245,0.78999996,1567067323256
tap2,59,690,756,799.25995,814.57574,0.72999996,1567067324042
tap2,58,69,135,131.8779,184.90369,0.82,1567067324920
tap2,61,690,135,739.3154,183.9042,0.84,1567067325901
tap2,60,69,756,103.90379,833.56586,0.83,1567067326748
tap2,62,207,480,234.78261,521.7283,0.75,1567067327626
tap2,63,828,1101,923.14526,1129.4117,0.57,1567067328627
tap2,64,207,1101,253.76503,1097.4283,0.53999996,1567067329260
tap2,65,828,480,901.1656,509.7345,0.59,1567067330098
tap2,290,345,480,404.62534,482.74857,0.82,1567067330863
tap2,291,552,1446,614.4311,1493.2223,0.66999996,1567067331987
tap2,293,552,480,659.38947,519.7293,0.75,1567067332732
tap2,292,345,1446,427.60406,1528.204,0.63,1567067333712
tap2,141,621,480,695.35614,500.7392,0.81,1567067334458
tap2,295,414,1446,445.58743,1484.2269,0.77,1567067335316
tap2,294,414,480,483.55228,491.74387,0.82,1567067336071
tap2,203,621,1446,714.33856,1503.217,0.63,1567067336919
tap2,297,483,1446,546.494,1500.2186,0.7,1567067337838
tap2,41,690,480,790.26825,513.7324,0.64,1567067338542
tap2,296,483,480,552.48846,539.7189,0.75,1567067339380
tap2,205,690,1446,761.2951,1504.2166,0.52,1567067340268
tap2,319,414,1653,504.53284,1702.1134,0.68,1567067341156
tap2,325,552,756,601.4431,762.6028,0.78,1567067341841
tap2,324,414,756,481.5541,794.5861,0.82,1567067342647
tap2,315,552,1653,603.4413,1721.1035,0.48,1567067343423
tap2,298,345,549,410.6198,588.69336,0.81,1567067344199
tap2,299,552,1515,604.4403,1560.1874,0.71999997,1567067344914
tap2,301,552,549,625.4209,578.6986,0.87,1567067345598
tap2,300,345,1515,443.58926,1549.1931,0.69,1567067346354
tap2,326,345,825,394.6346,832.56635,0.71999997,1567067347130
tap2,256,483,135,554.4866,145.924,0.89,1567067348008
tap2,250,345,135,427.60406,179.9063,0.74,1567067348928
tap2,327,483,825,543.49677,873.545,0.83,1567067349683
tap2,67,828,1032,866.198,1108.4227,0.63,1567067350306
tap2,66,207,411,291.7299,449.76575,0.84,1567067351725
tap2,68,207,1032,274.7456,1069.443,0.83,1567067352502
tap2,69,828,411,907.16003,444.76834,0.88,1567067353349
tap2,72,207,963,267.75208,1013.4721,0.76,1567067354176
tap2,73,828,342,897.1693,377.80322,0.83,1567067354952
tap2,70,207,342,277.74283,400.79126,0.62,1567067355841
tap2,71,828,963,895.17114,933.5138,0.77,1567067356525
tap2,76,207,894,271.74838,983.48773,0.64,1567067357219
tap2,77,828,273,912.1554,329.82822,0.83,1567067357914
tap2,74,207,273,265.75394,312.83707,0.84999996,1567067358823
tap2,75,828,894,868.1961,943.50854,0.68,1567067359476
tap2,80,207,825,230.78632,890.53613,0.78999996,1567067360211
tap2,81,828,204,929.1397,213.8886,0.77,1567067360926
tap2,78,207,204,258.7604,250.86934,0.79999995,1567067361927
tap2,79,828,825,858.2054,890.53613,0.58,1567067362999
tap2,84,207,756,311.71136,773.59705,0.64,1567067363806
tap2,85,828,135,906.16095,191.90005,0.71,1567067364674
tap2,82,207,135,295.7262,192.89952,0.79999995,1567067365644
tap2,83,828,756,886.17944,824.5705,0.74,1567067366481
tap2,89,621,618,697.3543,681.64496,0.5,1567067367196
tap2,88,0,1239,88.91767,1202.3738,0.41,1567067368125
tap2,87,621,1239,662.38666,1307.3191,0.77,1567067369177
tap2,86,0,618,88.91767,655.6585,0.56,1567067370096
tap2,305,483,1515,551.4894,1541.1973,0.71999997,1567067370913
tap2,33,690,549,732.3219,589.6929,0.90999997,1567067371546
tap2,304,483,549,549.4912,578.6986,0.90999997,1567067372404
tap2,215,690,1515,769.2877,1596.1686,0.7,1567067373650
tap2,309,552,618,591.4524,680.6455,0.85999995,1567067374324
tap2,308,345,1584,440.59204,1601.166,0.77,1567067375284
tap2,307,552,1584,647.4006,1643.1442,0.79999995,1567067376233
tap2,306,345,618,415.61517,650.6611,1.03,1567067376969
tap2,258,345,204,409.62073,221.88443,0.96,1567067377877
tap2,331,483,894,531.5079,947.5065,0.84,1567067378694
tap2,330,345,894,397.63184,971.494,0.90999997,1567067379450
tap2,264,483,204,564.47736,232.87871,0.91999996,1567067380359
tap2,223,621,1584,710.3423,1580.177,0.78999996,1567067381165
tap2,310,414,618,492.54395,675.6481,0.74,1567067381890
tap2,89,621,618,685.3654,669.6512,0.57,1567067382901
tap2,311,414,1584,481.5541,1625.1536,0.76,1567067384321
tap2,261,552,204,611.43384,227.8813,0.78999996,1567067385168
tap2,322,345,756,400.62906,800.583,0.76,1567067385944
tap2,262,414,204,484.55133,233.87819,0.94,1567067386781
tap2,333,552,894,612.4329,912.5247,0.79999995,1567067387465
tap2,312,483,618,564.47736,693.63873,0.66999996,1567067388119
tap2,225,690,1584,769.2877,1652.1395,0.65,1567067388956
tap2,93,690,618,761.2951,652.66003,0.72999996,1567067389732
tap2,313,483,1584,555.48566,1597.1681,0.5,1567067390529
tap2,91,690,1239,713.3395,1287.3295,0.59999996,1567067391264
tap2,90,69,618,149.86124,622.67566,0.84,1567067392132
tap2,93,690,618,755.30066,677.64703,0.74,1567067393071
tap2,92,69,1239,142.86772,1288.329,0.71999997,1567067393888
tap2,108,276,963,331.69287,1006.47577,0.79999995,1567067394654
tap2,109,897,342,987.08606,389.79697,0.76,1567067395604
tap2,106,276,342,349.67624,367.8084,0.87,1567067396431
tap2,107,897,963,945.1249,977.49084,0.75,1567067397176
tap2,100,276,1101,342.6827,1168.3915,0.72999996,1567067398024
tap2,101,897,480,958.11285,532.72253,0.77,1567067398933
tap2,99,897,1101,940.1295,1188.381,0.88,1567067399739
tap2,98,276,480,347.67807,550.71313,0.91999996,1567067400475
tap2,105,897,411,926.14246,447.76678,0.88,1567067401220
tap2,104,276,1032,326.6975,1093.4304,0.93,1567067401966
tap2,102,276,411,355.6707,430.77563,0.95,1567067402742
tap2,103,897,1032,955.11566,1033.4617,0.69,1567067403364
tap2,97,897,549,880.185,598.6882,0.85999995,1567067404273
tap2,96,276,1170,362.6642,1207.3711,0.75,1567067404967
tap2,94,276,549,362.6642,579.69806,0.82,1567067405764
tap2,95,897,1170,971.1008,1225.3618,0.77,1567067406693
tap2,111,897,894,980.0925,942.5091,0.77,1567067407500
tap2,110,276,273,362.6642,287.85007,0.89,1567067408307
tap2,112,276,894,343.68176,936.5122,0.79999995,1567067409083
tap2,113,897,273,944.1258,331.82718,0.89,1567067409961
tap2,116,276,825,348.67715,893.5346,0.76,1567067410748
tap2,117,897,204,967.10455,236.87662,0.74,1567067411605
tap2,114,276,204,374.6531,241.87402,0.87,1567067412657
tap2,115,897,825,934.1351,867.54816,0.74,1567067413444
tap2,119,897,756,974.0981,834.5653,0.7,1567067414353
tap2,118,276,135,325.69843,181.90526,0.88,1567067415231
tap2,121,897,135,996.0777,186.90265,0.78999996,1567067416130
tap2,120,276,756,305.71692,834.5653,0.48999998,1567067416977
tap2,152,0,894,55.948196,960.4997,0.66999996,1567067417804
tap2,213,621,1515,702.3497,1508.2145,0.59999996,1567067418632
tap2,212,0,1515,107.90009,1568.1832,0.72999996,1567067419500
tap2,151,621,894,719.334,955.5023,0.7,1567067420215
tap2,56,69,825,127.88159,879.5419,0.65999997,1567067421001
tap2,205,690,1446,785.2729,1482.228,0.71,1567067421747
tap2,204,69,1446,111.89639,1465.2368,0.51,1567067422492
tap2,55,690,825,750.3053,892.5351,0.88,1567067423401
tap2,24,138,825,183.82979,862.5507,0.74,1567067424136
tap2,207,759,1446,820.24054,1499.2191,0.81,1567067424872
tap2,206,138,1446,220.79556,1499.2191,0.78999996,1567067425729
tap2,23,759,825,833.2285,880.5414,0.78999996,1567067426567
tap2,80,207,825,275.7447,869.5471,0.81,1567067427404
tap2,209,828,1446,892.1739,1534.2009,0.69,1567067428201
tap2,208,207,1446,289.73172,1489.2244,0.61,1567067429069
tap2,79,828,825,891.17487,875.54395,0.75,1567067429886
tap2,115,897,825,927.14154,845.5596,0.88,1567067430835
tap2,210,276,1446,361.66513,1504.2166,0.72999996,1567067431560
tap2,116,276,825,326.6975,875.54395,0.97999996,1567067432347
tap2,211,897,1446,985.0879,1493.2223,0.71,1567067433276
tap2,203,621,1446,701.3506,1482.228,0.71999997,1567067434134
tap2,156,0,825,67.937096,868.5476,0.83,1567067435053
tap2,202,0,1446,69.93524,1527.2046,0.53999996,1567067435952
tap2,155,621,825,679.371,903.5294,0.81,1567067436789
tap2,52,69,894,139.87048,935.51276,0.65999997,1567067437616
tap2,215,690,1515,783.2748,1539.1982,0.74,1567067438474
tap2,51,690,894,728.3256,951.5044,0.85999995,1567067439067
tap2,214,69,1515,174.83812,1546.1947,0.72999996,1567067439894
tap2,216,138,1515,181.83163,1559.1879,0.78,1567067440732
tap2,19,759,894,851.21185,950.50494,0.78,1567067441497
tap2,217,759,1515,834.2276,1607.1628,0.68,1567067442375
tap2,20,138,894,235.78168,932.5143,0.45999998,1567067443162
tap2,141,621,480,712.34045,502.73816,0.81,1567067444019
tap2,140,0,1101,74.93062,1170.3904,0.69,1567067444806
tap2,138,0,480,103.90379,512.7329,0.95,1567067445664
tap2,139,621,1101,719.334,1155.3982,0.82,1567067446358
tap2,142,0,411,62.94172,454.76312,0.78,1567067447256
tap2,143,621,1032,662.38666,1113.42,0.76,1567067448114
tap2,144,0,1032,53.950047,1084.4352,0.64,1567067448931
tap2,145,621,411,699.3525,461.7595,0.85999995,1567067449708
tap2,148,0,963,76.92877,1014.4716,0.66999996,1567067450586
tap2,149,621,342,701.3506,396.79333,0.78999996,1567067451464
tap2,147,621,963,693.35803,1001.4784,0.65999997,1567067452199
tap2,146,0,342,80.92507,404.78915,0.68,1567067453159
tap2,153,621,273,705.3469,328.82874,0.84,1567067454089
tap2,152,0,894,73.93155,937.5117,0.88,1567067455069
tap2,150,0,273,69.93524,317.83444,0.78999996,1567067455968
tap2,151,621,894,739.3154,941.5096,0.65999997,1567067456703
tap2,266,345,273,406.6235,297.84488,0.78999996,1567067457541
tap2,267,552,1239,592.4514,1285.3306,0.71,1567067458296
tap2,269,552,273,637.4098,281.85318,0.83,1567067459113
tap2,268,345,1239,456.57724,1281.3326,0.72999996,1567067459848
tap2,271,414,1239,443.58926,1257.3451,0.81,1567067460696
tap2,153,621,273,665.3839,309.83862,0.94,1567067461421
tap2,270,414,273,486.5495,311.8376,0.77,1567067462320
tap2,87,621,1239,743.31177,1303.3212,0.57,1567067463188
tap2,91,690,1239,694.35706,1307.3191,0.84,1567067463903
tap2,272,483,273,522.5162,313.83655,0.88,1567067464740
tap2,273,483,1239,563.4783,1294.3258,0.75,1567067465700
tap2,53,690,273,778.27936,269.85944,0.82,1567067466548
tap2,277,552,342,628.41815,374.80478,0.75,1567067467549
tap2,276,345,1308,412.61795,1347.2982,0.68,1567067468386
tap2,274,345,342,400.62906,404.78915,0.75,1567067469163
tap2,275,552,1308,633.4135,1354.2946,0.69,1567067470010
tap2,183,621,1308,699.3525,1341.3014,0.72999996,1567067471001
tap2,278,414,342,475.55966,345.8199,0.75,1567067471777
tap2,149,621,342,691.35986,383.8001,0.87,1567067472696
tap2,279,414,1308,487.54858,1347.2982,0.66999996,1567067473411
tap2,281,483,1308,567.47455,1366.2883,0.72999996,1567067474371
tap2,49,690,342,737.3173,380.80167,0.84,1567067475178
tap2,280,483,342,544.49585,389.79697,0.94,1567067476036
tap2,185,690,1308,731.3229,1310.3175,0.74,1567067476762
tap2,156,0,825,71.933395,882.54034,0.81,1567067477721
tap2,157,621,204,661.38763,243.87297,0.88,1567067478651
tap2,155,621,825,709.3432,880.5414,0.39999998,1567067479417
tap2,154,0,204,75.929695,271.8584,0.71999997,1567067480449
tap2,158,0,135,53.950047,160.91618,0.87,1567067481378
tap2,159,621,756,731.3229,759.6044,0.7,1567067482124
tap2,160,0,756,76.92877,811.5773,0.66999996,1567067482930
tap2,161,621,135,708.3441,180.90578,0.81,1567067483819
tap2,162,0,66,124.88437,120.93701,0.76,1567067485290
tap2,163,621,687,687.3635,754.60693,0.75,1567067486321
tap2,164,0,687,43.959297,755.60645,0.61,1567067487189
tap2,165,621,66,696.3552,101.9469,0.82,1567067488058
tap2,169,897,66,922.1462,135.9292,0.52,1567067489161
tap2,168,276,687,367.65958,737.6158,0.71,1567067489957
tap2,166,276,66,385.6429,89.95315,0.7,1567067490846
tap2,167,897,687,926.14246,720.62463,0.79999995,1567067491591
tap2,170,138,618,218.79741,665.65326,0.65,1567067492265
tap2,171,759,1239,830.23126,1256.3456,0.45999998,1567067493082
tap2,173,759,618,832.22943,680.6455,0.64,1567067494216
tap2,172,138,1239,188.82516,1304.3207,0.7,1567067495105
tap2,177,828,618,897.1693,695.6377,0.83,1567067496014
tap2,176,207,1239,249.76874,1307.3191,0.74,1567067496851
tap2,174,207,618,271.74838,631.67096,0.83,1567067497709
tap2,175,828,1239,901.1656,1286.33,0.59999996,1567067498628
tap2,133,690,66,727.32654,66.96512,0.53,1567067499659
tap2,249,483,1032,547.49304,1057.4492,0.79999995,1567067500436
tap2,43,690,1032,759.29694,1070.4425,0.72999996,1567067501110
tap2,248,483,66,602.4422,68.96408,0.65999997,1567067502111
tap2,251,552,1101,602.4422,1158.3966,0.78,1567067503041
tap2,250,345,135,428.60315,202.89432,0.81,1567067503960
tap2,252,345,1101,418.6124,1145.4034,0.78999996,1567067504838
tap2,253,552,135,612.4329,184.90369,0.76,1567067505859
tap2,254,414,135,515.52264,166.91306,0.9,1567067506789
tap2,139,621,1101,688.3626,1148.4019,0.68,1567067507688
tap2,161,621,135,671.37836,176.90785,0.88,1567067508433
tap2,255,414,1101,531.5079,1123.4149,0.74,1567067509117
tap2,178,276,618,330.69382,679.646,0.85999995,1567067509975
tap2,179,897,1239,988.0851,1273.3368,0.78,1567067510802
tap2,181,897,618,949.1212,668.65173,0.71,1567067511609
tap2,180,276,1239,319.70398,1273.3368,0.63,1567067512477
tap2,132,69,687,110.897316,729.62,0.75,1567067513345
tap2,185,690,1308,741.3136,1387.2775,0.53,1567067514101
tap2,184,69,1308,128.88066,1360.2915,0.68,1567067514928
tap2,131,690,687,785.2729,702.63403,0.9,1567067515807
tap2,127,759,687,838.2239,722.6236,0.72999996,1567067516573
tap2,187,759,1308,807.25256,1355.2941,0.72999996,1567067517308
tap2,186,138,1308,225.79094,1365.2888,0.76,1567067518248
tap2,126,138,66,211.8039,81.95731,0.85999995,1567067519626
tap2,123,828,687,901.1656,680.6455,0.78,1567067520597
tap2,188,207,1308,302.7197,1364.2894,0.7,1567067521343
tap2,124,207,687,300.72156,719.6252,0.78999996,1567067522272
tap2,189,828,1308,921.1471,1359.292,0.72999996,1567067523497
tap2,317,552,687,615.4302,706.63196,0.71999997,1567067524447
tap2,316,345,1653,410.6198,1689.1202,0.48,1567067525408
tap2,314,345,687,411.61887,735.6168,0.79999995,1567067526245
tap2,315,552,1653,619.42645,1698.1155,0.75,1567067527144
tap2,266,345,273,394.6346,319.8334,1.01,1567067528155
tap2,335,483,963,556.48474,1054.4508,0.41,1567067528921
tap2,272,483,273,546.494,342.82144,0.68,1567067529687
tap2,334,345,963,397.63184,989.4846,0.82,1567067530443
tap2,318,414,687,466.568,752.608,0.69,1567067531230
tap2,233,621,1653,721.3321,1660.1353,0.66999996,1567067532169
tap2,163,621,687,675.37463,788.58923,0.87,1567067532864
tap2,319,414,1653,478.5569,1681.1244,0.74,1567067533579
tap2,269,552,273,630.41626,285.8511,0.98999995,1567067534406
tap2,336,414,963,485.5504,1019.469,0.77,1567067535172
tap2,337,552,963,630.41626,971.494,0.77,1567067535836
tap2,270,414,273,487.54858,290.8485,0.82,1567067536653
tap2,168,276,687,324.69934,762.6028,0.88,1567067537470
tap2,191,897,1308,983.0897,1393.2743,0.7,1567067538379
tap2,167,897,687,969.10266,788.58923,0.39999998,1567067539227
tap2,190,276,1308,351.67438,1341.3014,0.72999996,1567067540045
tap2,192,0,1377,97.90935,1408.2665,0.71999997,1567067540984
tap2,160,0,756,65.93895,786.5903,0.78,1567067541893
tap2,193,621,1377,715.33765,1343.3003,0.81,1567067542547
tap2,159,621,756,678.3719,740.61426,0.88,1567067543201
tap2,194,69,1377,152.85846,1433.2534,0.66999996,1567067544038
tap2,59,690,756,792.2664,799.58356,0.81,1567067544753
tap2,60,69,756,141.86864,795.58563,0.82,1567067545621
tap2,195,690,1377,779.27844,1406.2676,0.78999996,1567067546418
tap2,28,138,756,189.82423,822.57153,0.77,1567067547153
tap2,197,759,1377,816.2442,1416.2623,0.76,1567067547776
tap2,27,759,756,884.18134,763.6023,0.71,1567067548839
tap2,196,138,1377,197.81683,1396.2727,0.78999996,1567067549707
tap2,84,207,756,264.75485,814.57574,0.59,1567067550718
tap2,199,828,1377,928.1406,1431.2545,0.79999995,1567067551607
tap2,83,828,756,895.17114,767.6002,0.74,1567067552455
tap2,198,207,1377,288.73267,1441.2493,0.71,1567067553323
tap2,200,276,1377,365.66144,1409.266,0.85999995,1567067554069
tap2,119,897,756,963.1082,776.5955,0.75,1567067554967
tap2,120,276,756,339.6855,837.5637,0.74,1567067555703
tap2,201,897,1377,965.1064,1416.2623,0.65,1567067556561
tap2,242,345,66,414.6161,68.96408,0.71999997,1567067557653
tap2,347,966,687,1010.06476,760.6038,0.42999998,1567067558777
tap2,338,966,66,999.07495,109.94273,0.78999996,1567067559778
tap2,314,345,687,391.6374,731.61896,0.68,1567067560728
tap2,322,345,756,422.6087,822.57153,0.66999996,1567067561515
tap2,339,966,135,1018.0574,183.9042,0.76,1567067562383
tap2,348,966,756,1028.0481,751.6085,0.69,1567067563118
tap2,250,345,135,400.62906,200.89536,0.81,1567067564109
tap2,258,345,204,425.60593,219.88547,0.93,1567067564987
tap2,349,966,825,1049.0287,880.5414,0.47,1567067565998
tap2,340,966,204,1052.0259,242.8735,0.57,1567067566897
tap2,326,345,825,396.63275,885.53876,0.78999996,1567067567704
tap2,330,345,894,454.5791,923.519,0.68,1567067568470
tap2,341,966,273,1044.0333,310.8381,0.62,1567067569195
tap2,266,345,273,416.61426,305.8407,0.59999996,1567067570043
tap2,350,966,894,1027.0491,912.5247,0.59,1567067571044
tap2,76,207,894,248.76965,952.5039,0.69,1567067571800
tap2,219,828,1515,900.1665,1570.1821,0.66999996,1567067572780
tap2,218,207,1515,262.7567,1560.1874,0.64,1567067573628
tap2,75,828,894,867.197,949.50543,0.78,1567067574486
tap2,220,276,1515,367.65958,1517.2097,0.71999997,1567067575201
tap2,111,897,894,921.1471,902.5299,0.82,1567067575936
tap2,112,276,894,353.67252,944.50806,0.78999996,1567067576702
tap2,221,897,1515,938.13135,1456.2415,0.68,1567067577346
tap2,225,690,1584,756.29974,1646.1426,0.72999996,1567067578337
tap2,48,69,963,115.89269,974.49243,0.78999996,1567067579144
tap2,47,690,963,800.25903,1039.4586,0.78,1567067579930
tap2,224,69,1584,113.89455,1622.155,0.57,1567067580748
tap2,165,621,66,707.34503,116.939095,0.82,1567067581728
tap2,247,414,1032,478.5569,1110.4216,0.79999995,1567067582545
tap2,143,621,1032,724.32935,1119.417,0.62,1567067583311
tap2,246,414,66,466.568,115.93961,0.91999996,1567067584261
tap2,15,759,963,838.2239,992.48303,0.68,1567067584925
tap2,226,138,1584,211.8039,1640.1458,0.65999997,1567067585783
tap2,227,759,1584,864.1998,1616.1582,0.75,1567067586712
tap2,16,138,963,184.82886,1002.47784,0.61,1567067587540
tap2,72,207,963,287.73358,985.4867,0.90999997,1567067588387
tap2,229,828,1584,900.1665,1605.164,0.77,1567067589501
tap2,71,828,963,869.1952,998.4799,0.58,1567067590328
tap2,228,207,1584,268.75116,1597.1681,0.69,1567067591094
tap2,242,345,66,444.58835,77.9594,0.84,1567067592575
tap2,243,552,1032,617.4283,1047.4545,0.65,1567067593351
tap2,244,345,1032,432.59946,1066.4446,0.7,1567067593995
tap2,245,552,66,620.42554,95.95003,0.78999996,1567067595016
tap2,148,0,963,47.955597,1026.4653,0.64,1567067595884
tap2,223,621,1584,692.35895,1600.1665,0.59,1567067596650
tap2,147,621,963,689.3617,1019.469,0.7,1567067597324
tap2,222,0,1584,76.92877,1648.1416,0.64,1567067598336
tap2,252,345,1101,454.5791,1151.4003,0.78999996,1567067599132
tap2,344,966,480,1001.07306,427.7772,0.76,1567067600062
tap2,290,345,480,390.6383,556.71,0.64,1567067600787
tap2,353,966,1101,1012.0629,1075.4398,0.64,1567067601451
tap2,345,966,549,993.0805,592.6913,0.76,1567067602513
tap2,260,345,1170,413.61703,1253.3472,0.7,1567067603300
tap2,354,966,1170,1004.0703,1197.3763,0.53,1567067603923
tap2,298,345,549,388.64014,665.65326,0.62,1567067604638
tap2,346,966,618,1014.06104,639.6668,0.66999996,1567067605485
tap2,268,345,1239,422.6087,1261.343,0.76,1567067606200
tap2,355,966,1239,1031.0453,1257.3451,0.61,1567067606976
tap2,306,345,618,401.6281,666.6528,0.81,1567067607896
tap2,314,345,687,413.61703,713.6283,0.7,1567067608754
tap2,356,966,1308,1007.0675,1253.3472,0.53999996,1567067609417
tap2,347,966,687,971.1008,765.60126,0.88,1567067610173
tap2,276,345,1308,465.5689,1305.3201,0.78999996,1567067610960
tap2,257,483,1101,599.44495,1168.3915,0.76,1567067611677
tap2,61,690,135,770.2868,173.90942,0.82,1567067612625
tap2,39,690,1101,747.30804,1137.4076,0.72999996,1567067613380
tap2,256,483,135,573.469,172.90994,0.53999996,1567067614371
tap2,258,345,204,421.60962,235.87714,0.77,1567067615332
tap2,259,552,1170,598.44586,1243.3524,0.45999998,1567067616230
tap2,260,345,1170,443.58926,1201.3743,0.58,1567067617017
tap2,261,552,204,648.39966,238.87558,0.65,1567067617905
tap2,157,621,204,697.3543,222.88391,0.77,1567067618763
tap2,263,414,1170,499.53748,1209.3701,0.63,1567067619499
tap2,262,414,204,458.5754,260.86414,0.76,1567067620439
tap2,135,621,1170,710.3423,1191.3795,0.68,1567067621133
tap2,244,345,1032,394.6346,1089.4326,0.79999995,1567067622012
tap2,361,966,1653,1027.0491,1697.1161,0.71999997,1567067623206
tap2,352,966,1032,1046.0315,1062.4467,0.59,1567067624003
tap2,316,345,1653,400.62906,1707.1108,0.59999996,1567067625188
tap2,282,345,411,409.62073,441.7699,0.87,1567067626138
tap2,283,552,1377,631.41534,1421.2598,0.71999997,1567067626955
tap2,284,345,1377,419.61148,1434.2529,0.55,1567067627843
tap2,285,552,411,610.4348,470.7548,0.74,1567067629028
tap2,145,621,411,699.3525,424.77875,0.76,1567067629784
tap2,287,414,1377,485.5504,1419.2607,0.66999996,1567067630601
tap2,193,621,1377,672.37744,1408.2665,0.9,1567067631449
tap2,286,414,411,491.54486,434.77356,0.84,1567067632246
tap2,288,483,411,541.4986,484.74753,0.90999997,1567067633165
tap2,195,690,1377,784.2738,1377.2826,0.74,1567067633839
tap2,289,483,1377,572.4699,1401.2701,0.75,1567067634707
tap2,45,690,411,781.2766,421.7803,0.90999997,1567067635350
tap2,31,690,1170,770.2868,1206.3717,0.78,1567067636014
tap2,264,483,204,545.49493,246.87141,0.90999997,1567067636811
tap2,57,690,204,751.3043,242.8735,0.81,1567067637751
tap2,265,483,1170,524.51434,1204.3727,0.84999996,1567067638486
tap2,300,345,1515,409.62073,1576.1791,0.72999996,1567067639375
tap2,350,966,894,1026.0499,948.506,0.77,1567067640294
tap2,330,345,894,421.60962,947.5065,0.78,1567067641121
tap2,359,966,1515,1058.0204,1583.1754,0.39999998,1567067642112
tap2,351,966,963,1041.0361,1017.47003,0.59999996,1567067642970
tap2,308,345,1584,423.6078,1579.1775,0.63,1567067643746
tap2,360,966,1584,1037.0398,1659.1359,0.59999996,1567067644614
tap2,334,345,963,427.60406,950.50494,0.76,1567067645380
tap2,137,621,549,650.39777,594.69025,0.79999995,1567067646167
tap2,303,414,1515,470.5643,1523.2067,0.78,1567067646943
tap2,213,621,1515,754.3016,1552.1915,0.48999998,1567067647648
tap2,302,414,549,476.55875,589.6929,0.82,1567067648445
tap2,254,414,135,465.5689,177.90733,0.84,1567067649476
tap2,329,552,825,619.42645,838.56323,0.7,1567067650354
tap2,253,552,135,593.4505,179.9063,0.78999996,1567067651396
tap2,328,414,825,466.568,823.57104,0.79999995,1567067652193
tap2,334,345,963,402.6272,1014.4716,0.62,1567067653030
tap2,342,966,342,1037.0398,366.80893,0.66999996,1567067653878
tap2,274,345,342,386.642,378.8027,0.75,1567067654869
tap2,351,966,963,1059.0194,1001.4784,0.42999998,1567067655635
tap2,282,345,411,441.59113,441.7699,0.87,1567067656503
tap2,352,966,1032,1026.0499,1051.4524,0.66999996,1567067657238
tap2,343,966,411,1018.0574,452.76416,0.63,1567067658045
tap2,244,345,1032,401.6281,1107.4232,0.78,1567067658893
tap2,322,345,756,410.6198,764.60175,0.76,1567067659771
tap2,357,966,1377,1037.0398,1404.2686,0.55,1567067660568
tap2,348,966,756,1008.0666,753.6075,0.71,1567067661405
tap2,284,345,1377,406.6235,1400.2706,0.76,1567067662212
tap2,292,345,1446,394.6346,1486.2258,0.69,1567067663050
tap2,349,966,825,1057.0212,854.5549,0.48999998,1567067663846
tap2,326,345,825,401.6281,855.5544,0.65,1567067664858
tap2,358,966,1446,1029.0472,1468.2352,0.39,1567067665900
tap2,131,690,687,768.28864,769.5991,0.75,1567067666737
tap2,321,483,1653,516.5217,1708.1104,0.42999998,1567067667667
tap2,320,483,687,586.457,724.62256,0.81,1567067668505
tap2,235,690,1653,737.3173,1706.1113,0.48,1567067669362
tap2,362,0,1722,78.92692,1762.0822,0.62,1567067670557
tap2,139,621,1101,698.3534,1128.4122,0.78,1567067671293
tap2,140,0,1101,73.93155,1137.4076,0.61,1567067672304
tap2,371,621,1722,675.37463,1778.0739,0.59,1567067673172
tap2,39,690,1101,765.2914,1139.4065,0.76,1567067673826
tap2,363,69,1722,109.89824,1775.0754,0.65,1567067674807
tap2,372,690,1722,770.2868,1784.0708,0.59999996,1567067675593
tap2,40,69,1101,157.85384,1145.4034,0.93,1567067676472
tap2,136,0,1170,123.88529,1215.367,0.78999996,1567067677350
tap2,386,621,1791,675.37463,1778.0739,0.56,1567067678127
tap2,135,621,1170,720.333,1199.3752,0.93,1567067678831
tap2,377,0,1791,76.92877,1826.0488,0.53999996,1567067679832
tap2,31,690,1170,780.2775,1232.3582,0.68,1567067680517
tap2,378,69,1791,102.90472,1852.0354,0.61,1567067681334
tap2,32,69,1170,164.84737,1197.3763,0.71999997,1567067682181
tap2,387,690,1791,762.2942,1882.0198,0.5,1567067683080
tap2,8,138,1101,210.80481,1137.4076,0.87,1567067683949
tap2,373,759,1722,858.2054,1787.0692,0.65,1567067684653
tap2,7,759,1101,838.2239,1136.4081,0.53,1567067685603
tap2,364,138,1722,183.82979,1760.0833,0.59999996,1567067686421
tap2,374,828,1722,909.1582,1760.0833,0.51,1567067687207
tap2,64,207,1101,307.7151,1155.3982,0.91999996,1567067688014
tap2,365,207,1722,269.75024,1768.0791,0.57,1567067688892
tap2,63,828,1101,897.1693,1151.4003,0.58,1567067689761
tap2,379,138,1791,185.82794,1847.038,0.63,1567067690506
tap2,3,759,1170,783.2748,1216.3665,0.84999996,1567067691303
tap2,4,138,1170,220.79556,1205.3722,0.79999995,1567067692253
tap2,388,759,1791,858.2054,1814.0552,0.58,1567067693081
tap2,380,207,1791,284.73636,1821.0515,0.61,1567067694000
tap2,35,828,1170,921.1471,1182.3842,0.72999996,1567067694766
tap2,389,828,1791,895.17114,1830.0468,0.37,1567067695695
tap2,36,207,1170,281.73914,1218.3654,0.93,1567067696513
tap2,100,276,1101,332.69196,1147.4023,0.74,1567067697402
tap2,375,897,1722,957.1138,1769.0786,0.56,1567067698219
tap2,99,897,1101,974.0981,1128.4122,0.45,1567067699107
tap2,366,276,1722,308.71414,1770.078,0.68,1567067699822
tap2,368,414,1722,452.58093,1780.0729,0.74,1567067700640
tap2,159,621,756,682.36816,787.5898,0.87,1567067701498
tap2,371,621,1722,616.42926,1782.0718,0.48,1567067702141
tap2,324,414,756,498.5384,767.6002,0.95,1567067702979
tap2,96,276,1170,337.68732,1226.3612,0.9,1567067703806
tap2,390,897,1791,925.1434,1798.0635,0.32999998,1567067704552
tap2,95,897,1170,932.1369,1168.3915,0.59999996,1567067705287
tap2,381,276,1791,339.6855,1819.0525,0.77,1567067706196
tap2,385,552,1791,595.44867,1814.0552,0.62,1567067706891
tap2,326,345,825,431.60037,886.53827,0.58,1567067707749
tap2,382,345,1791,432.59946,1840.0416,0.58,1567067708576
tap2,329,552,825,599.44495,880.5414,0.78999996,1567067709291
tap2,323,483,756,588.45514,797.5846,0.71999997,1567067710272
tap2,372,690,1722,747.30804,1791.0671,0.47,1567067710997
tap2,59,690,756,716.33673,856.55383,0.55,1567067711651
tap2,369,483,1722,524.51434,1742.0927,0.81,1567067712366
tap2,353,966,1101,1036.0406,1094.4299,0.63,1567067713765
tap2,367,345,1722,387.64108,1739.0942,0.48,1567067714440
tap2,252,345,1101,429.60223,1128.4122,0.74,1567067715216
tap2,376,966,1722,1042.0352,1794.0656,0.37,1567067715982
tap2,383,414,1791,494.54208,1857.0327,0.48,1567067717024
tap2,155,621,825,652.39594,849.5575,0.87,1567067717903
tap2,328,414,825,502.5347,844.5601,0.89,1567067718802
tap2,386,621,1791,693.35803,1847.038,0.53,1567067719874
tap2,55,690,825,762.2942,855.5544,0.84999996,1567067720610
tap2,384,483,1791,519.519,1840.0416,0.56,1567067721284
tap2,327,483,825,543.49677,880.5414,0.85999995,1567067722040
tap2,387,690,1791,751.3043,1839.0421,0.59999996,1567067722928
drag1,2,416.61426,651.6606,0.71,2890.28207771.0272594314421
drag1,3,686.3645,950.50494,0.71999997,1982.45546164.29314856886799
drag1,4,681.3691,644.57245,0.51,2410.355538999999767.913348048654
drag1,5,382.6457,926.5174,0.71999997,2686.28661567.21959833087439
drag1,9,390.71445,831.5669,0.53,2849.92246271.91433705340813
drag1,17,677.2945,1075.4398,0.68,1992.426845999999872.19308083264838
drag1,16,433.5985,1097.4283,0.55,2568.63353865.10929730227389
drag1,7,671.37836,812.5279,0.66999996,2064.71507763.94819809334067
drag1,4,688.2543,644.66425,0.59,2145.649000999999865.8896826947684
drag1,10,414.6161,387.798,0.5,2972.56138562.841182458129545
drag1,2,401.6281,663.7022,0.65,2523.16330764.0749572811883
drag1,11,666.383,365.20148,0.65999997,2819.226077999999760.57662594480679
drag1,4,676.3737,652.66986,0.72999996,1716.084999999999865.22652001635974
drag1,18,413.97586,1210.3696,0.59999996,2216.73861659.32687075602015
drag1,2,413.61703,625.67413,0.47,3258.27576966.93131304482803
drag1,19,698.3534,1243.3524,0.75,2083.83876968.42881230101017
drag1,13,699.3525,221.88443,0.71999997,3481.66223166.56228297455229
drag1,6,348.67715,518.7298,0.59,2344.41165.13956364840924
drag1,12,390.6383,253.75598,0.58,2921.59007767.2915943528211
drag1,8,691.35986,536.72046,0.64,2074.40784660.30439586676375
drag1,19,687.3635,1275.3357,0.69,4385.79092466.8172065923606
drag1,22,404.62534,1502.2175,0.57,2390.77676963.17704234011912
drag1,18,423.6078,1214.3674,0.59999996,1513.26830862.01805833376464
drag1,23,675.4399,1530.203,0.77,1592.67261570.11591013074256
drag1,14,433.90277,90.95263,0.66999996,2121.50853862.56549971024661
drag1,11,641.4061,361.81155,0.66999996,2461.94515470.11242377141365
drag1,10,423.69705,352.81622,0.72999996,2464.70884662.97081747111522
drag1,15,668.3811,86.95471,0.76,2068.88715478.82639656175705
drag1,17,698.3534,1102.4258,0.72999996,2413.00530864.52243111370363
drag1,20,417.6133,1371.2858,0.64,2646.26407768.13600034132857
drag1,21,683.36725,1329.3076,0.71999997,3036.84415460.05917764147262
drag1,16,407.6226,1041.4575,0.64,2023.55092369.81104124598316
drag1,24,279.1896,86.95471,0.58,2256.4162366.4925414054638
drag1,26,518.5199,366.61264,0.89,2331.77446267.41470536167405
drag1,27,271.74838,393.8211,0.58,2561.611384999999761.94312034500975
drag1,25,525.59064,86.95471,0.79999995,2390.73953873.8190130735719
drag1,66,839.22296,1500.2186,0.57,3813.44684666.71921282413412
drag1,41,552.48846,1236.3561,0.48,1509.24561569.83556028275521
drag1,42,545.49493,1489.2244,0.72999996,1235.70323167.12447382492174
drag1,65,807.25256,1257.3451,0.63,3333.28953960.86147963651694
drag1,36,282.73822,805.4155,0.53,1866.83860.907946417076275
drag1,38,540.4995,1079.4377,0.66999996,1847.03061667.31844223853773
drag1,39,266.68817,1080.4373,0.63,1386.64746267.97608313697263
drag1,37,531.5079,810.5778,0.77,1897.902768999999866.89583586443929
drag1,16,403.62628,1070.4425,0.64,1377.38669266.2290040023789
drag1,56,112.89547,1352.7954,0.71,2388.68953872.08725404979324
drag1,20,377.65033,1392.2748,0.64,1849.177614999999867.96719696147834
drag1,53,135.87419,1112.4205,0.52,1948.278384999999857.21846898349708
drag1,59,830.23126,251.8688,0.71,3371.58476967.51092262899637
drag1,30,537.5023,512.7329,0.78,1652.286537999999866.12874822923307
drag1,29,525.5134,239.87506,0.71999997,2763.855460999999760.85163110096647
drag1,60,812.2479,501.73868,0.78999996,1489.00923167.11296285460273
drag1,33,577.46533,640.6663,0.65,2072.08130870.16909548239153
drag1,62,830.23126,927.5169,0.78999996,2163.55707761.12522372181566
drag1,61,847.2156,665.6243,0.56,1815.45884665.96375836902973
drag1,34,553.65967,958.3284,0.65,2305.86192363.30857356381196
drag1,6,376.65125,501.7031,0.61,2480.60146261.777513899502516
drag1,48,142.86772,251.8688,0.65,1836.379614999999865.81770703296066
drag1,12,396.63275,273.85736,0.7,2260.01969265.0731396007867
drag1,49,82.92322,491.74387,0.71,1633.80384666.36247806351702
drag1,51,125.88344,927.1515,0.64,1423.43462.56650997117322
drag1,2,380.64755,650.6611,0.68,1511.37615458.972074845567604
drag1,5,402.6272,914.5237,0.58,2488.54692368.11823473278181
drag1,50,131.8779,653.04944,0.59999996,2295.11361658.616571415440255
drag1,37,515.52264,802.582,0.7,1912.22707771.03493776799131
drag1,64,826.235,1091.8019,0.74,1825.89130862.860577432334836
drag1,38,516.5217,1069.052,0.66999996,3338.891076999999867.36643136355059
drag1,63,830.23126,803.67926,0.84999996,3024.44623163.97705237933228
drag1,29,572.4699,253.86777,0.88,2608.10269365.6688007881925
drag1,31,250.7678,516.73083,0.7,1653.53353957.18555263216836
drag1,28,277.74283,263.47156,0.65,2229.53430864.21134313148954
drag1,30,541.7594,545.71576,0.84999996,1634.98869261.15048416500722
drag1,42,543.49677,1516.2103,0.78,1958.687614999999863.77236790027622
drag1,40,282.73822,1234.357,0.71,1949.962691999999861.00126774659702
drag1,41,529.5097,1234.357,0.7,2809.758153999999664.98657734180836
drag1,43,269.45474,1482.9318,0.76,3319.2617761.545050698353094
drag1,45,287.73358,1367.2611,0.52,2329.21315465.9227842418603
drag1,82,562.4792,1673.1285,0.78999996,1450.066922999999965.19782499646237
drag1,80,285.73544,1662.1343,0.53999996,1490.8717766.96913632599446
drag1,44,554.4866,1367.2878,0.76,1899.47461678.8128450593782
drag1,57,842.22015,91.9521,0.71999997,2557.94446261.4132193470174
drag1,26,561.4801,403.78967,0.84,1764.82484663.119271852066674
drag1,58,816.2442,400.79126,0.75,1983.050538999999867.97532956053507
drag1,25,567.8457,79.95835,0.69,2470.00953872.85138751815654
drag1,64,847.2156,1059.4481,0.72999996,2924.60269368.5112006261752
drag1,44,570.4718,1370.3317,0.68,1785.27192364.09612602578287
drag1,38,555.48566,1092.431,0.65,1366.66261562.943645427196024
drag1,67,840.22205,1376.2832,0.71999997,2084.45176965.17185613940713
drag1,9,367.65958,816.5747,0.7,2403.525922999999763.682150781482214
drag1,53,96.91027,1079.4377,0.64,2823.786538999999773.38428795204781
drag1,16,430.99313,1062.4467,0.78999996,2278.48261570.23016439902676
drag1,52,130.87881,814.57574,0.53,1631.89115469.97533510701666
drag1,74,951.1193,782.5924,0.71999997,2503.16676962.97431046759514
drag1,17,672.37744,1139.4065,0.65999997,3036.50361667.11405055697159
drag1,75,949.1212,1113.42,0.84999996,2280.8312366.07204010599713
drag1,7,719.334,801.08276,0.71,1859.70069364.3290325344698
drag1,70,979.09344,240.87454,0.7,1969.2557765.67742832628944
drag1,8,703.34875,528.7246,0.68,1838.65330861.122577369716375
drag1,13,714.33856,203.8938,0.74,2494.83369364.0955380057144
drag1,71,991.08234,487.74594,0.68,2073.717691999999768.16839932035957
drag1,78,980.0925,1366.2883,0.71,2791.15015471.47721887143904
drag1,83,715.33765,1657.1368,0.74,2563.63769275.16373805200672
drag1,21,716.3657,1359.292,0.59999996,2017.81492371.84481580724795
drag1,85,975.09717,1679.1254,0.78999996,2023.61169264.29376370551965
drag1,19,664.3848,1269.3389,0.74,2332.74661672.75709603504826
drag1,77,993.0805,1502.2175,0.74,2232.509999999999864.12440410810262
drag1,76,981.0916,1239.3545,0.58,1726.84084769.82025798282413
drag1,23,706.346,1511.2129,0.65999997,1284.432153999999965.19985329626776
drag1,15,682.36816,64.96616,0.85999995,4151.03076999999965.2159653288325
drag1,69,976.0962,403.78967,0.97999996,1718.200153999999958.133526912124346
drag1,11,701.3506,357.81363,0.83,3345.147846999999763.98653141107303
drag1,68,976.0962,90.95263,0.95,3365.032230999999759.93384561197649
drag1,21,674.3756,1387.2775,0.85999995,3831.18561.75234583221764
drag1,75,994.0796,1095.4294,0.83,1707.04438558.860981278448655
drag1,17,706.346,1076.4393,0.76,1581.84538469.98145907641144
drag1,78,975.09717,1356.2936,0.77,3075.213230999999764.13117583365074
drag1,54,99.90749,1226.3612,0.58,2117.983230999999764.69959530261013
drag1,22,392.63644,1492.2228,0.68,1808.41276967.19283179973844
drag1,18,406.6235,1238.355,0.76,1482.903153999999958.89655971734173
drag1,55,117.89084,1526.2051,0.7,1440.12338463.63023407116375
drag1,67,810.24976,1385.2784,0.72999996,2051.571153999999869.02299405728925
drag1,82,547.49304,1646.1426,0.76,2352.75346157.24323159985403
drag1,84,825.2359,1655.138,0.78,2562.33053963.07317580758643
drag1,44,564.47736,1363.2899,0.77,2515.19061661.81687045186712
drag1,38,558.4829,1104.4248,0.79999995,1570.72553962.84695673227911
drag1,45,266.75302,1369.2867,0.71999997,4217.61830862.14027434212024
drag1,44,566.47546,1358.2925,0.84999996,1673.04246170.77879373934414
drag1,39,285.73544,1076.4393,0.65999997,1632.88130866.82941956974888
drag1,56,82.92322,1361.291,0.77,1202.57046264.57602913873066
drag1,81,401.6281,1681.1244,0.78,1622.670768999999862.17559914515976
drag1,20,426.63226,1376.256,0.65999997,1951.24853963.91136543913712
drag1,79,1048.0297,1805.0598,0.63,2054.832231934.1186464386147
drag1,33,519.519,645.6637,0.76,4381.00769367.38974073647691
drag1,35,270.7493,932.5143,0.69,2165.876692999999763.96406993442312
drag1,34,508.52914,965.49713,0.84999996,2144.9862370.01579309298388
drag1,32,253.76503,667.6522,0.69,2624.28215463.130802146875254
drag1,9,394.89276,797.5846,0.69,1299.888383999999962.07758367983787
drag1,8,695.35614,500.7392,0.7,2330.41215469.81257414456351
drag1,6,379.64847,498.74023,0.55,2288.7617766.97916251043759
drag1,7,679.371,780.59344,0.74,2958.11123160.161803651587775
drag1,14,428.60315,75.960434,0.71,2626.770307999999771.6593296755341
drag1,47,106.90102,360.81207,0.78,2286.47346164.32725321503264
drag1,46,81.92415,67.9646,0.61,3049.29992459.850624644730864
drag1,10,395.63367,380.80167,0.71999997,2718.03746263.13776663638457
drag1,4,667.39154,661.6554,0.71,1522.423922999999859.30783290421489
drag1,73,970.10175,933.5138,0.82,2122.940460999999763.11830876125635
drag1,72,975.09717,710.6299,0.59,1595.30438549.9130710578946
drag1,3,707.34503,943.50854,0.65999997,1388.69423162.122242527226
scale1,27,5.0151215,1451.3416929999999
scale1,46,0.4311447,1162.275385
scale1,26,8.39819,2480.1097689999997
scale1,4,12.223732,2383.0787689999997
scale1,43,-1.1339607,1306.9466149999998
scale1,25,-4.18701,1867.1983839999998
scale1,42,4.8986664,1725.663231
scale1,23,-1.0795441,2055.921692
scale1,5,-0.0066604614,2503.777154
scale1,24,-2.4463978,1399.719077
scale1,19,-2.243597,3054.039847
scale1,2,0.08665466,1143.080539
scale1,44,-6.2552547,1683.469231
scale1,65,-4.390875,1686.687
scale1,45,55.986637,1001.5502309999999
scale1,28,-4.2960835,2133.201923
scale1,13,8.419716,1439.9263079999998
scale1,56,0.5646286,1705.9250769999999
scale1,40,-4.376129,1636.367462
scale1,41,-4.68124,1739.3071539999999
scale1,6,11.458912,1012.1224619999999
scale1,51,14.507034,1325.841846
scale1,36,-5.068165,2561.783693
scale1,21,3.0858536,2319.0538469999997
scale1,8,-4.071499,2216.825539
scale1,57,-3.3969383,1419.8583079999999
scale1,39,9.518177,1429.4316919999999
scale1,9,2.419773,1082.375462
scale1,58,1.4360161,1050.403231
scale1,47,-10.906557,1755.112923
scale1,1,4.0994453,1664.473231
scale1,35,2.3616142,1820.444923
scale1,3,3.5665398,1114.515385
scale1,17,-5.844486,1489.828616
scale1,53,-5.6858025,962.1158459999999
scale1,34,-5.7521496,1489.5166159999999
scale1,18,7.941227,1403.4683069999999
scale1,50,22.214836,1376.133538
scale1,62,-2.0207462,1253.203
scale1,66,8.888454,1551.213385
scale1,20,9.059326,1727.451769
scale1,37,9.27737,1431.7937689999999
scale1,32,9.242249,1509.7383069999998
scale1,31,1.1715202,1138.357923
scale1,49,0.9929924,1305.5729999999999
scale1,7,13.801712,1278.248077
scale1,15,6.1627464,1979.822
scale1,10,-5.292097,1369.236385
scale1,60,10.282688,877.534692
scale1,63,2.3644981,1765.582539
scale1,59,-2.5499268,1368.9443079999999
scale1,55,1.3149605,1316.183308
scale1,14,-4.6592846,1121.768769
scale1,12,8.45034,1448.669077
scale1,54,-8.058901,978.877077
scale1,52,-4.1808815,1837.082154
scale1,48,0.562088,1800.7669999999998
scale1,30,-4.147957,1360.1826919999999
scale1,16,0.31554794,2164.091077
scale1,11,0.09070587,1492.003
scale1,61,23.016563,908.333615
scale1,38,-9.972427,2256.326769
scale1,29,1.9521332,1122.03
scale1,64,24.359745,897.2825389999999
scale1,22,-1.8655987,1908.49777
scale1,33,17.938133,920.780231
scale2,25,-0.8985672,3065.180308
scale2,9,-4.0665264,3155.2728469999997
scale2,28,20.942734,3239.7125379999998
scale2,10,-9.036844,2699.006615
scale2,29,13.173174,2369.745923
scale2,12,12.329933,2320.3672309999997
scale2,30,8.372234,2197.786385
scale2,13,14.883825,1706.5191539999998
scale2,32,0.48182487,2320.998
scale2,15,3.9436626,2472.682616
scale2,34,-4.905487,2636.261231
scale2,17,10.73818,3166.952539
scale2,1,9.22863,2279.119616
scale2,20,2.4595413,2636.201385
scale2,3,-14.238224,4599.566462
scale2,24,0.19027519,2677.243231
scale2,16,-264.64767,898.9800769999999
scale2,2,-479.02835,631.3399999999999
scale2,23,-0.9503689,2226.407001
scale2,25,0.712698,2359.044539
scale2,9,4.373623,1972.059385
scale2,28,5.620199,2188.384231
scale2,10,10.255663,2032.7168459999998
scale2,29,-2.4714375,2513.87977
scale2,12,2.5372124,2613.088461
scale2,30,-0.19801712,2023.2710769999999
scale2,13,-6.06621,2339.547385
scale2,32,-4.6639137,2902.578539
scale2,15,-1.6006908,2350.849616
scale2,34,3.065237,2699.903616
scale2,17,-1.4763165,2114.859539
scale2,1,-90.80885,4424.757692
scale2,20,-90.80885,417.40984599999996
scale2,3,5.5181065,2146.595461
scale2,25,13.912371,1726.249077
scale2,9,6.2797737,2395.3916919999997
scale2,28,-362.1684,3852.402693
scale2,10,-473.75363,640.560692
scale2,25,58.505436,1812.045385
scale2,9,4.820074,1603.326846
scale2,28,12.066519,2360.588307
scale2,10,-0.3779068,2094.757846
scale2,29,29.577627,2115.512538
scale2,12,4.5066833,1849.2937689999999
scale2,30,-1.6996994,2706.8984619999997
scale2,13,-0.7341614,2216.6372309999997
scale2,32,5.484621,2247.6318459999998
scale2,15,-5.895258,1788.332461
scale2,34,-464.49316,1951.1366919999998
scale2,17,4.0881157,2144.838616
scale2,1,-48.92678,4025.909154
scale2,20,-0.49479103,2248.941077
scale2,3,-2.9671726,1778.190462
scale2,24,23.39938,1522.220231
scale2,16,-12.500822,3404.018924
scale2,2,-8.698151,2197.118308
scale2,23,58.86232,1819.9506159999999
scale2,7,1.0229416,2658.088923
scale2,11,2.2855053,1961.843154
scale2,14,-3.9405155,2269.471231
scale2,26,-451.57413,1972.285154
scale2,35,-46.798256,3842.236462
scale2,25,8.859598,2799.483769
scale2,9,3.4437103,1687.7955379999999
scale2,28,-0.30155754,1842.082923
scale2,10,20.934614,2354.366692
scale2,29,3.1169758,2268.381
scale2,12,-6.923235,2840.858385
scale2,30,0.25806427,2748.863077
scale2,13,-9.798323,2413.682231
scale2,32,-5.8467293,2207.090847
scale2,15,2.7612247,2636.451154
scale2,34,-2.92626,2635.4376159999997
scale2,17,-1.6356239,2626.2961539999997
scale2,1,27.163467,2299.012924
scale2,20,3.76264,2033.558308
scale2,3,12.470106,2035.7965379999998
scale2,24,2.5046082,2156.231769
scale2,16,33.850227,1747.673615
scale2,2,62.189774,2258.344385
scale2,23,-6.3313236,2851.841846
scale2,7,0.020456314,3245.223
scale2,11,-0.470747,3393.5061539999997
scale2,14,9.601061,2105.376461
scale2,26,-1.1926346,2921.9295389999997
scale2,35,2.9159374,2268.985693
scale2,21,0.010070801,2557.265308
scale2,22,-0.057718277,2289.355616
scale2,27,-10.071493,2246.904847
scale2,36,-10.168299,3674.850539
rotate1,9,0.0930624,2756.570846
rotate1,4,-0.7796526,2349.9238459999997
rotate1,13,-1.0150785,2178.583462
rotate1,6,1.5967045,1858.705462
rotate1,15,-0.57905865,2115.705
rotate1,2,1.1846008,3213.238231
rotate1,10,0.1315403,2493.477
rotate1,5,2.1062012,1174.7138459999999
rotate1,14,0.6647129,1980.252616
rotate1,8,0.09916592,1826.153
rotate1,11,0.5334406,2116.061385
rotate1,7,3.209938,1154.259846
rotate1,1,1.0565357,1285.536231
rotate1,12,3.2409134,1132.052846
rotate1,3,0.8335552,1969.929154
rotate2,2,1.3697815,4180.318385
rotate2,13,3.708252,2688.594769
rotate2,8,1.0686722,2371.019
rotate2,3,1.1515274,3200.5214619999997
rotate2,7,0.59854126,3994.899078
rotate2,12,-1.4730988,2760.73
rotate2,1,0.1643219,3495.741154
rotate2,11,1.0870056,3146.929384
rotate2,6,0.5155487,2708.482231
rotate2,10,1.6025467,2226.712924
rotate2,5,0.48294067,2196.469923
rotate2,15,-1.7002258,3181.924616
rotate2,9,-86.44574,5609.053462
rotate2,4,0.32083893,4455.422538
rotate2,14,-0.9915695,2484.794693
