scale2,25,-2.0648289,4875.363154
scale2,9,-564.384,4111.712923
scale2,25,0.0,31.237923
scale2,25,-563.9242,8096.996615999999
scale2,25,8.050598,3704.973462
scale2,9,-373.74014,3549.911615
scale2,28,7.813305,3551.758538
scale2,10,123.58106,1326.133924
scale2,29,1.3890781,4172.710231
scale2,12,-296.7796,7742.182462
scale2,25,-1.6879921,2300.770539
scale2,9,13.996588,1593.2636149999998
scale2,28,10.086977,2745.6509229999997
scale2,10,-389.9951,4213.675231
scale2,29,30.480412,2018.3184609999998
scale2,12,45.709915,2049.345154
scale2,30,3.261177,4767.204154
scale2,13,-465.96002,92.656154
scale2,32,-465.96002,1017.0693849999999
scale2,15,-465.82608,4316.387076999999
scale2,25,7.1207485,3073.025385
scale2,9,1.7732162,4324.962461
scale2,28,10.384632,2428.366231
scale2,10,-0.077545166,4196.350230999999
scale2,29,0.72006226,2897.5629999999996
scale2,12,32.53517,1815.811
scale2,30,-0.55817413,3745.6419229999997
scale2,13,-1.4240112,2621.261616
scale2,32,-4.112789,5704.495693
scale2,15,11.82205,1937.742462
scale2,34,14.970623,1533.515846
scale2,17,-5.3187046,4992.198077
scale2,1,1.7189598,5155.469923
scale2,20,12.823465,1694.257462
scale2,3,18.15029,2961.310846
scale2,24,-3.1094227,5348.315462
scale2,16,3.4647331,5002.461461
scale2,2,-4.2373524,4225.587232
scale2,23,0.7464981,3105.915923
scale2,7,4.3653774,3733.12877
scale2,11,-2.8712482,5277.971154
scale2,14,2.4630032,5277.273077
scale2,26,6.974596,3244.227078
scale2,35,1.4260254,3267.113231
scale2,21,17.278221,2662.831538
scale2,22,-11.845654,1816.21677
scale2,27,-11.626299,2596.609
scale2,36,-3.9922543,3101.6160769999997
scale2,31,45.013397,1390.257693
scale2,19,3.0010986,4982.278308
scale2,4,3.1785965,4684.830462
scale2,8,1.6503525,3602.626307
scale2,5,7.31266,3541.143616
scale2,33,34.463665,1101.304077
scale2,18,38.264637,1028.9083839999998
scale2,6,-4.935196,1532.360538
scale1,27,0.9337349,2317.924616
scale1,46,5.3583755,1786.9730769999999
scale1,26,-3.6611767,1948.721769
scale1,4,-1.4780731,2091.258308
scale1,43,3.6672363,1899.429385
scale1,25,42.87562,1092.759307
scale1,42,88.611984,997.3507689999999
scale1,23,2.2600594,1803.497077
scale1,5,8.321869,1733.672231
scale1,24,-8.925997,2961.016462
scale1,19,122.817535,1101.046615
scale1,2,48.190086,927.996077
scale1,44,11.772572,2304.2563849999997
scale1,65,2.251854,4204.858308
scale1,45,1.4292183,1734.4920769999999
scale1,28,46.659176,1072.0816929999999
scale1,13,9.536304,1181.943769
scale1,56,0.432209,1906.561078
scale1,40,25.765858,1072.511
scale1,41,22.536736,977.192462
scale1,6,-2.0383244,3104.765539
scale1,51,3.2529144,3288.144692
scale1,36,0.5646286,3275.167077
scale1,21,0.28100967,2602.126692
scale1,8,0.5716667,2500.580615
scale1,57,-2.8133755,1796.2546149999998
scale1,39,95.62692,1174.236308
scale1,9,53.462734,980.948539
scale1,58,-2.2899284,2030.403769
scale1,47,-144.0,29.263616
scale1,1,52.538784,1039.056
scale1,35,47.312073,967.8492309999999
scale1,3,84.87628,1018.875693
scale1,17,2.7935486,1089.0246929999998
scale1,53,-4.6996765,2886.1543079999997
scale1,34,61.61538,1041.363846
scale1,18,-5.294466,2755.098308
scale1,50,12.550163,1225.033461
scale1,62,108.95625,1237.902769
scale1,66,2.0217934,2204.343693
scale1,20,0.8723831,2550.9011539999997
scale1,37,11.653713,1510.3778459999999
scale1,32,-2.1431751,2726.9522309999998
scale1,31,2.3762054,3020.6732309999998
scale1,49,46.577774,1409.088
scale1,7,10.497162,1582.3841539999999
scale1,15,-0.23926163,3369.950923
scale1,10,6.038704,2092.181846
scale1,60,5.1730843,2745.707231
scale1,63,3.8857956,2246.874308
scale1,59,1.3008156,2857.525616
scale1,55,4.5865173,1573.774846
scale1,14,4.5865173,11.178308
scale1,12,4.5865173,609.800692
scale1,54,48.74136,1216.659384
scale1,52,12.91642,1340.6533849999998
scale1,48,-0.14246178,2663.447308
scale1,30,0.6175003,1654.3912309999998
scale1,16,-0.3934307,1655.6175389999999
scale1,11,1.6697502,1667.230077
scale1,61,1.6697502,18.481308
scale1,38,37.646336,998.4795379999999
scale1,29,-3.4187565,1930.593308
scale1,64,-2.0990067,1715.072846
scale1,22,15.371693,1022.441693
scale1,33,-6.029812,3131.9479229999997
rotate2,2,5.299225,7570.306769999999
rotate2,13,0.2718277,4589.946539
rotate2,8,-1.4260712,5339.049384999999
rotate2,3,0.38604736,5332.106
rotate2,7,-0.916687,3725.886231
rotate2,12,-3.8510818,3180.2554609999997
rotate2,1,-0.90302277,4870.421769
rotate2,11,-2.4466171,4116.362768999999
rotate2,6,-4.1501007,4073.736308
rotate2,10,2.763153,2796.923308
rotate2,5,2.2981415,5618.669308
rotate2,15,-1.8590317,6710.725154
rotate2,9,-4.496155,2512.006769
rotate2,4,-0.33448792,2684.845077
rotate2,14,-0.10079193,3002.876692
rotate1,9,-1.2224617,3136.3840769999997
rotate1,4,-1.2224617,93.95992299999999
rotate1,9,0.18475151,2306.442154
rotate1,4,-0.4889288,1970.588615
rotate1,13,0.07100582,2709.854231
rotate1,6,-0.79911137,2930.5996929999997
rotate1,15,-0.5374899,2045.077308
rotate1,2,-1.2547331,2808.314693
rotate1,10,-0.36245346,3697.87977
rotate1,5,-0.99930286,1898.779077
rotate1,14,0.11848068,2328.603462
rotate1,8,-0.5248432,2592.986846
rotate1,11,0.25982094,1399.442539
rotate1,7,0.96204376,2093.043462
rotate1,1,-0.6631012,3106.113
rotate1,12,-0.360754,2648.224077
rotate1,3,-0.791975,2839.313693
tap2,6,138,480,171.84088,538.7194,1.1,1567384576313
tap2,7,759,1101,774.2831,1189.3805,0.89,1567384577062
tap2,8,138,1101,201.81314,1139.4065,0.97999996,1567384577807
tap2,9,759,480,805.2544,533.722,1.12,1567384578532
tap2,164,0,687,77.92784,749.60956,0.75,1567384579349
tap2,183,621,1308,615.4302,1346.2988,0.90999997,1567384580135
tap2,182,0,1308,79.925995,1343.3003,0.95,1567384580922
tap2,163,621,687,698.3534,742.6132,1.02,1567384581575
tap2,242,345,66,364.66235,85.95523,1.17,1567384582566
tap2,243,552,1032,631.41534,1048.4539,0.97999996,1567384583403
tap2,244,345,1032,406.6235,1069.443,0.95,1567384584149
tap2,245,552,66,604.4403,76.959915,1.17,1567384585170
tap2,42,69,411,85.92044,438.77145,1.06,1567384586120
tap2,43,690,1032,748.3071,1039.4586,0.94,1567384586885
tap2,45,690,411,805.2544,376.80374,0.87,1567384587560
tap2,44,69,1032,109.89824,1068.4435,0.94,1567384588377
tap2,322,345,756,408.62164,784.5914,1.17,1567384589265
tap2,321,483,1653,516.5217,1696.1166,0.81,1567384590082
tap2,316,345,1653,350.6753,1696.1166,0.81,1567384590817
tap2,323,483,756,592.4514,780.59344,0.95,1567384591634
tap2,2,138,549,237.77983,562.7069,1.11,1567384592461
tap2,3,759,1170,803.2562,1169.3909,0.75,1567384593217
tap2,4,138,1170,177.83534,1246.3508,0.95,1567384593952
tap2,5,759,549,810.24976,561.70746,1.02,1567384594698
tap2,11,759,1032,823.23773,1041.4575,0.65,1567384595371
tap2,10,138,411,228.78816,442.76938,1.17,1567384596219
tap2,12,138,1032,197.81683,1076.4393,1.05,1567384597087
tap2,13,759,411,843.21924,435.773,1.1,1567384597894
tap2,15,759,963,829.2322,963.49817,0.95,1567384598680
tap2,14,138,342,177.83534,376.80374,1.16,1567384599456
tap2,17,759,342,823.23773,418.78186,1.0699999,1567384600335
tap2,16,138,963,208.80666,993.48254,1.06,1567384601111
tap2,122,207,66,255.76318,100.94742,1.1899999,1567384602214
tap2,123,828,687,845.2174,701.6345,0.83,1567384602979
tap2,124,207,687,257.76132,730.61945,1.14,1567384603858
tap2,125,828,66,840.22205,128.93285,1.1,1567384604624
tap2,135,621,1170,614.4311,1217.366,0.84999996,1567384605420
tap2,134,0,549,89.91675,569.70325,1.14,1567384606267
tap2,136,0,1170,60.943573,1227.3607,0.83,1567384607084
tap2,137,621,549,695.35614,566.70483,1.06,1567384607748
tap2,130,69,66,144.86586,99.947945,1.35,1567384608708
tap2,131,690,687,752.3034,741.6137,0.95,1567384609433
tap2,133,690,66,705.3469,107.94378,1.14,1567384610260
tap2,132,69,687,139.87048,686.64233,1.16,1567384611057
tap2,127,759,687,821.2396,701.6345,0.65,1567384611700
tap2,126,138,66,213.80203,99.947945,1.1,1567384612691
tap2,128,138,687,213.80203,709.6304,0.95,1567384613457
tap2,129,759,66,806.2535,87.954185,1.17,1567384614243
tap2,18,138,273,174.83812,280.85373,0.84999996,1567384615111
tap2,19,759,894,741.3136,897.53253,0.89,1567384615949
tap2,20,138,894,156.85477,941.5096,1.16,1567384616735
tap2,21,759,273,815.2451,283.85214,1.1999999,1567384617409
tap2,35,828,1170,836.2257,1173.3888,0.65,1567384618093
tap2,34,207,549,244.77336,558.709,1.14,1567384618798
tap2,36,207,1170,277.74283,1216.3665,0.95,1567384619533
tap2,37,828,549,906.16095,560.70795,0.82,1567384620197
tap2,26,138,135,209.80574,175.90837,1.3299999,1567384621147
tap2,27,759,756,839.22296,788.58923,0.83,1567384621810
tap2,28,138,756,215.80019,771.5981,1.01,1567384622566
tap2,29,759,135,795.2637,207.89172,1.2099999,1567384623404
tap2,43,690,1032,761.2951,1059.4481,0.59999996,1567384624220
tap2,42,69,411,158.85292,425.77823,1.06,1567384625180
tap2,45,690,411,754.3016,494.7423,0.91999996,1567384625906
tap2,44,69,1032,128.88066,1064.4456,0.87,1567384626743
tap2,24,138,825,176.83626,850.557,1.0799999,1567384627519
tap2,25,759,204,821.2396,201.89484,1.22,1567384628295
tap2,22,138,204,188.82516,228.88078,1.37,1567384629184
tap2,23,759,825,822.23865,828.5684,0.71,1567384629929
tap2,38,69,480,167.84459,521.7283,0.9,1567384630766
tap2,39,690,1101,729.3247,1116.4185,0.53,1567384631573
tap2,40,69,1101,134.87512,1176.3873,0.63,1567384632380
tap2,41,690,480,772.2849,546.7152,0.71999997,1567384633054
tap2,33,690,549,727.32654,567.7043,0.94,1567384633942
tap2,32,69,1170,102.90472,1215.367,0.91999996,1567384634749
tap2,30,69,549,130.87881,575.70013,0.69,1567384635678
tap2,31,690,1170,697.3543,1175.3878,0.58,1567384636465
tap2,46,69,342,159.85199,390.79645,0.88,1567384637374
tap2,47,690,963,776.28125,1027.4648,0.66999996,1567384638099
tap2,48,69,963,132.87697,1002.47784,0.82,1567384638936
tap2,49,690,342,756.29974,347.81885,1.16,1567384639661
tap2,108,276,963,291.7299,1002.47784,1.0699999,1567384640366
tap2,231,897,1584,962.1092,1572.1812,0.71,1567384641479
tap2,230,276,1584,310.7123,1587.1733,1.02,1567384642388
tap2,107,897,963,971.1008,1015.47107,0.96999997,1567384643286
tap2,143,621,1032,684.36633,1061.4471,1.0699999,1567384644175
tap2,232,0,1653,68.93617,1652.1395,0.98999995,1567384645400
tap2,233,621,1653,646.4015,1700.1145,0.75,1567384646248
tap2,144,0,1032,71.933395,1057.4492,0.98999995,1567384647136
tap2,44,69,1032,127.88159,1055.4503,1.1899999,1567384647923
tap2,235,690,1653,759.29694,1681.1244,0.65,1567384648780
tap2,43,690,1032,829.2322,1046.455,0.9,1567384649495
tap2,234,69,1653,124.88437,1683.1233,0.89,1567384650323
tap2,12,138,1032,187.82608,1099.4274,0.88,1567384651130
tap2,237,759,1653,771.2858,1659.1359,0.56,1567384652008
tap2,11,759,1032,827.2341,1109.4221,1.09,1567384652897
tap2,236,138,1653,242.7752,1672.129,0.59999996,1567384653805
tap2,238,207,1653,253.76503,1667.1317,0.89,1567384654806
tap2,67,828,1032,865.1989,1038.4591,1.05,1567384655654
tap2,68,207,1032,259.7595,1080.4373,1.04,1567384656502
tap2,239,828,1653,909.1582,1698.1155,0.64,1567384657349
tap2,104,276,1032,342.6827,1082.4362,0.89,1567384658125
tap2,241,897,1653,967.10455,1690.1196,0.5,1567384658942
tap2,240,276,1653,276.74374,1682.1239,0.84,1567384659759
tap2,103,897,1032,932.1369,1096.429,1.01,1567384660443
tap2,50,69,273,139.87048,354.8152,1.14,1567384661557
tap2,51,690,894,718.3349,909.52625,1.0799999,1567384662364
tap2,52,69,894,95.911194,936.5122,1.01,1567384663231
tap2,53,690,273,774.2831,249.86986,1.27,1567384664110
tap2,55,690,825,712.34045,863.55023,1.27,1567384664978
tap2,54,69,204,131.8779,230.87975,1.04,1567384665979
tap2,56,69,825,143.86679,843.5606,1.11,1567384666755
tap2,57,690,204,732.3219,254.86725,1.1899999,1567384667797
tap2,59,690,756,724.32935,779.59393,0.93,1567384668654
tap2,58,69,135,91.914894,152.92035,1.18,1567384669655
tap2,61,690,135,770.2868,140.92659,1.15,1567384670523
tap2,60,69,756,100.90657,804.58093,1.16,1567384671687
tap2,62,207,480,249.76874,506.73605,1.0699999,1567384672505
tap2,63,828,1101,845.2174,1060.4476,0.79999995,1567384673209
tap2,64,207,1101,251.76688,1126.4133,0.82,1567384673944
tap2,65,828,480,906.16095,491.74387,0.81,1567384674608
tap2,290,345,480,396.63275,505.73657,0.94,1567384675364
tap2,291,552,1446,597.44684,1546.1947,0.71999997,1567384676069
tap2,293,552,480,672.37744,448.76627,0.87,1567384676774
tap2,292,345,1446,330.69382,1515.2108,0.77,1567384677539
tap2,141,621,480,694.35706,524.7267,1.17,1567384678234
tap2,295,414,1446,396.63275,1525.2056,0.7,1567384678908
tap2,294,414,480,457.57632,530.7236,1.12,1567384679633
tap2,203,621,1446,699.3525,1453.243,0.7,1567384680277
tap2,297,483,1446,509.52823,1448.2457,0.75,1567384681226
tap2,41,690,480,775.28217,456.7621,0.95,1567384681962
tap2,296,483,480,549.4912,513.7324,1.12,1567384682718
tap2,205,690,1446,735.31915,1496.2207,0.72999996,1567384683402
tap2,319,414,1653,456.57724,1698.1155,0.72999996,1567384684126
tap2,325,552,756,593.4505,760.6038,1.09,1567384684831
tap2,324,414,756,489.54672,852.55597,1.0699999,1567384685577
tap2,315,552,1653,627.41907,1583.1754,0.53,1567384686230
tap2,298,345,549,415.61517,598.6882,1.1999999,1567384687037
tap2,299,552,1515,581.4616,1575.1796,0.85999995,1567384687732
tap2,301,552,549,607.43756,530.7236,1.18,1567384688437
tap2,300,345,1515,391.6374,1593.1702,0.89,1567384689100
tap2,326,345,825,361.66513,908.5268,1.02,1567384689805
tap2,256,483,135,542.4977,152.92035,1.39,1567384690622
tap2,250,345,135,401.6281,155.9188,1.14,1567384691664
tap2,327,483,825,550.4903,828.5684,1.03,1567384692440
tap2,67,828,1032,911.1564,1001.4784,0.79999995,1567384693083
tap2,66,207,411,291.7299,468.75586,1.17,1567384693921
tap2,68,207,1032,272.74747,1048.4539,1.0,1567384694666
tap2,69,828,411,911.1564,394.79437,1.1,1567384695412
tap2,72,207,963,279.74097,1015.47107,1.03,1567384696178
tap2,73,828,342,900.1665,360.81207,1.12,1567384696903
tap2,70,207,342,261.75763,371.80634,1.17,1567384697679
tap2,71,828,963,852.21094,1003.47736,0.79999995,1567384698384
tap2,76,207,894,240.77705,955.5023,1.02,1567384699109
tap2,77,828,273,912.1554,344.8204,1.23,1567384699926
tap2,74,207,273,271.74838,312.83707,1.0699999,1567384700753
tap2,75,828,894,849.2137,959.50024,0.74,1567384701417
tap2,80,207,825,243.77429,870.5466,0.97999996,1567384702162
tap2,81,828,204,922.1462,236.87662,1.12,1567384702959
tap2,78,207,204,247.77058,238.87558,1.1899999,1567384703817
tap2,79,828,825,855.2081,881.54083,0.79999995,1567384704746
tap2,84,207,756,255.76318,799.58356,1.11,1567384705481
tap2,85,828,135,884.18134,146.92348,1.3,1567384706237
tap2,82,207,135,262.7567,152.92035,1.1999999,1567384707115
tap2,83,828,756,901.1656,770.59863,0.91999996,1567384707820
tap2,89,621,618,701.3506,625.67413,0.94,1567384708534
tap2,88,0,1239,103.90379,1276.3352,0.89,1567384709362
tap2,87,621,1239,628.41815,1280.3331,0.78,1567384710107
tap2,86,0,618,65.93895,652.66003,0.97999996,1567384710934
tap2,305,483,1515,559.48193,1544.1957,0.66999996,1567384711774
tap2,33,690,549,768.28864,548.7142,0.89,1567384712486
tap2,304,483,549,544.49585,607.6835,0.98999995,1567384713120
tap2,215,690,1515,716.33673,1513.2118,0.64,1567384713804
tap2,309,552,618,661.38763,646.6632,0.95,1567384714529
tap2,308,345,1584,326.6975,1706.1113,0.78999996,1567384715254
tap2,307,552,1584,563.4783,1616.1582,0.74,1567384716132
tap2,306,345,618,390.6383,655.6585,1.18,1567384717041
tap2,258,345,204,404.62534,186.90265,1.1,1567384718021
tap2,331,483,894,561.4801,905.5283,1.0699999,1567384718828
tap2,330,345,894,440.59204,929.51587,1.1,1567384719573
tap2,264,483,204,510.52728,247.8709,1.18,1567384720482
tap2,223,621,1584,600.44403,1597.1681,0.68,1567384721330
tap2,310,414,618,464.56985,661.6554,1.13,1567384722137
tap2,89,621,618,695.35614,707.6314,1.05,1567384722933
tap2,311,414,1584,467.56708,1598.1676,0.68,1567384723556
tap2,261,552,204,627.41907,251.8688,1.03,1567384724312
tap2,322,345,756,398.6309,815.5752,1.02,1567384725119
tap2,262,414,204,455.5782,232.87871,1.17,1567384725966
tap2,333,552,894,650.39777,920.52057,0.82,1567384726610
tap2,312,483,618,572.4699,646.6632,0.87,1567384727304
tap2,225,690,1584,750.3053,1624.154,0.61,1567384728132
tap2,93,690,618,779.27844,659.65643,0.93,1567384728836
tap2,313,483,1584,534.50507,1614.1593,0.52,1567384729633
tap2,91,690,1239,763.2933,1246.3508,0.55,1567384730419
tap2,90,69,618,148.86217,638.66736,1.1899999,1567384731287
tap2,93,690,618,766.29047,635.6689,0.42999998,1567384732104
tap2,92,69,1239,147.8631,1268.3394,0.96,1567384732911
tap2,108,276,963,402.6272,987.48566,1.02,1567384733636
tap2,109,897,342,948.12213,418.78186,0.9,1567384734330
tap2,106,276,342,362.6642,409.78656,1.3199999,1567384735168
tap2,107,897,963,937.13226,990.4841,0.53,1567384736056
tap2,100,276,1101,344.68085,1114.4196,0.89,1567384736760
tap2,101,897,480,955.11566,494.7423,0.72999996,1567384737434
tap2,99,897,1101,941.1286,1113.42,0.44,1567384738414
tap2,98,276,480,360.66605,547.7147,0.64,1567384739252
tap2,105,897,411,973.099,490.7444,0.88,1567384740150
tap2,104,276,1032,311.71136,1035.4607,0.84999996,1567384740906
tap2,102,276,411,349.67624,435.773,1.26,1567384741794
tap2,103,897,1032,961.1101,1075.4398,0.65,1567384742734
tap2,97,897,549,970.10175,627.6731,0.68,1567384743520
tap2,96,276,1170,317.70584,1185.3826,1.0,1567384744398
tap2,94,276,549,343.68176,567.7043,1.3199999,1567384745185
tap2,95,897,1170,954.1166,1140.406,0.57,1567384745960
tap2,111,897,894,974.0981,909.52625,0.69,1567384746706
tap2,110,276,273,375.65216,313.83655,1.16,1567384747696
tap2,112,276,894,348.67715,915.52313,1.05,1567384748554
tap2,113,897,273,962.1092,343.82092,1.2099999,1567384749422
tap2,116,276,825,368.65866,833.56586,1.14,1567384750177
tap2,117,897,204,961.1101,297.84488,0.9,1567384750984
tap2,114,276,204,372.65494,252.86829,1.13,1567384751873
tap2,115,897,825,980.0925,840.5622,0.57,1567384752597
tap2,119,897,756,974.0981,742.6132,0.65999997,1567384753292
tap2,118,276,135,333.69104,162.91515,1.35,1567384754233
tap2,121,897,135,947.12305,169.9115,1.18,1567384755099
tap2,120,276,756,314.70862,776.5955,1.05,1567384755896
tap2,152,0,894,78.92692,884.5393,1.0699999,1567384756713
tap2,213,621,1515,699.3525,1513.2118,0.65999997,1567384757550
tap2,212,0,1515,72.93247,1581.1764,0.98999995,1567384758306
tap2,151,621,894,674.3756,932.5143,1.0699999,1567384758949
tap2,56,69,825,133.87604,889.5367,1.04,1567384759592
tap2,205,690,1446,767.28955,1437.2513,0.65999997,1567384760358
tap2,204,69,1446,139.87048,1478.2301,0.97999996,1567384761124
tap2,55,690,825,763.2933,793.5867,0.96999997,1567384761747
tap2,24,138,825,190.82332,797.5846,1.26,1567384762421
tap2,207,759,1446,767.28955,1490.2238,0.59999996,1567384763115
tap2,206,138,1446,238.77892,1478.2301,0.89,1567384763810
tap2,23,759,825,847.2156,787.5898,0.9,1567384764433
tap2,80,207,825,256.76227,842.56116,1.23,1567384765148
tap2,209,828,1446,860.2035,1496.2207,0.74,1567384765863
tap2,208,207,1446,244.77336,1531.2025,1.01,1567384766567
tap2,79,828,825,911.1564,839.5627,0.89,1567384767333
tap2,115,897,825,915.15265,819.5731,0.93,1567384768160
tap2,210,276,1446,301.72064,1507.215,0.94,1567384768885
tap2,116,276,825,319.70398,876.54346,1.13,1567384769692
tap2,211,897,1446,899.1674,1418.2612,0.39999998,1567384770499
tap2,203,621,1446,703.34875,1479.2295,0.65,1567384771203
tap2,156,0,825,76.92877,877.5429,1.06,1567384772102
tap2,202,0,1446,71.933395,1463.2379,1.05,1567384773021
tap2,155,621,825,703.34875,869.5471,1.06,1567384773746
tap2,52,69,894,104.90287,971.494,1.22,1567384774574
tap2,215,690,1515,747.30804,1497.2202,0.53,1567384775421
tap2,51,690,894,766.29047,894.53406,0.96,1567384776198
tap2,214,69,1515,144.86586,1528.204,0.91999996,1567384776984
tap2,216,138,1515,174.83812,1581.1764,0.96,1567384777873
tap2,19,759,894,839.22296,933.5138,0.85999995,1567384778618
tap2,217,759,1515,791.26733,1502.2175,0.55,1567384779343
tap2,20,138,894,231.78539,966.4966,1.25,1567384780160
tap2,141,621,480,685.3654,485.747,1.35,1567384781018
tap2,140,0,1101,66.93802,1119.417,0.89,1567384781835
tap2,138,0,480,85.92044,513.7324,1.17,1567384782693
tap2,139,621,1101,684.36633,1136.4081,0.78999996,1567384783417
tap2,142,0,411,103.90379,442.76938,1.4699999,1567384784173
tap2,143,621,1032,683.36725,1046.455,0.88,1567384784878
tap2,144,0,1032,68.93617,1043.4565,1.01,1567384785603
tap2,145,621,411,653.395,440.77042,1.22,1567384786348
tap2,148,0,963,78.92692,983.48773,1.2099999,1567384787155
tap2,149,621,342,655.3932,400.79126,1.27,1567384787870
tap2,147,621,963,685.3654,942.5091,0.94,1567384788646
tap2,146,0,342,66.93802,382.80063,1.1999999,1567384789473
tap2,153,621,273,706.346,254.86725,1.03,1567384790198
tap2,152,0,894,74.93062,943.50854,1.15,1567384790943
tap2,150,0,273,100.90657,304.84122,1.38,1567384791771
tap2,151,621,894,683.36725,886.53827,0.79999995,1567384792495
tap2,266,345,273,400.62906,310.8381,1.1899999,1567384793251
tap2,267,552,1239,599.44495,1211.369,0.71,1567384794007
tap2,269,552,273,581.4616,301.84277,1.1,1567384794783
tap2,268,345,1239,347.67807,1277.3347,0.93,1567384795569
tap2,271,414,1239,469.56522,1283.3315,0.91999996,1567384796254
tap2,153,621,273,674.3756,317.83444,1.36,1567384797061
tap2,270,414,273,479.55597,267.86047,1.4699999,1567384797959
tap2,87,621,1239,662.38666,1240.354,0.84,1567384798766
tap2,91,690,1239,759.29694,1274.3363,0.83,1567384799470
tap2,272,483,273,532.50696,319.8334,1.4499999,1567384800380
tap2,273,483,1239,532.50696,1220.3644,0.94,1567384801145
tap2,53,690,273,729.3247,294.84644,1.24,1567384801962
tap2,277,552,342,611.43384,356.81415,1.28,1567384802779
tap2,276,345,1308,411.61887,1314.3154,0.89,1567384803606
tap2,274,345,342,451.58188,385.79904,1.03,1567384804494
tap2,275,552,1308,633.4135,1345.2993,0.84,1567384805270
tap2,183,621,1308,688.3626,1307.3191,0.84,1567384806046
tap2,278,414,342,482.5532,381.80115,1.15,1567384806966
tap2,149,621,342,668.3811,339.823,1.3,1567384807783
tap2,279,414,1308,448.58466,1321.3118,0.88,1567384808579
tap2,281,483,1308,527.5116,1283.3315,0.96,1567384809447
tap2,49,690,342,726.32745,325.8303,1.24,1567384810346
tap2,280,483,342,541.4986,331.82718,1.37,1567384811224
tap2,185,690,1308,743.31177,1296.3248,0.90999997,1567384812123
tap2,156,0,825,55.948196,852.55597,1.0,1567384813041
tap2,157,621,204,668.3811,231.87923,1.06,1567384813950
tap2,155,621,825,712.34045,822.57153,0.93,1567384814686
tap2,154,0,204,95.911194,245.87193,1.3,1567384815574
tap2,158,0,135,73.93155,164.91411,1.37,1567384816513
tap2,159,621,756,683.36725,748.6101,1.0799999,1567384817330
tap2,160,0,756,78.92692,782.5924,1.15,1567384818137
tap2,161,621,135,693.35803,144.92451,1.24,1567384819056
tap2,162,0,66,78.92692,117.93857,1.3199999,1567384820118
tap2,163,621,687,697.3543,652.66003,0.83,1567384820904
tap2,164,0,687,78.92692,696.63715,1.14,1567384821823
tap2,165,621,66,660.38855,84.95575,1.28,1567384822926
tap2,169,897,66,940.1295,129.93233,1.3199999,1567384823814
tap2,168,276,687,331.69287,618.67773,1.17,1567384824509
tap2,166,276,66,318.7049,94.95055,1.3,1567384825366
tap2,167,897,687,950.12024,653.65955,0.69,1567384826061
tap2,170,138,618,194.81961,637.66785,1.25,1567384826847
tap2,171,759,1239,791.26733,1211.369,0.78999996,1567384827725
tap2,173,759,618,823.23773,627.6731,0.89,1567384828450
tap2,172,138,1239,194.81961,1269.3389,1.09,1567384829247
tap2,177,828,618,918.14984,617.6783,0.84999996,1567384829839
tap2,176,207,1239,255.76318,1276.3352,1.01,1567384830543
tap2,174,207,618,251.76688,675.6481,1.42,1567384831330
tap2,175,828,1239,863.20074,1186.3821,0.34,1567384831922
tap2,133,690,66,884.18134,1199.3752,0.61,1567384832228
tap2,249,483,1032,541.4986,1072.4414,1.0799999,1567384833035
tap2,43,690,1032,740.3145,1007.4752,0.96999997,1567384833699
tap2,248,483,66,531.5079,95.95003,1.25,1567384834587
tap2,251,552,1101,603.4413,1126.4133,0.71,1567384835363
tap2,250,345,135,385.6429,180.90578,1.31,1567384836404
tap2,252,345,1101,379.64847,1103.4253,0.94,1567384837303
tap2,253,552,135,619.42645,182.90474,1.2099999,1567384838242
tap2,254,414,135,460.57355,150.92139,1.4,1567384839222
tap2,139,621,1101,658.3904,1118.4175,0.7,1567384840029
tap2,161,621,135,674.3756,177.90733,1.09,1567384840968
tap2,255,414,1101,437.59482,1101.4263,0.90999997,1567384841744
tap2,178,276,618,328.69565,649.6616,1.13,1567384842582
tap2,179,897,1239,908.1591,1195.3773,0.5,1567384843490
tap2,181,897,618,935.13416,652.66003,0.96999997,1567384844409
tap2,180,276,1239,274.7456,1280.3331,0.87,1567384845185
tap2,132,69,687,91.914894,730.61945,1.3199999,1567384846023
tap2,185,690,1308,749.3062,1342.3009,0.98999995,1567384846850
tap2,184,69,1308,89.91675,1366.2883,1.13,1567384847626
tap2,131,690,687,799.25995,714.6278,0.96999997,1567384848279
tap2,127,759,687,844.2183,722.6236,1.02,1567384849331
tap2,187,759,1308,776.28125,1343.3003,0.48,1567384849984
tap2,186,138,1308,225.79094,1337.3035,1.09,1567384850740
tap2,126,138,66,195.8187,156.91827,1.36,1567384852027
tap2,123,828,687,883.18225,760.6038,0.83,1567384852987
tap2,188,207,1308,260.75854,1359.292,1.0,1567384853752
tap2,124,207,687,301.72064,728.6205,1.03,1567384854508
tap2,189,828,1308,836.2257,1307.3191,0.44,1567384855192
tap2,317,552,687,606.4385,690.64026,1.01,1567384855927
tap2,316,345,1653,380.64755,1667.1317,0.71999997,1567384856673
tap2,314,345,687,432.59946,720.62463,1.12,1567384857510
tap2,315,552,1653,600.44403,1682.1239,0.71999997,1567384858368
tap2,266,345,273,399.62997,285.8511,1.12,1567384859338
tap2,335,483,963,546.494,972.49347,1.03,1567384860155
tap2,272,483,273,563.4783,341.82196,1.03,1567384861053
tap2,334,345,963,416.61426,944.50806,0.98999995,1567384861901
tap2,318,414,687,491.54486,731.61896,0.93,1567384862666
tap2,233,621,1653,650.39777,1698.1155,0.74,1567384863575
tap2,163,621,687,689.3617,674.6486,1.04,1567384864331
tap2,319,414,1653,421.60962,1734.0968,0.79999995,1567384865056
tap2,269,552,273,640.40704,289.84903,0.96,1567384865791
tap2,336,414,963,458.5754,977.49084,1.12,1567384866547
tap2,337,552,963,636.4107,1006.47577,1.02,1567384867241
tap2,270,414,273,481.5541,302.84225,1.35,1567384868078
tap2,168,276,687,336.68826,688.6413,1.1899999,1567384868854
tap2,191,897,1308,927.14154,1306.3196,0.65,1567384869793
tap2,167,897,687,969.10266,712.62885,0.96,1567384870641
tap2,190,276,1308,328.69565,1325.3097,0.94,1567384871478
tap2,192,0,1377,68.93617,1397.2722,0.90999997,1567384872305
tap2,160,0,756,46.95652,765.60126,0.84999996,1567384873244
tap2,193,621,1377,694.35706,1361.291,0.74,1567384874245
tap2,159,621,756,682.36816,785.5908,1.02,1567384875113
tap2,194,69,1377,100.90657,1423.2587,1.12,1567384876042
tap2,59,690,756,757.2988,782.5924,0.78999996,1567384876900
tap2,60,69,756,109.89824,752.608,1.0,1567384877829
tap2,195,690,1377,708.3441,1367.2878,0.76,1567384878768
tap2,28,138,756,209.80574,831.5669,1.17,1567384879585
tap2,197,759,1377,785.2729,1303.3212,0.61,1567384880412
tap2,27,759,756,843.21924,743.6127,0.85999995,1567384881128
tap2,196,138,1377,145.86494,1437.2513,1.04,1567384881964
tap2,84,207,756,276.74374,790.5882,1.1,1567384882791
tap2,199,828,1377,898.1684,1404.2686,0.61,1567384883802
tap2,83,828,756,920.148,785.5908,0.91999996,1567384884670
tap2,198,207,1377,270.7493,1436.252,0.91999996,1567384885579
tap2,200,276,1377,292.72894,1429.2556,1.02,1567384886344
tap2,119,897,756,958.11285,744.6122,0.96,1567384887028
tap2,120,276,756,325.69843,790.5882,1.1,1567384887733
tap2,201,897,1377,940.1295,1385.2784,0.69,1567384888529
tap2,242,345,66,416.61426,151.92087,1.16,1567384889632
tap2,347,966,687,1024.0518,657.6575,0.72999996,1567384890377
tap2,338,966,66,1024.0518,134.92972,0.97999996,1567384891286
tap2,314,345,687,350.6753,700.6351,1.04,1567384892093
tap2,322,345,756,386.642,788.58923,1.0699999,1567384893012
tap2,339,966,135,1007.0675,165.91359,1.0799999,1567384893849
tap2,348,966,756,980.0925,765.60126,0.7,1567384894686
tap2,250,345,135,421.60962,192.89952,1.13,1567384895625
tap2,258,345,204,410.6198,230.87975,1.03,1567384896473
tap2,349,966,825,961.1101,811.5773,0.77,1567384897208
tap2,340,966,204,1017.0583,274.85684,0.95,1567384898065
tap2,326,345,825,400.62906,837.5637,1.01,1567384898811
tap2,330,345,894,386.642,879.5419,0.90999997,1567384899801
tap2,341,966,273,1020.0555,259.86465,0.9,1567384900597
tap2,266,345,273,444.58835,310.8381,0.96,1567384901465
tap2,350,966,894,982.09064,899.5315,0.66999996,1567384902323
tap2,76,207,894,217.79834,955.5023,0.87,1567384903119
tap2,219,828,1515,853.21,1502.2175,0.75,1567384903987
tap2,218,207,1515,251.76688,1574.18,0.77,1567384904763
tap2,75,828,894,899.1674,969.49506,0.84999996,1567384905559
tap2,220,276,1515,323.7003,1570.1821,0.9,1567384906254
tap2,111,897,894,976.0962,919.52106,0.74,1567384907019
tap2,112,276,894,309.71323,959.50024,0.94,1567384907826
tap2,221,897,1515,970.10175,1545.1952,0.69,1567384908745
tap2,225,690,1584,762.2942,1599.1671,0.68,1567384909449
tap2,48,69,963,152.85846,1040.4581,1.02,1567384910235
tap2,47,690,963,751.3043,984.48724,0.66999996,1567384911083
tap2,224,69,1584,131.8779,1639.1462,0.89,1567384911858
tap2,165,621,66,675.37463,118.93805,1.13,1567384913124
tap2,247,414,1032,441.59113,1070.4425,0.94,1567384913910
tap2,143,621,1032,703.34875,1042.457,0.65,1567384914615
tap2,246,414,66,485.5504,138.92764,1.16,1567384915595
tap2,15,759,963,825.2359,1021.46796,0.68,1567384916462
tap2,226,138,1584,203.81128,1606.1635,0.87,1567384917238
tap2,227,759,1584,790.26825,1591.1713,0.48,1567384918055
tap2,16,138,963,148.86217,1030.4633,1.15,1567384918841
tap2,72,207,963,227.7891,1005.4763,0.94,1567384919545
tap2,229,828,1584,861.2026,1580.177,0.35,1567384920362
tap2,71,828,963,904.16284,985.4867,0.65999997,1567384921097
tap2,228,207,1584,235.78168,1607.1628,0.87,1567384921832
tap2,242,345,66,400.62906,99.947945,1.15,1567384922812
tap2,243,552,1032,597.44684,1039.4586,0.78999996,1567384923527
tap2,244,345,1032,479.55597,1024.4664,0.83,1567384924180
tap2,245,552,66,594.4496,104.945335,1.31,1567384925109
tap2,148,0,963,67.937096,977.49084,0.96,1567384925875
tap2,223,621,1584,664.3848,1612.1603,0.57,1567384926610
tap2,147,621,963,692.35895,971.494,0.89,1567384927315
tap2,222,0,1584,113.89455,1617.1577,0.98999995,1567384928131
tap2,252,345,1101,398.6309,1137.4076,1.01,1567384928928
tap2,344,966,480,1033.0435,504.7371,0.76,1567384929724
tap2,290,345,480,420.61053,511.73346,1.23,1567384930562
tap2,353,966,1101,962.1092,1030.4633,0.59,1567384931358
tap2,345,966,549,1019.05646,608.683,0.96,1567384932266
tap2,260,345,1170,388.64014,1192.3789,1.0,1567384933093
tap2,354,966,1170,1007.0675,1167.392,0.76,1567384934267
tap2,298,345,549,380.64755,523.72723,1.28,1567384935115
tap2,346,966,618,1015.0601,609.68243,0.84,1567384935921
tap2,268,345,1239,386.642,1279.3336,1.02,1567384936626
tap2,355,966,1239,1000.07404,1269.3389,0.68,1567384937555
tap2,306,345,618,412.61795,696.63715,1.2099999,1567384938443
tap2,314,345,687,426.605,687.64185,0.96,1567384939260
tap2,356,966,1308,956.1147,1287.3295,0.72999996,1567384940015
tap2,347,966,687,1013.062,726.6215,0.94,1567384940822
tap2,276,345,1308,352.67346,1352.2957,1.06,1567384941577
tap2,257,483,1101,496.54025,1136.4081,1.09,1567384942302
tap2,61,690,135,754.3016,156.91827,1.51,1567384943252
tap2,39,690,1101,738.3164,1126.4133,0.84999996,1567384943936
tap2,256,483,135,567.47455,190.90057,1.36,1567384944895
tap2,258,345,204,369.6577,254.86725,1.43,1567384945743
tap2,259,552,1170,590.4533,1182.3842,1.0799999,1567384946488
tap2,260,345,1170,376.65125,1220.3644,1.06,1567384947233
tap2,261,552,204,579.46344,239.87506,1.4,1567384948040
tap2,157,621,204,673.3765,258.86517,1.27,1567384948775
tap2,263,414,1170,476.55875,1193.3784,1.1999999,1567384949521
tap2,262,414,204,488.54764,224.88287,1.25,1567384950256
tap2,135,621,1170,725.3284,1166.3925,0.88,1567384950909
tap2,244,345,1032,385.6429,1081.4368,1.05,1567384951583
tap2,361,966,1653,1025.0509,1607.1628,0.45,1567384952420
tap2,352,966,1032,1033.0435,1079.4377,0.61,1567384953349
tap2,316,345,1653,360.66605,1642.1447,0.78,1567384954104
tap2,282,345,411,423.6078,416.78293,1.24,1567384954921
tap2,283,552,1377,576.46625,1368.2874,0.97999996,1567384955728
tap2,284,345,1377,427.60406,1383.2795,0.89,1567384956493
tap2,285,552,411,634.4126,398.7923,1.18,1567384957331
tap2,145,621,411,677.3728,431.77512,1.04,1567384958107
tap2,287,414,1377,453.58002,1431.2545,0.84999996,1567384958882
tap2,193,621,1377,693.35803,1411.2649,0.75,1567384959617
tap2,286,414,411,499.53748,465.75742,1.24,1567384960516
tap2,288,483,411,530.5088,454.76312,1.24,1567384961333
tap2,195,690,1377,746.30896,1393.2743,0.85999995,1567384962129
tap2,289,483,1377,545.49493,1390.2759,0.93,1567384962864
tap2,45,690,411,748.3071,419.78134,1.3,1567384963742
tap2,31,690,1170,749.3062,1165.393,0.81,1567384964457
tap2,264,483,204,557.4838,264.86203,1.31,1567384965397
tap2,57,690,204,752.3034,226.88182,1.27,1567384966223
tap2,265,483,1170,537.5023,1200.3748,1.05,1567384966969
tap2,300,345,1515,408.62164,1543.1962,0.93,1567384967755
tap2,350,966,894,1037.0398,884.5393,0.58,1567384968531
tap2,330,345,894,399.62997,894.53406,0.97999996,1567384969296
tap2,359,966,1515,969.10266,1466.2363,0.45999998,1567384970072
tap2,351,966,963,1008.0666,970.4945,0.66999996,1567384970848
tap2,308,345,1584,369.6577,1644.1437,0.90999997,1567384971645
tap2,360,966,1584,1012.0629,1537.1993,0.5,1567384972461
tap2,334,345,963,440.59204,973.4929,1.05,1567384973217
tap2,137,621,549,672.37744,579.69806,1.1999999,1567384973962
tap2,303,414,1515,488.54764,1530.203,0.81,1567384974748
tap2,213,621,1515,660.38855,1538.1989,0.89,1567384975565
tap2,302,414,549,498.5384,599.6876,1.28,1567384976464
tap2,254,414,135,488.54764,203.8938,1.24,1567384977403
tap2,329,552,825,640.40704,817.57416,0.96999997,1567384978138
tap2,253,552,135,621.4246,176.90785,1.1899999,1567384979077
tap2,328,414,825,466.568,871.546,1.31,1567384979802
tap2,334,345,963,463.57077,1043.4565,1.15,1567384980517
tap2,342,966,342,994.0796,408.78708,1.15,1567384981385
tap2,274,345,342,454.5791,390.79645,1.29,1567384982222
tap2,351,966,963,993.0805,957.5013,0.77,1567384983008
tap2,282,345,411,423.6078,424.77875,1.02,1567384983866
tap2,352,966,1032,1043.0342,1028.4644,0.51,1567384984825
tap2,343,966,411,990.08325,442.76938,1.0,1567384985662
tap2,244,345,1032,403.62628,1036.4602,1.1,1567384986448
tap2,322,345,756,408.62164,760.6038,1.14,1567384987224
tap2,357,966,1377,1000.07404,1357.2931,0.53999996,1567384988061
tap2,348,966,756,1006.0685,784.5914,0.83,1567384988858
tap2,284,345,1377,386.642,1400.2706,0.84,1567384989664
tap2,292,345,1446,410.6198,1437.2513,0.82,1567384990430
tap2,349,966,825,1024.0518,812.5768,0.61,1567384991206
tap2,326,345,825,427.60406,841.56165,1.14,1567384992002
tap2,358,966,1446,963.1082,1458.2405,0.42,1567384992809
tap2,131,690,687,729.3247,683.6439,0.81,1567384993636
tap2,321,483,1653,534.50507,1653.1389,0.62,1567384994452
tap2,320,483,687,555.48566,729.62,1.12,1567384995249
tap2,235,690,1653,767.28955,1665.1327,0.52,1567384996116
tap2,362,0,1722,92.91397,1729.0994,0.87,1567384997056
tap2,139,621,1101,676.3737,1126.4133,0.91999996,1567384997791
tap2,140,0,1101,96.91027,1157.3972,1.12,1567384998607
tap2,371,621,1722,671.37836,1735.0963,0.63,1567384999495
tap2,39,690,1101,773.284,1107.4232,0.79999995,1567385000271
tap2,363,69,1722,133.87604,1760.0833,0.9,1567385001057
tap2,372,690,1722,735.31915,1722.103,0.57,1567385001895
tap2,40,69,1101,123.88529,1104.4248,1.05,1567385002742
tap2,136,0,1170,49.953747,1218.3654,0.79999995,1567385003589
tap2,386,621,1791,669.3802,1797.064,0.69,1567385004447
tap2,135,621,1170,707.34503,1167.392,0.78,1567385005131
tap2,377,0,1791,49.953747,1842.0405,0.65999997,1567385005978
tap2,31,690,1170,764.2923,1182.3842,0.59,1567385006724
tap2,378,69,1791,90.91582,1821.0515,0.75,1567385007550
tap2,32,69,1170,148.86217,1237.3555,1.02,1567385008398
tap2,387,690,1791,731.3229,1808.0582,0.52,1567385009276
tap2,8,138,1101,173.83904,1138.4071,1.12,1567385010134
tap2,373,759,1722,803.2562,1764.0812,0.69,1567385011022
tap2,7,759,1101,841.22107,1133.4097,0.93,1567385011869
tap2,364,138,1722,190.82332,1742.0927,0.88,1567385012666
tap2,374,828,1722,837.2248,1715.1067,0.56,1567385013503
tap2,64,207,1101,246.77151,1158.3966,0.83,1567385014340
tap2,365,207,1722,249.76874,1787.0692,0.93,1567385015197
tap2,63,828,1101,900.1665,1137.4076,0.90999997,1567385016126
tap2,379,138,1791,149.86124,1864.029,0.79999995,1567385016964
tap2,3,759,1170,829.2322,1184.383,0.76,1567385017770
tap2,4,138,1170,225.79094,1275.3357,1.11,1567385018597
tap2,388,759,1791,812.2479,1801.0619,0.59999996,1567385019485
tap2,380,207,1791,275.7447,1871.0255,0.75,1567385020384
tap2,35,828,1170,911.1564,1167.392,0.7,1567385021160
tap2,389,828,1791,864.1998,1779.0734,0.53999996,1567385022037
tap2,36,207,1170,246.77151,1220.3644,1.09,1567385022926
tap2,100,276,1101,340.68454,1184.383,1.18,1567385023763
tap2,375,897,1722,952.1184,1742.0927,0.56,1567385024681
tap2,99,897,1101,959.11194,1122.4154,0.90999997,1567385025560
tap2,366,276,1722,342.6827,1747.09,0.78,1567385026448
tap2,368,414,1722,461.57263,1769.0786,0.84999996,1567385027285
tap2,159,621,756,660.38855,797.5846,1.26,1567385028102
tap2,371,621,1722,645.4024,1764.0812,0.63,1567385028806
tap2,324,414,756,500.53653,776.5955,1.16,1567385029654
tap2,96,276,1170,305.71692,1198.3759,1.0699999,1567385030378
tap2,390,897,1791,917.1508,1794.0656,0.37,1567385031164
tap2,95,897,1170,967.10455,1155.3982,0.64,1567385031910
tap2,381,276,1791,313.70953,1805.0598,0.71999997,1567385032686
tap2,385,552,1791,622.4237,1792.0665,0.55,1567385033410
tap2,326,345,825,447.58557,805.5804,1.04,1567385034135
tap2,382,345,1791,396.63275,1774.0759,0.62,1567385034860
tap2,329,552,825,636.4107,806.5799,1.0799999,1567385035544
tap2,323,483,756,580.4625,788.58923,0.82,1567385036453
tap2,372,690,1722,722.3312,1711.1088,0.37,1567385037116
tap2,59,690,756,793.2655,785.5908,0.97999996,1567385037831
tap2,369,483,1722,540.4995,1748.0895,0.42999998,1567385038525
tap2,353,966,1101,1015.0601,1104.4248,0.53999996,1567385039628
tap2,367,345,1722,378.6494,1747.09,0.74,1567385040363
tap2,252,345,1101,404.62534,1133.4097,1.03,1567385041098
tap2,376,966,1722,984.0888,1725.1014,0.28,1567385041966
tap2,383,414,1791,464.56985,1796.0645,0.75,1567385042762
tap2,155,621,825,718.3349,829.56793,0.84,1567385043507
tap2,328,414,825,475.55966,840.5622,1.1999999,1567385044284
tap2,386,621,1791,630.41626,1772.077,0.51,1567385044978
tap2,55,690,825,774.2831,846.5591,0.91999996,1567385045723
tap2,384,483,1791,557.4838,1783.0713,0.59,1567385046478
tap2,327,483,825,550.4903,849.5575,1.28,1567385047255
tap2,387,690,1791,730.3238,1769.0786,0.41,1567385047918
tap1,2,288,642,402.6272,718.6257,1.14,1567385218611
tap1,3,576,930,641.4061,1020.4685,1.03,1567385219217
tap1,4,576,642,682.36816,692.6392,1.09,1567385219808
tap1,5,288,930,367.65958,1037.4596,1.16,1567385220441
tap1,9,288,786,352.67346,862.5507,1.11,1567385221023
tap1,17,576,1074,675.37463,1135.4086,0.81,1567385221584
tap1,16,288,1074,384.64386,1175.3878,1.1,1567385222196
tap1,7,576,786,684.36633,876.54346,1.2099999,1567385222962
tap1,4,576,642,691.35986,613.68036,1.28,1567385223554
tap1,10,288,354,414.6161,392.7954,1.23,1567385224197
tap1,2,288,642,377.65033,741.6137,1.3199999,1567385224799
tap1,11,576,354,704.34784,351.81674,1.36,1567385225421
tap1,4,576,642,700.3515,782.5924,1.1,1567385225911
tap1,18,288,1218,369.6577,1303.3212,1.14,1567385226503
tap1,2,288,642,353.67252,697.63666,1.2099999,1567385227085
tap1,19,576,1218,676.3737,1273.3368,0.84999996,1567385227656
tap1,13,576,210,662.38666,273.85736,1.3199999,1567385228309
tap1,6,288,498,385.6429,572.7017,1.3399999,1567385228993
tap1,12,288,210,358.6679,236.87662,1.28,1567385229728
tap1,8,576,498,725.3284,613.68036,1.16,1567385230238
tap1,19,576,1218,639.40796,1322.3113,0.9,1567385230840
tap1,22,288,1506,371.65588,1562.1863,0.78,1567385231411
tap1,18,288,1218,303.71878,1324.3102,1.06,1567385232024
tap1,23,576,1506,683.36725,1555.19,0.88,1567385232595
tap1,14,288,66,422.6087,140.92659,1.38,1567385233350
tap1,11,576,354,735.31915,424.77875,1.29,1567385233973
tap1,10,288,354,418.6124,403.78967,1.28,1567385234585
tap1,15,576,66,664.3848,115.93961,1.3199999,1567385235340
tap1,17,576,1074,698.3534,1160.3956,1.04,1567385236034
tap1,20,288,1362,409.62073,1432.254,1.0,1567385236688
tap1,21,576,1362,700.3515,1452.2435,1.0799999,1567385237259
tap1,16,288,1074,389.63922,1151.4003,1.04,1567385237831
tap1,9,288,786,445.58743,845.5596,1.0,1567385238382
tap1,8,576,498,668.3811,600.68713,1.23,1567385239096
tap1,6,288,498,438.5939,561.70746,1.3,1567385239729
tap1,7,576,786,648.39966,919.52106,1.11,1567385240259
tap1,24,144,66,233.78354,126.93388,1.42,1567385241025
tap1,26,432,354,571.4709,417.7824,1.35,1567385241668
tap1,27,144,354,269.75024,387.798,1.1899999,1567385242331
tap1,25,432,66,479.55597,166.91306,1.42,1567385243045
tap1,66,720,1506,792.2664,1564.1853,0.84,1567385243811
tap1,41,432,1218,546.494,1291.3274,0.96,1567385244331
tap1,42,432,1506,499.53748,1612.1603,0.74,1567385244923
tap1,65,720,1218,785.2729,1346.2988,0.84,1567385245719
tap1,36,144,786,232.78445,856.55383,1.14,1567385246392
tap1,38,432,1074,547.49304,1164.3936,0.94,1567385246994
tap1,39,144,1074,247.77058,1175.3878,0.78999996,1567385247607
tap1,37,432,786,566.47546,811.5773,1.11,1567385248198
tap1,16,288,1074,391.6374,1162.3945,0.98999995,1567385248790
tap1,56,0,1362,139.87048,1484.2269,0.87,1567385249392
tap1,20,288,1362,460.57355,1424.2582,0.87,1567385250025
tap1,53,0,1074,125.88344,1189.3805,0.91999996,1567385250678
tap1,59,720,210,789.2692,259.86465,1.16,1567385251393
tap1,30,432,498,516.5217,558.709,1.04,1567385252117
tap1,29,432,210,528.5106,281.85318,1.25,1567385252832
tap1,60,720,498,781.2766,591.69183,1.04,1567385253393
tap1,33,432,642,584.45886,701.6345,1.2099999,1567385253985
tap1,62,720,930,816.2442,1051.4524,0.91999996,1567385254566
tap1,61,720,642,850.21277,692.6392,1.1,1567385255168
tap1,34,432,930,542.4977,1001.4784,1.04,1567385255740
tap1,6,288,498,399.62997,565.7053,1.12,1567385256393
tap1,48,0,210,93.91304,256.8662,1.18,1567385257148
tap1,12,288,210,382.6457,293.84695,1.24,1567385257761
tap1,49,0,498,160.85106,560.70795,1.14,1567385258404
tap1,51,0,930,158.85292,998.4799,0.95,1567385258995
tap1,2,288,642,390.6383,640.6663,1.02,1567385259638
tap1,5,288,930,401.6281,1014.4716,1.12,1567385260159
tap1,50,0,642,117.89084,706.63196,0.98999995,1567385260842
tap1,37,432,786,546.494,918.5216,0.96,1567385261435
tap1,64,720,1074,849.2137,1155.3982,0.85999995,1567385262047
tap1,38,432,1074,530.5088,1191.3795,1.0,1567385262587
tap1,63,720,786,811.24884,843.5606,0.98999995,1567385263180
tap1,29,432,210,541.4986,272.85788,1.13,1567385264078
tap1,31,144,498,255.76318,576.69965,1.04,1567385264772
tap1,28,144,210,258.7604,275.85632,1.1,1567385265537
tap1,30,432,498,524.51434,605.6845,1.09,1567385266119
tap1,42,432,1506,491.54486,1533.2014,0.88,1567385266833
tap1,40,144,1218,249.76874,1293.3264,0.87,1567385267384
tap1,41,432,1218,530.5088,1319.3129,0.87,1567385267925
tap1,43,144,1506,256.76227,1579.1775,0.84999996,1567385268497
tap1,45,144,1362,238.77892,1464.2373,0.89,1567385269088
tap1,82,432,1650,494.54208,1733.0973,0.62,1567385269711
tap1,80,144,1650,244.77336,1692.1187,0.82,1567385270273
tap1,44,432,1362,513.52454,1434.2529,0.7,1567385270905
tap1,57,720,66,818.2424,147.92296,1.12,1567385271732
tap1,26,432,354,540.4995,395.79385,1.12,1567385272416
tap1,58,720,354,876.1887,423.77927,0.74,1567385273191
tap1,25,432,66,530.5088,167.91254,1.1999999,1567385273998
tap1,64,720,1074,816.2442,1139.4065,1.02,1567385274733
tap1,44,432,1362,517.5208,1438.2509,0.87,1567385275263
tap1,38,432,1074,545.49493,1083.4357,0.69,1567385275814
tap1,67,720,1362,833.2285,1458.2405,0.78999996,1567385276559
tap1,9,288,786,376.65125,808.57886,0.96,1567385277203
tap1,53,0,1074,134.87512,1182.3842,0.91999996,1567385277866
tap1,16,288,1074,391.6374,1186.3821,0.96999997,1567385278458
tap1,52,0,786,110.897316,829.56793,0.89,1567385279142
tap1,74,864,786,911.1564,878.5424,0.90999997,1567385280244
tap1,17,576,1074,717.3358,1134.4092,0.96,1567385281051
tap1,75,864,1074,950.12024,1162.3945,0.74,1567385281704
tap1,7,576,786,693.35803,827.569,1.02,1567385282347
tap1,38,288,66,373.65402,172.90994,1.0,1567385283153
tap1,45,0,354,122.886215,447.76678,1.11,1567385283898
tap1,44,0,66,106.90102,146.92348,1.17,1567385284654
tap1,39,288,354,392.63644,397.79282,1.09,1567385285297
tap1,14,288,1506,390.6383,1587.1733,0.96999997,1567385286032
tap1,47,0,1794,106.90102,1872.0249,0.65999997,1567385286674
tap1,46,0,1506,78.92692,1600.1665,0.83,1567385287317
tap1,10,288,1794,389.63922,1841.0411,0.61,1567385287930
tap1,22,864,210,977.0953,257.8657,1.1,1567385288787
tap1,86,576,498,711.3414,508.73502,1.03,1567385289430
tap1,55,576,210,694.35706,241.87402,1.14,1567385290125
tap1,88,864,498,987.08606,579.69806,0.91999996,1567385290798
tap1,70,864,1362,964.1073,1412.2644,0.55,1567385291564
tap1,8,576,1650,634.4126,1721.1035,0.63,1567385292115
tap1,13,576,1362,686.3645,1333.3055,0.71999997,1567385292615
tap1,71,864,1650,931.1378,1715.1067,0.29,1567385293370
tap1,78,576,1218,658.3904,1234.357,0.7,1567385293922
tap1,83,864,1506,939.13043,1601.166,0.75,1567385294605
tap1,21,864,1218,947.12305,1245.3513,0.87,1567385295207
tap1,85,576,1506,667.3821,1589.1722,0.82,1567385295790
tap1,19,576,66,652.39594,108.94325,1.28,1567385296596
tap1,77,864,354,969.10266,430.77563,1.12,1567385297259
tap1,76,576,354,695.35614,414.78397,1.16,1567385297902
tap1,23,864,66,945.1249,136.92868,1.11,1567385298596
tap1,15,576,1362,707.34503,1448.2457,0.84999996,1567385299321
tap1,69,864,1074,957.1138,1154.3987,0.65999997,1567385299974
tap1,11,576,1074,644.4033,1194.3779,0.68,1567385300525
tap1,68,864,1362,934.1351,1411.2649,0.59,1567385301086
tap1,21,0,1218,149.86124,1287.3295,0.97999996,1567385301750
tap1,75,288,1506,394.6346,1635.1483,0.98999995,1567385302393
tap1,17,288,1218,375.65216,1308.3186,1.15,1567385303036
tap1,78,0,1506,108.89917,1591.1713,1.01,1567385303617
tap1,54,576,642,683.36725,675.6481,1.09,1567385304312
tap1,22,864,930,972.0999,1023.4669,0.65,1567385304913
tap1,18,864,642,971.1008,683.6439,0.94,1567385305557
tap1,55,576,930,661.38763,1033.4617,0.79999995,1567385306087
tap1,4,576,1794,679.371,1852.0354,0.45999998,1567385306781
tap1,73,864,1506,938.13135,1549.1931,0.65999997,1567385307608
tap1,72,576,1506,675.37463,1533.2014,0.53,1567385308129
tap1,3,864,1794,946.12396,1883.0192,0.42999998,1567385308762
tap1,90,720,1362,786.272,1398.2717,0.78,1567385309272
tap1,77,432,1650,499.53748,1704.1124,0.88,1567385309854
tap1,23,720,1650,780.2775,1761.0828,0.78,1567385310486
tap1,92,432,1362,544.49585,1431.2545,1.04,1567385311058
tap1,67,432,1074,533.50604,1126.4133,0.93,1567385311660
tap1,82,144,1362,227.7891,1483.2274,0.84,1567385312191
tap1,84,432,1362,536.50323,1446.2467,0.87,1567385312711
tap1,44,144,1074,285.73544,1151.4003,1.09,1567385313303
tap1,38,432,1506,528.5106,1601.166,0.89,1567385313936
tap1,45,144,1794,224.79185,1840.0416,0.74,1567385314508
tap1,44,432,1794,520.51807,1879.0212,0.52,1567385315089
tap1,39,144,1506,216.79926,1617.1577,0.88,1567385315702
tap1,42,432,1506,537.5023,1562.1863,1.0,1567385316263
tap1,87,720,1794,792.2664,1865.0286,0.64,1567385316794
tap1,89,432,1794,530.5088,1835.0442,0.62,1567385317294
tap1,43,720,1506,822.23865,1550.1926,0.62,1567385317876
tap1,42,0,1362,143.86679,1433.2534,0.94,1567385318509
tap1,91,288,1650,375.65216,1747.09,0.88,1567385319080
tap1,89,288,1362,386.642,1385.2784,1.04,1567385319652
tap1,66,0,1650,83.922295,1727.1005,0.88,1567385320274
tap1,56,432,642,548.4921,643.66473,1.15,1567385320969
tap1,81,144,930,284.73636,981.4888,1.15,1567385321632
tap1,20,432,930,564.47736,982.4883,1.14,1567385322295
tap1,79,144,642,277.74283,754.60693,1.06,1567385322938
drag1,2,387.14154,648.6621,0.76,1328.5494609999998,76.24334652848825
drag1,3,662.38666,900.53094,0.83,1603.483692,85.14845373750902
drag1,4,676.3737,648.6621,0.74,1053.225616,65.8932344840864
drag1,5,413.61703,893.5346,0.7,1981.190846,76.29214596081898
drag1,9,398.6309,765.60126,0.65,1207.5104609999999,74.99845632876803
drag1,17,634.4126,1045.4554,0.79999995,2927.6019229999997,68.17412576909616
drag1,16,431.60037,1101.4049,1.06,2404.52977,66.02755567197677
drag1,7,680.37006,770.59863,0.95,4243.777384999999,72.81249222990739
drag1,4,691.6557,690.64026,0.88,2018.005692,72.90217118236944
drag1,10,415.61517,375.80426,0.94,3298.3527689999996,66.84126114737177
drag1,2,423.6078,611.6814,0.7,1961.7027699999999,67.18241000678971
drag1,11,677.3728,391.79593,1.13,4430.766231,69.83618688120768
drag1,4,672.37744,640.1666,0.79999995,2024.061462,67.61682129526059
drag1,18,378.6494,1232.3582,0.95,3522.595769,74.48290958897567
drag1,2,400.62906,671.1504,1.16,4449.997461999999,67.28812464197685
drag1,19,669.3802,1223.188,0.98999995,3190.170847,74.44088857316824
drag1,13,681.3691,261.86362,0.96999997,3188.188077,69.50816413768716
drag1,6,389.63922,526.72565,0.78999996,1644.5267689999998,59.310357006020766
drag1,12,393.63553,253.86777,0.90999997,1755.826769,70.8170800812849
drag1,8,661.38763,498.71783,1.0699999,3090.422154,70.17509517512141
drag1,19,690.86035,1242.3529,0.9,3578.204616,62.3472379285085
drag1,22,418.6124,1506.2155,1.03,2930.524308,74.11349419789184
drag1,18,393.63553,1214.3674,0.66999996,2022.2907699999998,75.87449325671008
drag1,23,716.33673,1459.24,0.96999997,2687.0943079999997,76.41233370225656
drag1,14,435.59668,112.94118,1.0,2399.626538,69.35105974341485
drag1,11,714.33856,382.80063,1.11,2949.736231,66.32429699275585
drag1,10,413.61703,400.79126,0.89,2974.8314619999996,71.09111275268155
drag1,15,708.8036,123.01608,1.1,3167.193077,75.84898978477311
drag1,17,703.34875,1084.4352,0.78,2349.642923,68.60559575374772
drag1,20,406.6235,1394.2738,0.72999996,3461.217077,66.12116578739426
drag1,21,702.3497,1383.2795,0.72999996,2001.063692,69.09627267182415
drag1,16,375.65216,1059.4481,0.75,2607.317,62.83150005797868
drag1,24,245.77243,74.46121,0.87,3470.956538,67.97153351188196
drag1,26,515.52264,361.81155,0.87,2935.552154,75.12153018574998
drag1,27,261.75763,382.80063,0.84999996,3858.937462,65.3188656711627
drag1,25,518.5199,104.945335,0.89,1889.161846,85.81421404408418
drag1,66,834.2276,1517.2097,0.77,2654.833,67.75276169064466
drag1,41,524.51434,1233.3575,0.59,2287.64277,60.86149948991242
drag1,42,534.50507,1523.1283,0.64,1503.5110009999999,65.19945573769407
drag1,65,814.2461,1260.0723,0.79999995,2025.223231,78.08113987884445
drag1,36,251.76688,798.35236,0.55,2251.537,67.06823431319154
drag1,38,531.5079,1087.1727,0.75,3271.810539,74.55896530712323
drag1,39,267.75208,1088.4331,0.71,3915.288462,72.06404006099474
drag1,37,561.4801,842.56116,0.77,4644.807538999999,63.82039595456177
drag1,16,411.61887,1034.0068,1.12,3709.764308,87.56227374299155
drag1,56,123.88529,1338.914,0.81,3960.7169999999996,74.54572934740105
drag1,20,388.64014,1371.2858,0.65999997,2609.767231,82.9795364690836
drag1,53,132.87697,1034.4612,0.78999996,4410.416539,72.0139654488325
drag1,59,820.24054,261.86362,0.87,2809.710846,63.607533481218105
drag1,30,556.48474,514.7107,1.09,3855.289616,68.29842531792386
drag1,29,539.5005,284.85162,0.79999995,3868.8872309999997,67.82351394641498
drag1,60,824.2368,505.73657,0.90999997,4002.822308,90.10710470041026
drag1,33,543.49677,655.6585,0.87,3851.129308,79.18814114923197
drag1,62,824.2368,978.8278,0.78999996,2976.6154619999998,66.88866566928023
drag1,61,797.2618,683.6439,0.61,3422.7280769999998,62.944914560201155
drag1,34,553.4875,983.7484,0.76,3059.797,64.91123520156482
drag1,6,374.6531,522.7277,0.79999995,3221.342462,76.79827233488945
drag1,48,143.86679,267.86047,0.9,3729.3090779999998,82.05253334572522
drag1,12,417.6133,229.88026,0.93,3048.6433079999997,66.2226584417144
drag1,49,112.89547,532.4529,0.81,2538.366462,60.879994387680995
drag1,51,74.93062,919.9352,1.03,2744.7588459999997,71.77764425039804
drag1,2,408.62164,647.66266,1.3,2771.741693,80.82958775771162
drag1,5,407.62256,982.25366,1.03,1685.8888459999998,63.7444576051937
drag1,50,138.87141,628.67255,0.83,2446.4423079999997,79.81749394762191
drag1,37,549.4912,799.58356,0.97999996,2447.801231,84.10709882662252
drag1,64,818.2424,1093.4304,0.75,3338.636616,76.16913584616096
drag1,38,525.5134,1079.0032,0.63,2548.205308,67.42758896507627
drag1,63,814.2461,826.56946,0.77,1828.968539,64.82964927830994
drag1,29,531.5079,269.85944,0.88,3305.286693,60.755467475091685
drag1,31,255.76318,533.722,1.01,3171.206615,70.11141755712882
drag1,28,246.77151,255.86673,1.27,2965.3074619999998,75.23935641149943
drag1,30,531.5079,519.7293,0.83,4012.365847,65.14395243909304
drag1,42,576.46625,1521.2076,0.9,4068.0183079999997,74.5466437512099
drag1,40,272.74747,1215.8667,0.78999996,2725.875846,74.3505924525289
drag1,41,529.5097,1239.3545,0.62,3088.379692,68.98032576880284
drag1,43,245.77243,1526.7048,0.72999996,4084.5859229999996,70.6260515345787
drag1,45,256.76227,1388.2722,0.65999997,2379.462385,64.96765437869387
drag1,82,552.48846,1680.0989,0.82,1878.8229999999999,61.18552931487208
drag1,80,257.76132,1652.1395,0.75,2994.605615,67.06696722412286
drag1,44,541.4986,1370.2863,1.06,2524.383231,77.19777653990158
drag1,57,819.24146,100.94742,0.93,2327.56077,69.4252374078672
drag1,26,556.48474,384.79956,0.94,2828.9564619999996,69.11450943537139
drag1,58,810.24976,383.8001,0.90999997,2808.7410769999997,76.9814546452217
drag1,25,538.5014,76.959915,0.94,3267.326924,66.92487360061166
drag1,64,774.2831,1085.4347,0.84999996,3447.543538,73.49765318919977
drag1,44,522.5162,1371.2858,0.71999997,3091.065538,79.16009594190038
drag1,38,513.52454,1110.4216,0.69,3258.847769,62.0263321775902
drag1,67,820.24054,1367.2878,0.84999996,2230.6646149999997,62.2010860184692
drag1,9,377.65033,799.58356,0.76,2575.227307,72.8060101640082
drag1,53,139.87048,1073.4409,0.91999996,2759.2914619999997,63.133319441774894
drag1,16,424.60684,1085.4347,0.91999996,2526.6676159999997,76.00845502597525
drag1,52,136.24545,793.2153,0.96999997,3509.146616,73.40526007895976
drag1,74,962.1092,823.0713,0.81,2794.637538,64.48181417685228
drag1,17,674.3756,1089.4326,0.74,3507.1116159999997,69.21392586360106
drag1,75,938.13135,1063.446,0.65999997,3482.137001,75.97312715812426
drag1,7,657.3913,776.33356,0.63,2685.6133849999997,63.39415182978166
drag1,70,951.1193,230.87975,0.85999995,2711.7125389999997,67.6677384690553
drag1,8,675.37463,521.7283,0.87,2910.5533849999997,70.2136431408873
drag1,13,673.3765,267.86047,0.74,2327.400616,77.81207284008211
drag1,71,972.0999,491.74387,0.90999997,4600.038385,78.25852368699535
drag1,78,961.1101,1385.2784,0.78,4911.242308,70.48407817138875
drag1,83,682.36816,1664.8544,0.7,3396.039385,72.44481499243072
drag1,21,642.4052,1373.2847,0.71999997,4151.408077,69.82436957635129
drag1,85,972.0999,1656.1373,0.72999996,2966.161,73.2667857619617
drag1,19,656.3922,1222.3633,0.57,3989.360538,60.89719370834412
drag1,77,970.10175,1499.2191,0.78,1941.521,68.11244529403763
drag1,76,951.55286,1245.3513,0.59999996,2748.224769,68.03316360942081
drag1,23,690.3608,1492.6855,0.66999996,2476.341615,78.76278085658922
drag1,15,652.39594,81.95731,1.3299999,4228.757539,88.41396940961778
drag1,69,949.1212,362.31128,0.69,3586.3099239999997,73.61219676203964
drag1,11,679.56665,373.8053,0.87,3123.525769,74.00909969677146
drag1,68,959.11194,100.94742,0.79999995,2108.485,86.80937725452189
drag1,21,663.38574,1352.7954,0.83,2882.2086919999997,72.2923509053547
drag1,75,961.1101,1098.4279,0.88,1707.8506149999998,65.81989381741896
drag1,17,679.371,1063.446,0.94,3657.8112309999997,81.96068045380217
drag1,78,955.11566,1366.2883,0.9,4217.853384999999,76.21006028361192
drag1,54,97.90935,1227.8606,0.65999997,3065.18277,74.95718495044575
drag1,22,386.642,1528.204,0.65999997,2487.4293079999998,71.12144970413247
drag1,18,423.6078,1476.2311,0.59,633.1266929999999,212.036376953125
drag1,55,111.89639,1550.1926,0.71999997,2306.456385,74.06065792975518
drag1,67,838.2239,1376.2832,0.78999996,2211.886308,68.12943416328262
drag1,82,516.5217,1653.1389,0.72999996,1764.9282309999999,73.63249061706371
drag1,84,820.24054,1660.1353,0.66999996,2307.8784619999997,70.09801173214338
drag1,44,538.5014,1368.1754,0.62,2879.825385,66.0101885413663
drag1,38,530.5088,1094.4299,0.72999996,2241.8949239999997,69.820786443047
drag1,45,273.74652,1359.4623,0.72999996,2390.978538,68.96752304548727
drag1,44,524.51434,1397.2722,0.78,3161.716923,68.16970317434468
drag1,39,240.77705,1089.4326,0.65,1665.115077,80.01513488745418
drag1,56,103.90379,1371.0226,0.65999997,1652.399692,74.72194321314889
drag1,81,394.6346,1685.1223,0.77,1186.050923,64.02730242187656
drag1,20,407.62256,1336.304,0.59,1684.317847,78.83354516248778
drag1,79,133.87604,1697.1161,0.76,1798.606846,62.30397559799612
drag1,33,560.481,667.6522,1.3,2810.4704619999998,77.4457378014285
drag1,35,260.75854,925.51794,0.79999995,2868.74277,75.12775386426709
drag1,34,512.52545,921.52,0.97999996,3008.0126929999997,87.96247060314522
drag1,32,282.73822,642.6653,0.84,2279.8910769999998,74.08801159353425
drag1,9,393.63553,792.58716,0.9,1788.179077,59.339134475592
drag1,8,690.3608,534.7215,0.9,2207.612462,63.075198313069485
drag1,6,413.61703,517.73035,0.96999997,2208.022,72.75485400757064
drag1,7,706.346,813.57623,0.98999995,2026.6300769999998,68.95499710588243
drag1,14,399.56973,94.95055,0.93,2349.304616,77.76092050475829
drag1,47,97.90935,344.8204,0.85999995,1623.295539,65.36713533506727
drag1,46,108.89917,128.87541,0.87,1266.532154,80.89002425124998
drag1,10,444.58835,395.79385,0.81,2102.069539,68.93141453728899
drag1,4,679.371,623.6752,0.84999996,1941.4476149999998,77.25656173962047
drag1,73,943.1267,894.53406,0.76,1630.9972309999998,72.53178289749071
drag1,72,939.13043,644.2724,0.63,1828.190693,56.438449023280654
drag1,3,663.38574,947.5065,0.64,1083.340308,63.0310614443693
drag1,3,635.4117,1014.4716,0.55,448.75030799999996,11.40175425099138
