drag1,2,354.6716,657.6575,0.97999996,1737.490846,62.848351278889155
drag1,3,649.3987,979.4898,0.87,1428.9930769999999,56.80079943746023
drag1,4,680.37006,689.6408,0.75,1508.524307,95.81563666392825
drag1,5,399.62997,908.5268,0.84,2293.999616,58.23056367596722
drag1,9,375.65216,845.5596,0.74,1508.910154,66.9143269446874
drag1,17,659.38947,1077.4388,0.91999996,1156.254385,62.99286124405987
drag1,16,410.6198,1095.4294,0.74,2192.1538459999997,70.63605214301056
drag1,7,658.3904,788.58923,0.75,1347.399923,78.12508159871608
drag1,4,696.3552,695.60626,0.76,1420.140077,47.937196826426856
drag1,10,407.62256,395.79385,1.0,1443.555154,72.33149316154257
drag1,2,379.64847,725.6221,1.01,1347.4540769999999,31.492608277058526
drag1,11,675.37463,397.79282,0.81,1371.138462,77.23157707587673
drag1,4,665.3839,665.65326,0.89,1819.570692,61.73183707544004
drag1,18,411.61887,1200.3748,0.82,2219.300461,75.88561355580728
drag1,2,387.64108,673.6491,0.78,1052.691538,58.751596386917896
drag1,19,670.3793,1180.3851,0.69,1896.675,75.30659741397143
drag1,13,671.37836,248.87038,0.90999997,1499.9099239999998,57.674326496885485
drag1,6,395.14523,548.20337,0.81,1145.528846,46.81853742855261
drag1,12,419.61148,263.36285,1.01,1162.139539,62.16120051829802
drag1,8,645.7981,485.747,0.93,1784.9207689999998,61.389987662573745
drag1,19,671.61774,1293.7394,0.65999997,980.5681539999999,49.35512143021545
drag1,22,379.64847,1593.1702,0.79999995,641.275,24.07712346102553
drag1,18,377.65033,1256.3456,0.75,1080.224462,81.98082337348424
drag1,23,656.3922,1503.217,0.75,1274.293923,91.5783075377359
drag1,14,380.64755,104.945335,1.05,2581.2664609999997,88.17244818185462
drag1,11,661.38763,347.90646,1.29,1961.3171539999998,56.32150624275848
drag1,10,373.65402,475.7522,1.0,755.942231,21.708588148620446
drag1,15,676.3737,134.92972,1.15,1295.344077,52.24950912443531
drag1,17,664.3848,1127.1844,0.88,2130.871616,68.301591775883
drag1,20,432.59946,1380.2811,1.01,2138.422385,54.90174396341467
drag1,21,654.7951,1429.8539,0.96999997,1266.218846,56.57308528526294
drag1,16,398.6309,1129.4117,0.88,2167.883077,65.53767232277248
drag1,24,253.20885,71.96252,1.24,2894.057616,63.48794935658094
drag1,26,532.50696,408.78708,0.87,1644.9348459999999,48.85174428604056
drag1,27,197.81683,397.79282,1.25,1360.707923,61.71755713100776
drag1,25,535.50415,95.74561,1.05,1724.872153,65.88015914201219
drag1,66,798.26086,1550.1926,0.91999996,2441.9313079999997,62.35712159020246
drag1,41,565.47644,1285.3306,0.95,1971.139769,54.946532631482285
drag1,42,535.50415,1513.2118,1.03,1573.232769,52.155335747768035
drag1,65,848.2146,1270.3384,0.84,1084.623077,68.80788528517274
drag1,36,247.27106,841.0619,1.05,1396.928461,86.90161782518493
drag1,38,518.5199,1106.4237,1.12,1094.8412309999999,50.63201199131834
drag1,39,224.79185,1085.4347,0.90999997,1346.961384,57.534152468223915
drag1,37,525.5134,849.5575,1.15,1493.695538,58.00521353741123
drag1,16,425.9988,1032.4623,0.95,2024.328616,79.14465389214082
drag1,56,85.92044,1422.2592,0.84999996,1012.3848469999999,47.9381420049067
drag1,20,410.6198,1403.269,0.96,1091.980308,59.24049708108266
drag1,53,106.602684,1103.9749,0.66999996,1213.706539,71.82572646510621
drag1,59,846.2776,250.86934,0.79999995,3153.337385,53.631548283401834
drag1,30,582.47925,552.7121,0.87,757.365,47.72575944346503
drag1,29,561.4801,239.87506,1.1999999,1336.278077,51.30654835807958
drag1,60,833.2285,539.7189,1.09,1737.5473849999998,52.23628529486092
drag1,33,562.8111,696.9726,0.83,1350.123,26.438376857569704
drag1,62,807.25256,944.50806,1.1,1214.965461,35.18390214513193
drag1,61,820.24054,686.64233,1.35,1377.6974619999999,53.409924985744425
drag1,34,540.6454,993.3366,1.31,1642.429615,39.1098658639586
drag1,6,383.64478,530.7236,0.91999996,1512.0714619999999,92.15825957387199
drag1,48,92.91397,254.86725,1.13,991.433154,59.280480832103066
drag1,12,380.0676,228.88078,1.0,1223.660308,59.09557835566133
drag1,49,81.92415,561.70746,1.18,887.423539,29.816995652762976
drag1,51,84.92137,983.48773,0.90999997,968.4093849999999,39.723436058207156
drag1,2,392.56833,699.16986,0.82,1429.004847,69.07898313041207
drag1,5,377.65033,996.1691,0.78999996,666.6656919999999,43.827170676110974
drag1,50,107.90009,653.65955,0.97999996,1091.964154,81.37462289730576
drag1,37,500.53653,783.0929,1.05,998.838846,93.80420373441473
drag1,64,809.2507,1075.4398,0.84,1172.728385,62.191931272420284
drag1,38,547.1059,1103.4253,1.0699999,942.701615,34.181497061920396
drag1,63,810.24976,851.55646,0.96,775.260769,63.191004379461575
drag1,29,508.52914,227.8813,1.16,1674.0142309999999,77.0697451091911
drag1,31,224.79185,565.7053,1.1999999,1000.9423079999999,64.73835676651436
drag1,28,258.7604,251.07031,1.27,1448.259847,74.28144715856463
drag1,30,532.50696,458.76105,1.11,1714.569231,52.44125379522458
drag1,42,541.4986,1491.2233,0.91999996,2267.14777,72.72755235014152
drag1,40,244.77336,1244.3519,0.75,1257.523923,78.40652496661421
drag1,41,508.52914,1236.3561,0.98999995,1356.240231,57.36997681171071
drag1,43,234.78261,1506.2155,0.69,2078.946693,75.12603513709101
drag1,45,277.74283,1385.2784,0.78,1440.940769,62.09904558106099
drag1,82,539.5005,1612.1603,0.81,1369.8371539999998,85.16605084028348
drag1,80,238.77892,1733.0973,0.89,836.665307,27.503634314984158
drag1,44,548.4921,1362.2904,0.9,1223.460846,62.29696523927387
drag1,57,841.22107,101.9469,1.28,2091.853923,50.68549533135939
drag1,26,546.55786,399.72787,1.0799999,1143.63177,55.70773618897548
drag1,58,847.2156,377.80322,0.98999995,1071.3427689999999,112.56511946035104
drag1,25,525.0139,96.9495,0.96999997,1317.5779229999998,98.50655349428492
drag1,64,822.23865,1077.4388,1.0799999,2255.363539,70.48885335737634
drag1,44,527.5116,1397.2722,1.14,1698.690846,52.19701769092795
drag1,38,555.48566,1086.4341,0.91999996,1378.232693,62.182560491068
drag1,67,833.2285,1359.292,0.89,1194.271693,49.08289940112182
drag1,9,385.87326,814.3453,0.95,1418.7343079999998,92.85447647341671
drag1,53,103.90379,1116.4185,1.12,981.216385,40.34750032374312
drag1,16,383.64478,1115.4191,1.16,1296.348231,68.78522561305016
drag1,52,70.93432,857.55334,1.24,2045.497385,48.83092012534344
drag1,74,965.1064,743.6127,0.89,1695.7303849999998,68.8708345431481
drag1,17,676.3737,1060.4476,0.91999996,2116.159846,58.50763253291775
drag1,75,940.91187,1087.2168,0.7,857.712461,69.05505685883361
drag1,7,654.3941,797.5846,1.24,1235.07123,76.99104905944002
drag1,70,982.1163,257.8657,1.31,1083.505692,70.3036881182839
drag1,8,695.35614,492.74335,1.35,2298.491385,64.28456528543772
drag1,13,689.3617,274.85684,1.13,1492.257462,59.759992511916195
drag1,71,957.1138,467.75638,0.93,1943.1219239999998,52.25153158552754
drag1,78,968.10364,1378.2821,0.94,1960.997154,61.80786705216715
drag1,83,696.3552,1640.1458,0.89,1768.162615,74.29535418590015
drag1,21,678.3719,1403.269,1.02,990.7279229999999,55.191482968587216
drag1,85,943.1267,1668.1311,1.04,2159.849692,57.13932615292501
drag1,19,672.37744,1246.3508,1.02,2650.8280769999997,53.632186195845314
drag1,77,945.1249,1541.1973,1.1,1279.707615,57.15876980710344
drag1,76,960.111,1268.3394,0.78,1051.1589999999999,60.85300946988565
drag1,23,694.35706,1509.2139,0.95,2127.365154,70.34441303396564
drag1,15,704.34784,117.93857,1.41,1621.2640769999998,75.74831852568374
drag1,69,980.0925,362.81104,1.05,1788.4705379999998,51.259694763297404
drag1,11,679.371,386.79852,1.28,1418.3827689999998,67.95734634609775
drag1,68,947.12305,125.9344,1.4499999,2597.123769,53.03788141404656
drag1,21,659.38947,1375.2837,0.82,1686.256539,53.94120423396325
drag1,75,973.099,1110.4216,0.85999995,1051.7148459999999,88.80658191252436
drag1,17,661.38763,1135.4086,0.88,1133.096,73.24192808842814
drag1,78,947.12305,1348.2977,0.71999997,1653.992385,68.19603513635663
drag1,54,86.91952,1249.3492,1.15,2022.211846,79.27565397683887
drag1,22,390.6383,1516.2103,0.96999997,2262.558231,76.11741781106909
drag1,18,410.12378,1238.355,1.05,1676.757539,52.118837445567195
drag1,55,87.93658,1571.1637,0.76,1368.6889999999999,33.99134042244824
drag1,67,798.26086,1394.1516,1.17,1810.48977,60.36637219848174
drag1,82,562.4792,1696.1166,0.84,2493.523154,73.62835686751555
drag1,84,791.26733,1700.1145,1.0699999,1226.118154,72.9865360480097
drag1,44,562.4792,1415.2628,0.91999996,2189.947385,61.52274370752937
drag1,38,544.49585,1130.4113,0.90999997,1410.861539,66.93240834709503
drag1,45,236.78076,1370.2863,1.12,1908.2538459999998,62.12244090668834
drag1,44,502.5347,1372.2853,1.0,2069.9780769999998,77.0066544992993
drag1,39,265.75394,1115.4191,1.1,1410.8296149999999,66.85934879797271
drag1,56,89.41721,1392.2748,0.84,1657.319154,58.74166832748861
drag1,81,371.65588,1664.1332,0.79999995,1523.2839239999998,70.38788545053242
drag1,20,407.62256,1415.9956,0.95,1307.002231,50.10321669203493
drag1,79,103.90379,1662.1343,0.97999996,2391.646385,65.54925331251533
drag1,33,557.4838,722.6236,1.0799999,2507.303693,36.49708656276429
drag1,35,249.76874,957.5013,0.94,1247.0028459999999,62.98742317623622
drag1,34,525.5134,978.49036,1.01,1490.06677,56.50510543457425
drag1,32,238.77892,674.6486,1.01,1715.249462,82.44302324766774
drag1,9,345.1804,784.5914,1.13,1477.949539,75.11501770696985
drag1,8,662.38666,547.7147,1.26,1459.736692,59.866850412111226
drag1,6,390.6383,524.7267,1.03,2381.7442309999997,61.28550742538249
drag1,7,648.39966,778.5945,1.14,1471.389539,64.11454436614503
drag1,14,376.80402,119.93753,1.1899999,1361.3247689999998,75.7235704106382
drag1,47,103.90379,374.80478,1.2099999,1857.689923,64.07741271408473
drag1,46,70.93432,98.94846,1.06,1779.223154,97.85866149701802
drag1,10,373.65402,387.798,1.22,1501.865615,34.03015598053859
drag1,4,666.383,665.65326,1.25,1452.950692,55.69826758313815
drag1,73,964.1073,953.50336,1.11,1044.4279999999999,53.211513865969856
drag1,72,986.087,742.6132,0.95,1347.6609999999998,35.94986402104916
drag1,3,701.6484,955.8002,1.22,2751.9137699999997,67.8024693355465
scale2,25,22.427485,2887.4736159999998
scale2,9,-167.67178,4208.164846
scale2,25,13.629066,3674.398538
scale2,9,-254.00935,2624.6793079999998
scale2,25,-5.2499714,3000.086385
scale2,9,66.38168,4115.84877
scale2,25,-14.151552,4196.147846
scale2,9,-465.255,5434.056385
scale2,28,38.5723,2665.334539
scale2,10,219.47246,4074.723692
scale2,29,-336.33188,4841.002614999999
scale2,25,41.707527,3227.831846
scale2,9,-416.70117,4239.111154
scale2,28,23.12709,3135.37
scale2,10,-5.0579967,3390.0466159999996
scale2,29,15.583683,5659.713538999999
scale2,12,3.571106,3658.8929239999998
scale2,30,15.286091,3800.654154
scale2,13,4.791939,3842.731847
scale2,32,22.283976,3544.766462
scale2,15,79.294716,3133.4203079999997
scale2,34,1.3411789,4708.130461
scale2,17,18.686434,2463.279385
scale2,1,-326.64117,4999.614923
scale2,20,10.667936,4372.672154
scale2,3,5.428602,4036.798538
scale2,24,1.805254,3820.3591539999998
scale2,16,21.433182,3737.13177
scale2,2,33.00554,3831.4000779999997
scale2,23,127.78864,2145.2760009999997
scale2,7,2.630682,6376.599308
scale2,11,-4.1222935,5620.204538
scale2,14,-4.6970844,4505.48777
scale2,26,55.720608,2829.4240769999997
scale2,35,-1.5954037,4542.550385
scale2,21,63.699577,2563.567846
scale2,22,-15.876051,3626.1675379999997
scale2,27,-15.700441,2862.5823849999997
scale2,36,1.1193695,4660.181462
scale2,31,5.1128197,3820.743
scale2,19,-42.64191,2575.367539
scale2,4,-467.06592,4106.413077
scale2,8,37.908257,1920.900692
scale2,5,-1.4979057,5650.820922999999
scale2,33,0.6597004,4400.214462
scale2,18,25.68369,3404.047462
scale2,6,9.719645,3585.912923
scale1,27,46.050053,1305.994692
scale1,46,34.950943,1127.2766159999999
scale1,26,78.76325,1273.893462
scale1,4,15.101772,1420.417769
scale1,43,21.808994,1584.7459999999999
scale1,25,83.2374,1205.762154
scale1,42,28.506706,1622.306308
scale1,23,-24.270721,1430.1595379999999
scale1,5,-26.126656,2092.8886159999997
scale1,24,53.13771,1319.9743839999999
scale1,19,-140.96458,3339.674615
scale1,2,1.9181099,2104.9798459999997
scale1,44,1.4967155,2018.660308
scale1,65,-0.18783188,1296.770385
scale1,45,0.0066604614,1335.669615
scale1,28,40.324356,1294.580462
scale1,13,7.3783493,1216.020615
scale1,56,54.95533,1083.608384
scale1,40,-23.28954,1550.1386149999998
scale1,41,-19.673183,1204.986154
scale1,6,22.121658,1021.091693
scale1,51,-20.417027,1295.437307
scale1,36,33.15478,1131.463384
scale1,21,-10.65346,2174.775924
scale1,8,44.313457,1001.009154
scale1,57,3.1819496,3031.864846
scale1,39,-14.62052,2297.86177
scale1,9,35.515537,1111.110308
scale1,58,2.1693878,1305.448923
scale1,47,4.8543434,1735.344077
scale1,1,-4.4694614,2158.418847
scale1,35,28.771854,1489.6263079999999
scale1,3,68.94707,1309.438385
scale1,17,152.56241,1185.392693
scale1,53,1.86232,1642.162615
scale1,34,46.080677,1206.385846
scale1,18,31.57766,1346.3733849999999
scale1,50,87.31807,1103.872846
scale1,62,-8.820562,3492.432616
scale1,66,-16.697811,1715.408923
scale1,20,29.950481,1043.3259229999999
scale1,37,-9.161568,1305.811538
scale1,32,-15.8481045,1571.0352309999998
scale1,31,3.915184,1451.1480769999998
scale1,49,6.6940727,1624.404693
scale1,7,-6.057089,1156.359154
scale1,15,-19.56483,2349.739
scale1,10,-10.9417305,1360.261154
scale1,60,10.946091,1013.034462
scale1,63,-21.254683,1346.6753079999999
scale1,59,-12.595602,1376.9089999999999
scale1,55,40.950783,1053.4437699999999
scale1,14,-0.9221134,1459.172847
scale1,12,73.67686,940.219385
scale1,54,8.423698,1540.1243069999998
scale1,52,30.311245,1207.232462
scale1,48,33.503563,1316.057231
scale1,30,37.372364,1182.3300769999998
scale1,16,28.204514,2348.459693
scale1,11,94.39717,1142.705461
scale1,61,8.196487,1199.8374609999998
scale1,38,-5.7932453,1581.2391539999999
scale1,29,76.48102,1053.751924
scale1,64,23.26379,998.857615
scale1,22,36.226387,1080.824769
scale1,33,46.80756,1540.5246929999998
rotate2,2,-63.581894,3229.366616
rotate2,13,4.913231,5292.071077
rotate2,8,3.7017975,2644.438077
rotate2,3,6.5837555,4361.363077
rotate2,7,4.031021,2871.3721539999997
rotate2,12,0.07432556,3514.8593849999997
rotate2,1,-51.481968,5261.450846
rotate2,11,1.4800034,2602.169923
rotate2,6,-3.588768,3606.2986149999997
rotate2,10,15.672356,3113.4389229999997
rotate2,5,-67.82493,2381.452923
rotate2,15,-2.8632965,3891.8541539999997
rotate2,9,-89.266205,5109.591308
rotate2,4,0.59165955,2635.736692
rotate2,14,0.6791382,2564.7350779999997
rotate1,9,10.433399,1183.007384
rotate1,4,-1.8834705,1488.164616
rotate1,13,5.9031715,846.566692
rotate1,6,-5.149043,885.742
rotate1,15,-2.8421488,824.581154
rotate1,2,-2.6402807,978.7109999999999
rotate1,10,-6.978449,1008.519693
rotate1,5,-4.126521,1397.312846
rotate1,14,-3.987877,1339.251846
rotate1,8,-5.0874825,945.8642309999999
rotate1,11,-2.4511719,1049.946616
rotate1,7,-6.5173855,885.932769
rotate1,1,-15.27765,1723.6816919999999
rotate1,12,-6.4354143,919.085615
rotate1,3,-4.420128,1846.5001539999998
tap2,6,138,480,147.8631,530.7236,1.16,1567476494993
tap2,7,759,1101,804.2553,1099.4274,1.15,1567476495741
tap2,8,138,1101,196.81776,1168.3915,1.3,1567476496436
tap2,9,759,480,774.2831,539.7189,1.41,1567476497100
tap2,164,0,687,31.970398,749.60956,0.9,1567476497886
tap2,183,621,1308,632.4144,1356.2936,1.13,1567476498602
tap2,182,0,1308,58.94542,1339.3024,0.93,1567476499409
tap2,163,621,687,703.34875,722.6236,1.1899999,1567476500134
tap2,242,345,66,388.64014,113.94065,1.38,1567476500982
tap2,243,552,1032,595.44867,1046.455,1.1899999,1567476501790
tap2,244,345,1032,390.6383,1127.4127,1.1899999,1567476502434
tap2,245,552,66,584.45886,107.94378,1.39,1567476503302
tap2,42,69,411,88.91767,416.78293,1.36,1567476504293
tap2,43,690,1032,767.28955,1120.4164,1.18,1567476504968
tap2,45,690,411,768.28864,455.7626,1.36,1567476505673
tap2,44,69,1032,111.89639,1076.4393,1.2099999,1567476506562
tap2,322,345,756,353.67252,829.56793,1.42,1567476507206
tap2,321,483,1653,503.53375,1713.1077,1.0,1567476508034
tap2,316,345,1653,340.68454,1731.0984,1.1,1567476508821
tap2,323,483,756,582.4607,851.55646,1.3,1567476509556
tap2,2,138,549,189.82423,602.6861,1.5,1567476510343
tap2,3,759,1170,772.2849,1170.3904,1.11,1567476511089
tap2,4,138,1170,157.85384,1151.4003,1.29,1567476511845
tap2,5,759,549,786.272,590.6923,1.4,1567476512591
tap2,11,759,1032,795.2637,1083.4357,1.1999999,1567476513337
tap2,10,138,411,184.82886,461.7595,1.7099999,1567476514145
tap2,12,138,1032,164.84737,1056.4497,1.4599999,1567476514891
tap2,13,759,411,824.2368,473.75323,1.61,1567476515780
tap2,15,759,963,820.24054,1013.4721,1.42,1567476516597
tap2,14,138,342,163.8483,358.8131,1.8199999,1567476517578
tap2,17,759,342,785.2729,393.7949,1.5699999,1567476518621
tap2,16,138,963,173.83904,1000.4789,1.66,1567476519387
tap2,122,207,66,223.79279,103.94586,1.55,1567476520593
tap2,123,828,687,853.21,755.60645,1.3,1567476521410
tap2,124,207,687,238.77892,736.61633,1.65,1567476522249
tap2,125,828,66,906.16095,104.945335,1.12,1567476524047
tap2,135,621,1170,677.3728,1229.3596,0.97999996,1567476524834
tap2,134,0,549,58.94542,584.69543,1.06,1567476525804
tap2,136,0,1170,39.962997,1207.3711,0.75,1567476526744
tap2,137,621,549,673.3765,598.6882,1.23,1567476527450
tap2,130,69,66,90.91582,92.951584,1.51,1567476528829
tap2,131,690,687,735.31915,707.6314,1.25,1567476529575
tap2,133,690,66,695.35614,95.95003,1.37,1567476530444
tap2,132,69,687,68.93617,714.6278,1.1999999,1567476531343
tap2,127,759,687,831.23035,695.6377,1.17,1567476532048
tap2,126,138,66,159.85199,93.951065,1.5999999,1567476532998
tap2,128,138,687,163.8483,709.6304,1.4,1567476533827
tap2,129,759,66,824.2368,92.951584,1.37,1567476534991
tap2,18,138,273,155.85568,302.84225,1.67,1567476535870
tap2,19,759,894,844.2183,875.54395,1.0799999,1567476536626
tap2,20,138,894,139.87048,895.53357,1.66,1567476537352
tap2,21,759,273,825.2359,314.83603,1.8399999,1567476538088
tap2,35,828,1170,864.1998,1219.3649,1.15,1567476538833
tap2,34,207,549,171.84088,568.7038,1.48,1567476539651
tap2,36,207,1170,257.76132,1204.3727,1.23,1567476540458
tap2,37,828,549,932.1369,591.69183,1.23,1567476541204
tap2,26,138,135,179.8335,129.93233,1.37,1567476542256
tap2,27,759,756,899.1674,775.596,1.17,1567476542992
tap2,28,138,756,172.83997,755.60645,1.4,1567476543748
tap2,29,759,135,809.2507,118.93805,1.56,1567476544576
tap2,43,690,1032,768.28864,1114.4196,1.3,1567476545353
tap2,42,69,411,55.948196,451.7647,1.0799999,1567476546231
tap2,45,690,411,709.3432,431.77512,1.43,1567476547243
tap2,44,69,1032,86.91952,1026.4653,1.3199999,1567476548040
tap2,24,138,825,154.85661,848.55804,1.3299999,1567476548868
tap2,25,759,204,808.25165,239.87506,1.51,1567476549931
tap2,22,138,204,201.81314,223.88339,1.55,1567476550901
tap2,23,759,825,857.2063,858.5528,1.62,1567476553372
tap2,38,69,480,166.84552,564.7059,1.62,1567476554069
tap2,39,690,1101,741.3136,1108.4227,1.29,1567476554784
tap2,40,69,1101,94.91212,1175.3878,1.38,1567476555561
tap2,41,690,480,705.3469,530.7236,1.4499999,1567476556215
tap2,33,690,549,755.30066,570.70276,1.36,1567476556849
tap2,32,69,1170,95.911194,1222.3633,1.35,1567476557594
tap2,30,69,549,128.88066,638.66736,1.65,1567476558463
tap2,31,690,1170,722.3312,1207.3711,0.83,1567476559250
tap2,46,69,342,89.91675,333.8261,1.6899999,1567476559965
tap2,47,690,963,727.32654,993.48254,1.29,1567476560742
tap2,48,69,963,85.92044,997.48047,1.42,1567476561518
tap2,49,690,342,775.28217,372.80582,1.75,1567476562244
tap2,108,276,963,323.7003,1032.4623,1.3,1567476563092
tap2,231,897,1584,934.1351,1618.1572,0.96,1567476564093
tap2,230,276,1584,276.74374,1610.1614,1.3399999,1567476564952
tap2,107,897,963,951.1193,891.53564,1.13,1567476565790
tap2,143,621,1032,652.39594,1091.4315,1.11,1567476566485
tap2,232,0,1653,34.96762,1718.1051,0.63,1567476567414
tap2,233,621,1653,628.41815,1692.1187,1.1,1567476568181
tap2,144,0,1032,40.962074,1085.4347,0.81,1567476569090
tap2,44,69,1032,108.89917,1061.4471,1.38,1567476569866
tap2,235,690,1653,711.3414,1686.1218,0.96999997,1567476570796
tap2,43,690,1032,741.3136,1034.4612,1.14,1567476571501
tap2,234,69,1653,73.93155,1700.1145,1.03,1567476572411
tap2,12,138,1032,152.85846,1074.4404,1.53,1567476573167
tap2,237,759,1653,820.24054,1644.1437,0.78999996,1567476573944
tap2,11,759,1032,860.2035,1033.4617,0.98999995,1567476574730
tap2,236,138,1653,122.886215,1703.1129,1.23,1567476575619
tap2,238,207,1653,196.81776,1710.1093,1.06,1567476576437
tap2,67,828,1032,897.1693,1004.4768,1.06,1567476577285
tap2,68,207,1032,200.81406,1083.4357,1.31,1567476578041
tap2,239,828,1653,914.15356,1660.1353,0.9,1567476578930
tap2,104,276,1032,242.7752,1071.4419,1.29,1567476579850
tap2,241,897,1653,931.1378,1687.1212,0.90999997,1567476580739
tap2,240,276,1653,322.7012,1704.1124,0.94,1567476581536
tap2,103,897,1032,990.08325,1027.4648,1.05,1567476582302
tap2,50,69,273,120.88807,243.87297,1.78,1567476583068
tap2,51,690,894,725.3284,961.4992,1.2099999,1567476583855
tap2,52,69,894,100.90657,909.52625,1.22,1567476584683
tap2,53,690,273,766.29047,254.86725,1.8299999,1567476585439
tap2,55,690,825,744.31085,859.5523,1.5699999,1567476586379
tap2,54,69,204,91.914894,239.87506,1.65,1567476587370
tap2,56,69,825,132.87697,838.56323,1.64,1567476588289
tap2,57,690,204,734.32007,264.86203,1.63,1567476589056
tap2,59,690,756,787.27106,754.60693,1.31,1567476589710
tap2,58,69,135,94.91212,173.90942,1.66,1567476590578
tap2,61,690,135,726.32745,200.89536,1.62,1567476591457
tap2,60,69,756,107.90009,777.595,1.67,1567476592336
tap2,62,207,480,154.85661,445.76782,1.76,1567476593163
tap2,63,828,1101,894.17206,1177.3867,1.52,1567476593837
tap2,64,207,1101,247.77058,1129.4117,1.4499999,1567476594543
tap2,65,828,480,865.1989,519.7293,1.4699999,1567476595227
tap2,290,345,480,417.6133,538.7194,1.51,1567476596004
tap2,291,552,1446,581.4616,1567.1837,1.41,1567476596698
tap2,293,552,480,663.38574,543.7168,1.41,1567476597465
tap2,292,345,1446,347.67807,1484.2269,1.52,1567476598149
tap2,141,621,480,740.3145,536.72046,1.3,1567476598864
tap2,295,414,1446,437.59482,1582.1759,1.22,1567476599549
tap2,294,414,480,491.54486,524.7267,1.54,1567476600356
tap2,203,621,1446,688.3626,1554.1904,1.24,1567476601000
tap2,297,483,1446,517.5208,1516.2103,1.13,1567476601715
tap2,41,690,480,796.2627,497.74075,1.1899999,1567476602430
tap2,296,483,480,502.5347,484.74753,1.6999999,1567476603187
tap2,205,690,1446,767.28955,1486.2258,1.1,1567476603881
tap2,319,414,1653,407.62256,1704.1124,1.1899999,1567476604606
tap2,325,552,756,581.4616,793.5867,1.65,1567476605271
tap2,324,414,756,464.56985,782.5924,1.37,1567476605986
tap2,315,552,1653,580.4625,1757.0848,1.15,1567476606619
tap2,298,345,549,366.6605,562.7069,1.5999999,1567476607263
tap2,299,552,1515,596.44775,1597.1681,1.3199999,1567476607998
tap2,301,552,549,624.4218,600.68713,1.4399999,1567476608662
tap2,300,345,1515,473.56152,1557.189,1.41,1567476609327
tap2,326,345,825,383.64478,836.5643,1.5799999,1567476610113
tap2,256,483,135,544.49585,155.9188,1.67,1567476611053
tap2,250,345,135,389.63922,125.9344,1.75,1567476611932
tap2,327,483,825,554.4866,876.54346,1.42,1567476612637
tap2,67,828,1032,877.1878,1116.4185,1.26,1567476613301
tap2,66,207,411,182.83072,429.77615,1.78,1567476614046
tap2,68,207,1032,236.78076,1065.4451,1.52,1567476614803
tap2,69,828,411,882.18317,374.80478,1.55,1567476615610
tap2,72,207,963,209.80574,992.48303,1.5,1567476616345
tap2,73,828,342,918.14984,326.82977,1.73,1567476617102
tap2,70,207,342,267.75208,349.81778,1.61,1567476617990
tap2,71,828,963,897.1693,1020.4685,0.97999996,1567476618695
tap2,76,207,894,222.79372,921.52,1.48,1567476619431
tap2,77,828,273,890.1758,344.8204,1.6899999,1567476620105
tap2,74,207,273,267.75208,277.8553,1.5899999,1567476620984
tap2,75,828,894,863.20074,951.5044,1.43,1567476621689
tap2,80,207,825,246.77151,857.55334,1.64,1567476622363
tap2,81,828,204,912.1554,245.87193,1.74,1567476623191
tap2,78,207,204,246.77151,237.8761,1.8399999,1567476624172
tap2,79,828,825,929.1397,849.5575,1.48,1567476624948
tap2,84,207,756,220.79556,775.596,1.54,1567476625786
tap2,85,828,135,917.1508,189.9011,1.4599999,1567476626470
tap2,82,207,135,218.79741,149.9219,1.74,1567476627553
tap2,83,828,756,931.1378,787.5898,1.12,1567476628248
tap2,89,621,618,681.3691,661.6554,1.43,1567476628902
tap2,88,0,1239,79.925995,1263.3419,1.26,1567476629668
tap2,87,621,1239,706.346,1308.3186,0.97999996,1567476630424
tap2,86,0,618,69.93524,666.6528,1.27,1567476631231
tap2,305,483,1515,524.51434,1568.1832,1.26,1567476631957
tap2,33,690,549,795.2637,527.72516,1.41,1567476632590
tap2,304,483,549,471.56335,537.7199,1.56,1567476633183
tap2,215,690,1515,663.38574,1517.2097,1.3299999,1567476633898
tap2,309,552,618,608.43665,669.6512,1.55,1567476634491
tap2,308,345,1584,375.65216,1622.155,1.4599999,1567476635196
tap2,307,552,1584,558.4829,1649.141,1.3399999,1567476635952
tap2,306,345,618,389.63922,675.6481,1.5799999,1567476636698
tap2,258,345,204,388.64014,170.91098,1.75,1567476637556
tap2,331,483,894,571.4709,921.52,1.4699999,1567476638260
tap2,330,345,894,398.6309,913.5242,1.65,1567476639047
tap2,264,483,204,541.4986,186.90265,1.7199999,1567476639916
tap2,223,621,1584,696.3552,1584.1749,1.1,1567476640641
tap2,310,414,618,447.58557,618.67773,1.67,1567476641274
tap2,89,621,618,711.3414,622.67566,1.56,1567476641898
tap2,311,414,1584,453.58002,1649.141,1.37,1567476642643
tap2,261,552,204,628.41815,188.90161,1.75,1567476643461
tap2,322,345,756,332.69196,774.59656,1.75,1567476644206
tap2,262,414,204,434.5976,176.90785,1.68,1567476645044
tap2,333,552,894,621.4246,927.5169,1.0699999,1567476645708
tap2,312,483,618,536.50323,672.64966,1.68,1567476646341
tap2,225,690,1584,721.3321,1622.155,1.1,1567476647169
tap2,93,690,618,760.296,685.6429,1.37,1567476647782
tap2,313,483,1584,483.55228,1571.1816,1.26,1567476648518
tap2,91,690,1239,746.30896,1260.3435,1.0799999,1567476649212
tap2,90,69,618,147.8631,697.63666,1.68,1567476649938
tap2,93,690,618,787.27106,607.6835,1.39,1567476650561
tap2,92,69,1239,94.91212,1284.331,1.43,1567476651287
tap2,108,276,963,292.72894,1003.47736,1.5,1567476652155
tap2,109,897,342,923.14526,407.7876,1.4699999,1567476652881
tap2,106,276,342,343.68176,376.80374,1.63,1567476653575
tap2,107,897,963,927.14154,991.4836,1.1,1567476654260
tap2,100,276,1101,333.69104,1146.4028,1.3199999,1567476654862
tap2,101,897,480,956.1147,502.73816,1.29,1567476655567
tap2,99,897,1101,901.1656,1095.4294,1.2099999,1567476656293
tap2,98,276,480,326.6975,522.7277,1.5699999,1567476657008
tap2,105,897,411,961.1101,424.77875,1.5899999,1567476658060
tap2,104,276,1032,291.7299,1120.4164,1.63,1567476658715
tap2,102,276,411,340.68454,429.77615,1.7099999,1567476659379
tap2,103,897,1032,943.1267,1024.4664,1.49,1567476660063
tap2,97,897,549,938.13135,575.70013,1.5899999,1567476660789
tap2,96,276,1170,305.71692,1189.3805,1.49,1567476661443
tap2,94,276,549,317.70584,601.6866,1.8,1567476662117
tap2,95,897,1170,888.1776,1210.3696,1.05,1567476662873
tap2,111,897,894,970.10175,888.5372,1.04,1567476663537
tap2,110,276,273,337.68732,329.82822,1.4499999,1567476664293
tap2,112,276,894,321.70212,975.4919,1.5,1567476664947
tap2,113,897,273,935.13416,324.8308,1.62,1567476665652
tap2,116,276,825,307.7151,840.5622,1.67,1567476666326
tap2,117,897,204,945.1249,270.85892,1.78,1567476667072
tap2,114,276,204,328.69565,261.86362,1.8,1567476667839
tap2,115,897,825,972.0999,824.5705,0.95,1567476668513
tap2,119,897,756,959.11194,781.5929,1.17,1567476669177
tap2,118,276,135,347.67807,210.89015,1.74,1567476669943
tap2,121,897,135,943.1267,178.90681,1.75,1567476670863
tap2,120,276,756,285.73544,882.54034,1.81,1567476671528
tap2,152,0,894,133.87604,928.51636,1.75,1567476672253
tap2,213,621,1515,616.42926,1501.218,1.26,1567476673121
tap2,212,0,1515,62.94172,1547.1941,0.98999995,1567476673959
tap2,151,621,894,657.3913,921.52,1.54,1567476674593
tap2,56,69,825,133.87604,874.5445,1.8,1567476675329
tap2,205,690,1446,779.27844,479.75012,1.89,1567476676115
tap2,204,69,1446,581.4616,1446.2467,1.24,1567476676667
tap2,55,690,825,137.87234,1473.2327,1.5799999,1567476677024
tap2,24,138,825,200.81406,854.5549,1.6999999,1567476677780
tap2,207,759,1446,776.28125,1418.2612,1.1999999,1567476678496
tap2,206,138,1446,164.84737,1433.2534,1.42,1567476679242
tap2,23,759,825,819.24146,838.56323,1.41,1567476679896
tap2,80,207,825,226.79001,886.53827,1.8499999,1567476680601
tap2,209,828,1446,869.1952,1474.2322,1.1,1567476681479
tap2,208,207,1446,870.1943,623.6752,1.73,1567476681908
tap2,79,828,825,892.1739,846.5591,1.13,1567476682736
tap2,115,897,825,827.2341,761.60333,1.31,1567476683103
tap2,210,276,1446,308.71414,1504.2166,0.83,1567476689542
tap2,116,276,825,352.67346,862.5507,0.88,1567476690178
tap2,211,897,1446,841.22107,1499.2191,0.55,1567476690994
tap2,203,621,1446,643.40424,1451.2441,0.61,1567476691638
tap2,156,0,825,96.91027,904.5289,0.72999996,1567476692466
tap2,202,0,1446,54.94912,1493.2223,0.94,1567476697241
tap2,155,621,825,609.4357,917.5221,1.53,1567476697918
tap2,52,69,894,104.90287,900.53094,1.52,1567476698654
tap2,215,690,1515,751.3043,1599.1671,1.3199999,1567476699482
tap2,51,690,894,720.333,1531.2025,1.28,1567476699839
tap2,214,69,1515,700.3515,893.5346,1.4599999,1567476700197
tap2,216,138,1515,101.90564,1527.2046,1.13,1567476702328
tap2,19,759,894,796.2627,898.532,1.67,1567476703027
tap2,217,759,1515,770.2868,1572.1812,1.16,1567476703762
tap2,20,138,894,150.86032,887.5377,1.66,1567476704549
tap2,141,621,480,638.4089,493.74283,1.89,1567476705193
tap2,140,0,1101,44.958374,1112.4205,0.90999997,1567476705989
tap2,138,0,480,67.937096,487.74594,1.31,1567476706898
tap2,139,621,1101,699.3525,1189.3805,1.3299999,1567476707624
tap2,142,0,411,606.4385,1130.4113,1.35,1567476707951
tap2,143,621,1032,660.38855,1069.443,1.12,1567476708748
tap2,144,0,1032,52.950974,1102.4258,0.97999996,1567476709463
tap2,145,621,411,734.32007,414.78397,1.49,1567476710260
tap2,148,0,963,25.975948,1001.4784,0.78,1567476711169
tap2,149,621,342,686.3645,341.82196,1.65,1567476712048
tap2,147,621,963,711.3414,999.47943,1.43,1567476712722
tap2,146,0,342,70.93432,373.8053,1.0699999,1567476713743
tap2,153,621,273,746.30896,362.81104,1.35,1567476714632
tap2,152,0,894,86.91952,935.51276,1.4399999,1567476715398
tap2,150,0,273,33.968548,269.85944,1.0,1567476716461
tap2,151,621,894,754.3016,923.519,1.3399999,1567476717166
tap2,266,345,273,324.69934,304.84122,1.8199999,1567476717994
tap2,267,552,1239,601.4431,1278.3342,1.36,1567476718688
tap2,269,552,273,545.49493,298.84433,1.6999999,1567476719424
tap2,268,345,1239,432.59946,1300.3228,1.55,1567476720149
tap2,271,414,1239,481.5541,1329.3076,1.55,1567476720834
tap2,153,621,273,686.3645,353.8157,1.62,1567476721610
tap2,270,414,273,427.60406,295.84592,1.65,1567476722509
tap2,87,621,1239,710.3423,1329.3076,1.0799999,1567476723214
tap2,91,690,1239,749.3062,1196.3768,0.95,1567476723806
tap2,272,483,273,511.52637,277.8553,1.53,1567476724665
tap2,273,483,1239,498.5384,1272.3373,1.38,1567476725349
tap2,53,690,273,731.3229,334.8256,1.78,1567476726064
tap2,277,552,342,594.4496,384.79956,1.5999999,1567476726902
tap2,276,345,1308,379.64847,1351.2961,1.4,1567476727556
tap2,274,345,342,354.6716,360.81207,1.74,1567476728332
tap2,275,552,1308,576.46625,1334.305,1.12,1567476729037
tap2,183,621,1308,667.3821,1315.315,1.0,1567476729731
tap2,278,414,342,470.5643,362.81104,1.4499999,1567476730559
tap2,149,621,342,663.38574,356.81415,1.55,1567476731284
tap2,279,414,1308,412.61795,1374.2842,1.04,1567476732020
tap2,281,483,1308,519.519,1370.2863,0.97999996,1567476732766
tap2,49,690,342,747.30804,340.82248,1.64,1567476733552
tap2,280,483,342,499.53748,310.8381,1.38,1567476734472
tap2,185,690,1308,774.2831,1343.3003,0.95,1567476735207
tap2,156,0,825,99.90749,862.5507,1.48,1567476736934
tap2,157,621,204,654.3941,234.87766,1.54,1567476737802
tap2,155,621,825,709.3432,854.5549,1.27,1567476738477
tap2,154,0,204,25.975948,205.89276,0.90999997,1567476739468
tap2,158,0,135,53.950047,154.91931,1.3,1567476740387
tap2,159,621,756,674.3756,734.6174,1.22,1567476741102
tap2,160,0,756,77.92784,756.6059,1.42,1567476741858
tap2,161,621,135,674.3756,196.89745,1.5899999,1567476742859
tap2,162,0,66,37.964848,123.93545,1.0,1567476744156
tap2,163,621,687,662.38666,731.61896,1.0799999,1567476744913
tap2,164,0,687,69.93524,687.64185,1.22,1567476745689
tap2,165,621,66,693.35803,111.941696,1.54,1567476746568
tap2,169,897,66,947.12305,151.92087,1.1899999,1567476747855
tap2,168,276,687,324.69934,718.6257,1.35,1567476748693
tap2,166,276,66,301.72064,74.96095,1.35,1567476749622
tap2,167,897,687,962.1092,708.6309,0.96999997,1567476750389
tap2,170,138,618,132.87697,590.6923,1.61,1567476751124
tap2,171,759,1239,836.2257,1229.3596,1.06,1567476751931
tap2,173,759,618,853.21,638.66736,1.49,1567476752565
tap2,172,138,1239,215.80019,1261.343,1.3399999,1567476753341
tap2,177,828,618,893.173,668.65173,1.28,1567476754005
tap2,176,207,1239,247.77058,1302.3217,1.2099999,1567476754730
tap2,174,207,618,233.78354,636.6684,1.38,1567476755558
tap2,175,828,1239,877.1878,1229.3596,1.0699999,1567476756263
tap2,133,690,66,660.38855,126.93388,1.51,1567476757366
tap2,249,483,1032,605.4394,1082.4362,0.85999995,1567476758183
tap2,43,690,1032,760.296,1060.4476,0.82,1567476759092
tap2,248,483,66,544.49585,86.95471,1.31,1567476760298
tap2,251,552,1101,601.4431,1169.3909,1.05,1567476761177
tap2,250,345,135,392.63644,135.9292,1.52,1567476762218
tap2,252,345,1101,396.63275,1122.4154,1.22,1567476763230
tap2,253,552,135,619.42645,151.92087,1.41,1567476764262
tap2,254,414,135,495.54117,159.9167,1.42,1567476765191
tap2,139,621,1101,744.31085,1101.4263,0.93,1567476765876
tap2,161,621,135,647.4006,137.92816,1.5999999,1567476766683
tap2,255,414,1101,450.5828,1146.4028,1.29,1567476767388
tap2,178,276,618,338.6864,653.65955,1.48,1567476768103
tap2,179,897,1239,915.15265,1213.368,0.95,1567476768889
tap2,181,897,618,928.1406,632.6705,1.36,1567476769513
tap2,180,276,1239,262.7567,1284.331,1.04,1567476770207
tap2,132,69,687,116.89177,702.63403,1.51,1567476770932
tap2,185,690,1308,785.2729,1316.3143,0.96,1567476771780
tap2,184,69,1308,63.940796,1340.3019,0.97999996,1567476772546
tap2,131,690,687,744.31085,761.60333,1.27,1567476773200
tap2,127,759,687,820.24054,715.62726,0.97999996,1567476773823
tap2,187,759,1308,836.2257,1346.2988,0.71999997,1567476774651
tap2,186,138,1308,154.85661,1372.2853,1.04,1567476775437
tap2,126,138,66,194.81961,85.95523,1.23,1567476776540
tap2,123,828,687,892.1739,700.6351,1.2099999,1567476777348
tap2,188,207,1308,224.79185,1367.2878,1.09,1567476778103
tap2,124,207,687,201.81314,686.64233,1.43,1567476778839
tap2,189,828,1308,884.18134,1294.3258,0.97999996,1567476779697
tap2,317,552,687,631.41534,677.64703,1.41,1567476780371
tap2,316,345,1653,396.63275,1705.1119,0.71,1567476781158
tap2,314,345,687,393.63553,726.6215,1.31,1567476781801
tap2,315,552,1653,610.4348,1675.1274,0.89,1567476782567
tap2,266,345,273,345.67993,307.83966,1.37,1567476783457
tap2,335,483,963,492.54395,975.4919,1.24,1567476784172
tap2,272,483,273,513.52454,312.83707,1.4399999,1567476784989
tap2,334,345,963,344.68085,1035.4607,1.1999999,1567476785755
tap2,318,414,687,475.55966,739.61475,1.5,1567476786583
tap2,233,621,1653,684.36633,1651.14,0.62,1567476787451
tap2,163,621,687,671.37836,651.6606,1.4699999,1567476788177
tap2,319,414,1653,462.5717,1702.1134,0.94,1567476788963
tap2,269,552,273,577.46533,299.8438,1.28,1567476789709
tap2,336,414,963,498.5384,1027.4648,1.06,1567476790424
tap2,337,552,963,623.4227,988.48517,0.98999995,1567476791068
tap2,270,414,273,475.55966,267.86047,1.4499999,1567476791936
tap2,168,276,687,272.74747,707.6314,1.4,1567476793070
tap2,191,897,1308,977.0953,1309.318,0.83,1567476793867
tap2,167,897,687,931.1378,726.6215,1.14,1567476794551
tap2,190,276,1308,328.69565,1361.291,1.01,1567476795328
tap2,192,0,1377,79.925995,1391.2754,0.85999995,1567476796176
tap2,160,0,756,67.937096,752.608,1.11,1567476797085
tap2,193,621,1377,697.3543,1407.267,0.77,1567476797892
tap2,159,621,756,683.36725,778.5945,1.09,1567476798587
tap2,194,69,1377,102.90472,1418.2612,1.06,1567476799629
tap2,59,690,756,771.2858,803.5814,1.1,1567476800262
tap2,60,69,756,109.89824,789.58875,1.25,1567476801070
tap2,195,690,1377,747.30804,1346.2988,0.88,1567476801907
tap2,28,138,756,138.87141,726.6215,1.43,1567476803082
tap2,197,759,1377,819.24146,1417.2618,0.96999997,1567476803777
tap2,27,759,756,766.29047,817.57416,1.25,1567476804482
tap2,196,138,1377,228.78816,1382.28,0.98999995,1567476805442
tap2,84,207,756,260.75854,761.60333,1.1999999,1567476806228
tap2,199,828,1377,897.1693,1362.2904,0.91999996,1567476807178
tap2,83,828,756,855.2081,777.595,1.28,1567476807791
tap2,198,207,1377,275.7447,1372.2853,1.12,1567476808588
tap2,200,276,1377,347.67807,1414.2634,0.97999996,1567476809365
tap2,119,897,756,956.1147,804.58093,0.95,1567476810029
tap2,120,276,756,298.72342,824.5705,1.4699999,1567476810815
tap2,201,897,1377,966.10547,1401.2701,0.75,1567476811775
tap2,242,345,66,388.64014,75.960434,1.35,1567476812807
tap2,347,966,687,1032.0444,695.6377,1.02,1567476813849
tap2,338,966,66,1025.0509,100.94742,1.0799999,1567476814891
tap2,314,345,687,389.63922,732.6184,1.41,1567476815627
tap2,322,345,756,430.6013,783.59186,1.4,1567476816485
tap2,339,966,135,1012.0629,206.89224,1.27,1567476817567
tap2,348,966,756,1008.0666,716.6267,0.97999996,1567476818364
tap2,250,345,135,418.6124,207.89172,1.49,1567476819365
tap2,258,345,204,325.69843,191.90005,1.5999999,1567476820285
tap2,349,966,825,1011.06384,870.5466,1.11,1567476821511
tap2,340,966,204,973.099,237.8761,1.35,1567476822491
tap2,326,345,825,401.6281,843.5606,1.3,1567476823257
tap2,330,345,894,415.61517,925.51794,1.26,1567476823952
tap2,341,966,273,1036.0406,327.82925,1.0799999,1567476824933
tap2,266,345,273,392.63644,274.85684,1.5699999,1567476825801
tap2,350,966,894,984.0888,905.5283,1.09,1567476826731
tap2,76,207,894,225.79094,927.5169,1.2099999,1567476827497
tap2,219,828,1515,907.16003,1464.2373,0.9,1567476828386
tap2,218,207,1515,249.76874,1559.1879,1.05,1567476829162
tap2,75,828,894,894.17206,951.5044,0.95,1567476829826
tap2,220,276,1515,336.68826,1538.1989,1.11,1567476830644
tap2,111,897,894,974.0981,929.51587,1.12,1567476831317
tap2,112,276,894,340.68454,946.507,1.54,1567476832104
tap2,221,897,1515,965.1064,1556.1895,0.90999997,1567476832891
tap2,225,690,1584,757.2988,1588.1727,0.81,1567476833646
tap2,48,69,963,88.91767,981.4888,1.3199999,1567476834464
tap2,47,690,963,769.2877,1023.4669,0.79999995,1567476835148
tap2,224,69,1584,137.87234,1573.1805,1.02,1567476835853
tap2,165,621,66,688.3626,128.93285,1.0699999,1567476837119
tap2,247,414,1032,447.58557,1084.4352,1.31,1567476837875
tap2,143,621,1032,706.346,1100.4269,0.98999995,1567476838631
tap2,246,414,66,556.48474,1520.2081,0.95,1567476839602
tap2,15,759,963,810.24976,1005.4763,1.1,1567476840378
tap2,226,138,1584,151.85939,1652.1395,0.9,1567476841206
tap2,227,759,1584,862.20166,1640.1458,0.94,1567476842074
tap2,16,138,963,175.83719,1010.4737,1.18,1567476842850
tap2,72,207,963,277.74283,972.49347,1.3399999,1567476843565
tap2,229,828,1584,938.13135,1574.18,0.96,1567476844495
tap2,71,828,963,916.15173,974.49243,0.96,1567476845210
tap2,228,207,1584,321.70212,1568.1832,1.0799999,1567476845864
tap2,242,345,66,427.60406,82.956795,1.4599999,1567476846855
tap2,243,552,1032,615.4302,1044.4559,1.15,1567476847631
tap2,244,345,1032,383.64478,1028.4644,1.27,1567476848295
tap2,245,552,66,597.44684,71.96252,1.29,1567476849214
tap2,148,0,963,62.94172,951.5044,1.05,1567476850113
tap2,223,621,1584,679.371,1570.1821,1.03,1567476851064
tap2,147,621,963,712.34045,969.49506,1.15,1567476851697
tap2,222,0,1584,72.93247,1608.1624,0.95,1567476852514
tap2,252,345,1101,407.62256,1160.3956,1.1899999,1567476853188
tap2,344,966,480,1030.0463,475.7522,1.13,1567476853924
tap2,290,345,480,379.64847,492.74335,1.54,1567476854670
tap2,353,966,1101,1051.0269,1083.4357,0.71999997,1567476855507
tap2,345,966,549,978.09436,509.7345,1.51,1567476856232
tap2,260,345,1170,436.59573,1203.3732,1.23,1567476856978
tap2,354,966,1170,1001.07306,1179.3857,0.97999996,1567476858561
tap2,298,345,549,356.66974,597.68866,1.52,1567476859307
tap2,346,966,618,992.0814,626.6736,1.35,1567476860390
tap2,268,345,1239,398.6309,1236.3561,1.1999999,1567476861085
tap2,355,966,1239,1031.0453,1233.3575,0.84999996,1567476861963
tap2,306,345,618,413.61703,632.6705,1.52,1567476862627
tap2,314,345,687,401.6281,727.62103,1.61,1567476863414
tap2,356,966,1308,1037.0398,1296.3248,0.9,1567476864057
tap2,347,966,687,992.0814,722.6236,1.22,1567476864721
tap2,276,345,1308,407.62256,1280.3331,1.11,1567476865477
tap2,257,483,1101,538.5014,1128.4122,1.09,1567476866141
tap2,61,690,135,780.2775,184.90369,1.1,1567476867060
tap2,39,690,1101,754.3016,1152.3998,1.14,1567476867888
tap2,256,483,135,537.5023,179.9063,1.37,1567476868777
tap2,258,345,204,318.7049,195.89796,1.5799999,1567476869727
tap2,259,552,1170,620.42554,1245.3513,0.98999995,1567476870462
tap2,260,345,1170,374.6531,1219.3649,1.16,1567476871147
tap2,261,552,204,591.4524,245.87193,1.5699999,1567476872159
tap2,157,621,204,704.34784,256.8662,1.26,1567476873149
tap2,263,414,1170,520.51807,1190.38,1.05,1567476873946
tap2,262,414,204,451.58188,245.87193,1.53,1567476874957
tap2,135,621,1170,670.3793,1216.3665,1.17,1567476875713
tap2,244,345,1032,390.6383,1113.42,1.22,1567476876367
tap2,361,966,1653,992.0814,1647.1421,0.21,1567476877388
tap2,352,966,1032,1026.0499,1017.47003,0.91999996,1567476878103
tap2,316,345,1653,385.6429,1653.1389,1.02,1567476878880
tap2,282,345,411,397.63184,440.77042,1.3399999,1567476879677
tap2,283,552,1377,626.42,1377.2826,1.1,1567476880371
tap2,284,345,1377,394.6346,1467.2357,1.13,1567476881005
tap2,285,552,411,575.46716,399.79178,1.51,1567476881802
tap2,145,621,411,668.3811,432.7746,1.56,1567476882598
tap2,287,414,1377,445.58743,1411.2649,1.1999999,1567476883344
tap2,193,621,1377,650.39777,1454.2426,0.96,1567476884008
tap2,286,414,411,466.568,445.76782,1.38,1567476884897
tap2,288,483,411,571.4709,420.78082,1.56,1567476885612
tap2,195,690,1377,751.3043,1407.267,1.1,1567476886327
tap2,289,483,1377,517.5208,1423.2587,1.02,1567476886980
tap2,45,690,411,706.346,425.77823,1.0799999,1567476887798
tap2,31,690,1170,766.29047,1223.3628,1.0799999,1567476888502
tap2,264,483,204,530.5088,206.89224,1.36,1567476889473
tap2,57,690,204,768.28864,254.86725,1.27,1567476890290
tap2,265,483,1170,517.5208,1279.3336,0.91999996,1567476890985
tap2,300,345,1515,372.65494,1554.1904,1.03,1567476891659
tap2,350,966,894,1026.0499,920.52057,0.96,1567476892456
tap2,330,345,894,388.64014,914.5237,1.4499999,1567476893212
tap2,359,966,1515,1036.0406,1532.2019,0.71999997,1567476894070
tap2,351,966,963,1033.0435,991.4836,0.72999996,1567476895040
tap2,308,345,1584,376.65125,1572.1812,0.79999995,1567476895786
tap2,360,966,1584,1004.0703,1561.1869,0.68,1567476896736
tap2,334,345,963,309.71323,984.48724,1.25,1567476897421
tap2,137,621,549,714.33856,544.7163,1.39,1567476898085
tap2,303,414,1515,482.5532,1534.2009,0.88,1567476898882
tap2,213,621,1515,660.38855,1494.2217,0.76,1567476899587
tap2,302,414,549,417.6133,554.71106,1.54,1567476900333
tap2,254,414,135,444.58835,162.91515,1.54,1567476901160
tap2,329,552,825,625.4209,822.57153,1.22,1567476902059
tap2,253,552,135,639.40796,227.8813,1.27,1567476903040
tap2,328,414,825,427.60406,847.55853,1.41,1567476903990
tap2,334,345,963,395.63367,1051.4524,1.17,1567476904633
tap2,342,966,342,995.0786,381.80115,1.39,1567476905420
tap2,274,345,342,357.66882,362.81104,1.42,1567476906370
tap2,351,966,963,1005.0694,977.49084,1.1899999,1567476907177
tap2,282,345,411,402.6272,417.7824,1.4399999,1567476908066
tap2,352,966,1032,1013.062,1016.4706,0.78999996,1567476908873
tap2,343,966,411,1011.06384,451.7647,1.1,1567476909567
tap2,244,345,1032,423.6078,1013.4721,0.88,1567476910344
tap2,322,345,756,394.6346,765.60126,1.31,1567476911263
tap2,357,966,1377,1032.0444,1403.269,0.71,1567476912520
tap2,348,966,756,1027.0491,755.60645,0.81,1567476913490
tap2,284,345,1377,374.6531,1374.2842,0.84999996,1567476914256
tap2,292,345,1446,409.62073,1446.2467,0.74,1567476915217
tap2,349,966,825,985.0879,847.55853,0.7,1567476915962
tap2,326,345,825,360.66605,862.5507,1.1,1567476916586
tap2,358,966,1446,1038.0388,1451.2441,0.57,1567476917485
tap2,131,690,687,780.2775,707.6314,1.35,1567476918241
tap2,321,483,1653,531.5079,1702.1134,0.88,1567476919119
tap2,320,483,687,511.52637,723.6231,1.02,1567476919988
tap2,235,690,1653,746.30896,1676.127,0.65999997,1567476920836
tap2,362,0,1722,35.966698,1711.1088,0.39,1567476921928
tap2,139,621,1101,700.3515,1133.4097,0.57,1567476922603
tap2,140,0,1101,58.94542,1112.4205,0.81,1567476923430
tap2,371,621,1722,720.333,1767.0796,0.65,1567476924319
tap2,39,690,1101,752.3034,1111.4211,0.79999995,1567476924993
tap2,363,69,1722,114.893616,1703.1129,0.77,1567476925811
tap2,372,690,1722,753.3025,1753.0869,0.66999996,1567476926710
tap2,40,69,1101,99.90749,1146.4028,0.97999996,1567476927476
tap2,136,0,1170,26.975023,1197.3763,0.64,1567476928354
tap2,386,621,1791,688.3626,1788.0687,0.84999996,1567476929274
tap2,135,621,1170,639.40796,1235.3566,1.13,1567476929938
tap2,377,0,1791,31.970398,1824.0499,0.51,1567476931031
tap2,31,690,1170,740.3145,1175.3878,1.05,1567476931757
tap2,378,69,1791,137.87234,1825.0494,0.69,1567476932614
tap2,32,69,1170,120.88807,1208.3706,1.0799999,1567476933381
tap2,387,690,1791,787.27106,1809.0577,0.77,1567476934290
tap2,8,138,1101,107.90009,1142.405,1.11,1567476935087
tap2,373,759,1722,828.2331,1732.0978,0.72999996,1567476935914
tap2,7,759,1101,855.2081,1111.4211,1.04,1567476936578
tap2,364,138,1722,202.81221,1699.115,0.94,1567476937426
tap2,374,828,1722,912.1554,1729.0994,0.66999996,1567476938294
tap2,64,207,1101,194.81961,1141.4055,1.11,1567476939051
tap2,365,207,1722,209.80574,1750.0885,0.98999995,1567476939848
tap2,63,828,1101,883.18225,1136.4081,0.81,1567476940604
tap2,379,138,1791,198.81592,1798.0635,0.90999997,1567476941380
tap2,3,759,1170,813.247,1194.3779,0.69,1567476942095
tap2,4,138,1170,166.84552,1228.3602,1.18,1567476942810
tap2,388,759,1791,789.2692,1771.0775,0.82,1567476943679
tap2,380,207,1791,262.7567,1817.0536,0.87,1567476944455
tap2,35,828,1170,922.1462,1180.3851,0.90999997,1567476945272
tap2,389,828,1791,876.1887,1784.0708,0.64,1567476946171
tap2,36,207,1170,218.79741,1206.3717,0.96999997,1567476946917
tap2,100,276,1101,348.67715,1151.4003,1.1,1567476947632
tap2,375,897,1722,969.10266,1730.0989,0.63,1567476948501
tap2,99,897,1101,985.0879,1111.4211,0.79999995,1567476949093
tap2,366,276,1722,288.73267,1740.0936,0.98999995,1567476949839
tap2,368,414,1722,492.54395,1751.0879,0.82,1567476950574
tap2,159,621,756,691.35986,863.55023,1.48,1567476951402
tap2,371,621,1722,696.3552,1737.0952,0.82,1567476952148
tap2,324,414,756,489.54672,779.59393,1.4,1567476952822
tap2,96,276,1170,344.68085,1205.3722,1.24,1567476953578
tap2,390,897,1791,953.1175,1755.0858,0.53,1567476954477
tap2,95,897,1170,972.0999,1181.3846,0.62,1567476955202
tap2,381,276,1791,289.73172,1803.0609,0.79999995,1567476956204
tap2,385,552,1791,588.45514,1769.0786,0.65999997,1567476956929
tap2,326,345,825,369.6577,855.5544,1.31,1567476957695
tap2,382,345,1791,397.63184,1782.0718,0.93,1567476958451
tap2,329,552,825,619.42645,849.5575,1.16,1567476959136
tap2,323,483,756,550.4903,780.59344,1.26,1567476959974
tap2,372,690,1722,742.3127,1749.089,0.57,1567476960729
tap2,59,690,756,748.3071,768.5997,1.39,1567476961527
tap2,369,483,1722,552.48846,1742.0927,0.72999996,1567476962415
tap2,353,966,1101,1032.0444,1118.4175,0.7,1567476963426
tap2,367,345,1722,362.6642,1762.0822,0.68,1567476964131
tap2,252,345,1101,414.6161,1135.4086,1.13,1567476964775
tap2,376,966,1722,997.0768,1715.1067,0.35,1567476965633
tap2,383,414,1791,442.5902,1789.0681,0.84999996,1567476966349
tap2,155,621,825,689.3617,834.5653,1.15,1567476967155
tap2,328,414,825,454.5791,867.54816,1.24,1567476967912
tap2,386,621,1791,681.3691,1833.0453,0.69,1567476968657
tap2,55,690,825,742.3127,849.5575,1.13,1567476969342
tap2,384,483,1791,555.48566,1831.0463,0.76,1567476970148
tap2,327,483,825,577.46533,830.5674,1.3,1567476970956
tap2,387,690,1791,765.2914,1810.0573,0.7,1567476971681
tap2,387,690,1791,606.4385,1006.47577,1.11,1567476972345
tap1,2,288,642,387.64108,684.6434,1.18,1567477033082
tap1,3,576,930,698.3534,995.4815,1.11,1567477033717
tap1,4,576,642,633.4135,764.60175,1.22,1567477034310
tap1,5,288,930,333.69104,1022.46747,1.29,1567477034994
tap1,9,288,786,327.6966,891.53564,1.29,1567477035627
tap1,17,576,1074,694.35706,1131.4106,0.96999997,1567477036250
tap1,16,288,1074,309.71323,1181.3846,1.29,1567477036842
tap1,7,576,786,678.3719,866.54865,1.2099999,1567477037506
tap1,4,576,642,640.40704,712.62885,1.25,1567477038078
tap1,10,288,354,387.64108,396.79333,1.27,1567477039048
tap1,2,288,642,447.58557,725.6221,1.13,1567477039763
tap1,11,576,354,706.346,409.78656,1.3299999,1567477040508
tap1,4,576,642,683.36725,734.6174,1.14,1567477041142
tap1,18,288,1218,326.6975,1330.3071,1.02,1567477041887
tap1,2,288,642,345.67993,682.6444,1.27,1567477042612
tap1,19,576,1218,654.3941,1385.2784,0.85999995,1567477043225
tap1,13,576,210,654.3941,273.85736,1.29,1567477044267
tap1,6,288,498,384.64386,544.7163,1.14,1567477044991
tap1,12,288,210,392.63644,263.86258,1.3299999,1567477045911
tap1,8,576,498,695.35614,587.6939,1.09,1567477046554
tap1,19,576,1218,653.395,1346.2988,1.0,1567477047228
tap1,22,288,1506,362.6642,1621.1556,0.96,1567477047922
tap1,18,288,1218,395.63367,1258.3446,1.25,1567477048576
tap1,23,576,1506,696.3552,1632.1499,0.66999996,1567477049260
tap1,14,288,66,338.6864,126.93388,1.02,1567477050445
tap1,11,576,354,685.3654,374.80478,1.13,1567477051088
tap1,10,288,354,408.62164,421.7803,1.27,1567477051783
tap1,15,576,66,656.3922,135.9292,1.38,1567477052753
tap1,17,576,1074,621.4246,1159.3961,1.0,1567477053345
tap1,20,288,1362,357.66882,1457.241,1.11,1567477054019
tap1,21,576,1362,712.34045,1426.2571,1.0699999,1567477054581
tap1,16,288,1074,425.60593,1175.3878,1.26,1567477055194
tap1,9,288,786,381.64664,853.5554,1.29,1567477055827
tap1,8,576,498,688.3626,579.69806,1.29,1567477056460
tap1,6,288,498,402.6272,571.7022,1.37,1567477057103
tap1,7,576,786,656.3922,881.54083,1.1899999,1567477057716
tap1,24,144,66,235.78168,101.9469,1.3199999,1567477058778
tap1,26,432,354,581.4616,446.7673,1.27,1567477059585
tap1,27,144,354,259.7595,418.78186,1.4399999,1567477060330
tap1,25,432,66,531.5079,90.95263,1.3399999,1567477061402
tap1,66,720,1506,858.2054,1577.1785,1.02,1567477062260
tap1,41,432,1218,568.47363,1319.3129,1.06,1567477062934
tap1,42,432,1506,554.4866,1596.1686,1.02,1567477063506
tap1,65,720,1218,838.2239,1341.3014,0.88,1567477064129
tap1,36,144,786,216.79926,844.5601,1.35,1567477064905
tap1,38,432,1074,522.5162,1146.4028,1.15,1567477065569
tap1,39,144,1074,252.76596,1139.4065,1.28,1567477066284
tap1,37,432,786,524.51434,867.54816,1.18,1567477067122
tap1,16,288,1074,375.65216,1160.3956,1.3299999,1567477067826
tap1,56,0,1362,94.91212,1406.2676,1.1,1567477068612
tap1,20,288,1362,366.6605,1474.2322,1.27,1567477069378
tap1,53,0,1074,121.887146,1130.4113,1.15,1567477070267
tap1,59,720,210,793.2655,296.8454,1.22,1567477071165
tap1,30,432,498,511.52637,581.697,1.14,1567477072033
tap1,29,432,210,539.5005,255.86673,1.31,1567477072891
tap1,60,720,498,870.1943,572.7017,1.17,1567477073657
tap1,33,432,642,581.4616,716.6267,1.39,1567477074321
tap1,62,720,930,857.2063,993.48254,1.3,1567477074944
tap1,61,720,642,868.1961,699.63556,1.3,1567477075608
tap1,34,432,930,566.47546,1002.47784,1.3,1567477076271
tap1,6,288,498,357.66882,553.7116,1.27,1567477077262
tap1,48,0,210,65.93895,255.86673,1.1,1567477078232
tap1,12,288,210,348.67715,261.86362,1.16,1567477079151
tap1,49,0,498,87.918594,581.697,1.2099999,1567477079978
tap1,51,0,930,90.91582,1005.4763,1.02,1567477080745
tap1,2,288,642,419.61148,672.64966,1.1999999,1567477081623
tap1,5,288,930,407.62256,1041.4575,0.96999997,1567477082287
tap1,50,0,642,145.86494,678.64655,1.1899999,1567477083053
tap1,37,432,786,554.4866,886.53827,1.02,1567477083686
tap1,64,720,1074,821.2396,1180.3851,0.84,1567477084350
tap1,38,432,1074,579.46344,1119.417,1.0799999,1567477084952
tap1,63,720,786,774.2831,865.5492,1.0699999,1567477085769
tap1,29,432,210,513.52454,216.88704,1.39,1567477086545
tap1,31,144,498,195.8187,580.6975,1.23,1567477087219
tap1,28,144,210,231.78539,282.85266,1.4399999,1567477087914
tap1,30,432,498,515.52264,518.7298,1.4,1567477088629
tap1,42,432,1506,501.5356,1591.1713,1.01,1567477089282
tap1,40,144,1218,239.77798,1311.317,1.02,1567477090028
tap1,41,432,1218,513.52454,1316.3143,0.75,1567477090610
tap1,43,144,1506,292.72894,1607.1628,1.0699999,1567477091284
tap1,45,144,1362,246.77151,1446.2467,0.94,1567477091927
tap1,82,432,1650,519.519,1755.0858,1.1899999,1567477092989
tap1,80,144,1650,233.78354,1737.0952,1.23,1567477093684
tap1,44,432,1362,453.58002,1542.1968,1.16,1567477094276
tap1,57,720,66,860.2035,121.936485,1.1899999,1567477095093
tap1,26,432,354,551.4894,418.78186,1.3399999,1567477095757
tap1,58,720,354,832.22943,414.78397,1.3,1567477096298
tap1,25,432,66,532.50696,130.93181,1.3399999,1567477097074
tap1,64,720,1074,752.3034,1148.4019,1.15,1567477097779
tap1,44,432,1362,537.5023,1448.2457,1.27,1567477098535
tap1,38,432,1074,588.45514,1155.3982,1.2099999,1567477099147
tap1,67,720,1362,816.2442,1551.192,0.98999995,1567477099730
tap1,9,288,786,398.6309,868.5476,1.4499999,1567477100455
tap1,53,0,1074,103.90379,1153.3993,1.15,1567477101098
tap1,16,288,1074,352.67346,1162.3945,1.1,1567477101701
tap1,52,0,786,102.90472,863.55023,1.3399999,1567477102354
tap1,74,864,786,931.1378,857.55334,1.02,1567477103059
tap1,17,576,1074,661.38763,1168.3915,1.13,1567477103661
tap1,75,864,1074,954.1166,1158.3966,1.16,1567477104253
tap1,7,576,786,672.37744,899.5315,1.27,1567477104917
tap1,38,288,66,342.6827,100.94742,1.4,1567477105867
tap1,45,0,354,88.91767,427.7772,1.35,1567477106664
tap1,44,0,66,112.89547,117.93857,1.52,1567477107511
tap1,39,288,354,426.605,434.77356,1.3299999,1567477108206
tap1,14,288,1506,434.5976,1653.1389,0.90999997,1567477108880
tap1,47,0,1794,136.87326,1788.0687,0.71999997,1567477109584
tap1,46,0,1506,93.91304,1629.1515,0.89,1567477110238
tap1,10,288,1794,332.69196,1842.0405,0.82,1567477110850
tap1,22,864,210,957.1138,270.85892,1.37,1567477111668
tap1,86,576,498,665.3839,590.6923,1.22,1567477112321
tap1,55,576,210,665.3839,274.85684,1.48,1567477112944
tap1,88,864,498,982.09064,550.71313,1.1899999,1567477113526
tap1,70,864,1362,966.10547,1457.241,0.97999996,1567477114353
tap1,8,576,1650,702.3497,1683.1233,0.97999996,1567477115017
tap1,13,576,1362,705.3469,1406.2676,1.0699999,1567477115630
tap1,71,864,1650,924.1443,1725.1014,0.68,1567477116304
tap1,78,576,1218,677.3728,1274.3363,1.23,1567477116927
tap1,83,864,1506,944.1258,1579.1775,0.95,1567477117499
tap1,21,864,1218,971.1008,1293.3264,1.12,1567477118142
tap1,85,576,1506,673.3765,1547.1941,1.03,1567477118734
tap1,19,576,66,684.36633,91.9521,1.29,1567477119745
tap1,77,864,354,934.1351,434.77356,1.41,1567477120389
tap1,76,576,354,687.3635,389.79697,1.43,1567477121032
tap1,23,864,66,951.1193,164.91411,1.27,1567477121992
tap1,15,576,1362,635.4117,1423.2587,1.0699999,1567477122727
tap1,69,864,1074,958.11285,1134.4092,0.87,1567477123432
tap1,11,576,1074,699.3525,1142.405,1.11,1567477124024
tap1,68,864,1362,957.1138,1393.2743,0.79999995,1567477124729
tap1,21,0,1218,92.91397,1271.3378,0.96999997,1567477125760
tap1,75,288,1506,345.67993,1584.1749,1.06,1567477126434
tap1,17,288,1218,337.68732,1289.3285,1.23,1567477127037
tap1,78,0,1506,78.92692,1565.1848,1.05,1567477127700
tap1,54,576,642,658.3904,700.6351,1.1999999,1567477128344
tap1,22,864,930,952.1184,1023.4669,0.89,1567477128915
tap1,18,864,642,976.0962,702.63403,1.1899999,1567477129548
tap1,55,576,930,671.37836,1012.47266,0.89,1567477130172
tap1,4,576,1794,670.3793,1880.0208,0.61,1567477130866
tap1,73,864,1506,931.1378,1608.1624,0.85999995,1567477131499
tap1,72,576,1506,643.40424,1579.1775,1.13,1567477132132
tap1,3,864,1794,944.1258,1831.0463,0.63,1567477132796
tap1,90,720,1362,813.247,1461.2389,1.22,1567477133398
tap1,77,432,1650,505.53192,1700.1145,1.11,1567477134001
tap1,23,720,1650,831.23035,1717.1056,0.77,1567477134695
tap1,92,432,1362,525.5134,1401.2701,1.15,1567477135288
tap1,67,432,1074,519.519,1157.3972,1.15,1567477135900
tap1,82,144,1362,230.78632,1444.2478,1.14,1567477136533
tap1,84,432,1362,548.4921,1418.2612,1.12,1567477137095
tap1,44,144,1074,221.79463,1102.4258,1.0799999,1567477137790
tap1,38,432,1506,490.5458,1607.1628,1.1,1567477138433
tap1,45,144,1794,211.8039,1869.0265,0.78999996,1567477139189
tap1,44,432,1794,514.5236,1846.0385,0.84999996,1567477139822
tap1,39,144,1506,215.80019,1620.1561,1.1999999,1567477140476
tap1,42,432,1506,531.5079,1614.1593,0.89,1567477141068
tap1,87,720,1794,801.2581,1817.0536,0.71,1567477141721
tap1,89,432,1794,517.5208,1849.0369,0.88,1567477142334
tap1,43,720,1506,815.2451,1595.1692,0.93,1567477142937
tap1,42,0,1362,94.91212,1453.243,1.05,1567477143672
tap1,91,288,1650,348.67715,1737.0952,1.0799999,1567477144377
tap1,89,288,1362,361.66513,1494.2217,1.16,1567477144989
tap1,66,0,1650,40.962074,1726.101,0.32,1567477145663
tap1,56,432,642,562.4792,705.63245,1.23,1567477146337
tap1,81,144,930,244.77336,966.4966,1.3299999,1567477146940
tap1,20,432,930,537.5023,998.4799,1.1999999,1567477147501
tap1,79,144,642,252.76596,696.63715,1.16,1567477148175
