tap1,2,288,642,1015.0601,1340.3019,0.9,1567293507602
tap1,3,576,930,646.4015,1011.47314,1.09,1567293508227
tap1,4,576,642,685.3654,697.63666,1.2099999,1567293508797
tap1,5,288,930,376.65125,1019.469,1.0699999,1567293509408
tap1,9,288,786,380.64755,869.5471,1.1899999,1567293510040
tap1,17,576,1074,633.4135,1156.3977,0.94,1567293510631
tap1,16,288,1074,381.64664,1145.4034,1.14,1567293511252
tap1,7,576,786,692.35895,866.54865,1.1,1567293511832
tap1,4,576,642,682.36816,730.61945,1.27,1567293512383
tap1,10,288,354,347.67807,398.7923,1.1999999,1567293513106
tap1,2,288,642,403.62628,717.6262,1.15,1567293513707
tap1,11,576,354,631.41534,422.7798,1.16,1567293514338
tap1,4,576,642,654.3941,742.6132,1.1,1567293514898
tap1,18,288,1218,341.68362,1288.329,1.05,1567293515499
tap1,2,288,642,372.65494,730.61945,1.25,1567293516131
tap1,19,576,1218,611.43384,1261.343,1.03,1567293516691
tap1,13,576,210,682.36816,273.85736,1.52,1567293517313
tap1,6,288,498,395.63367,571.7022,1.3299999,1567293517955
tap1,12,288,210,386.642,281.85318,1.25,1567293518698
tap1,8,576,498,664.3848,505.73657,1.3199999,1567293519310
tap1,19,576,1218,670.3793,1284.331,1.23,1567293519982
tap1,22,288,1506,383.64478,1604.1644,1.16,1567293520573
tap1,18,288,1218,358.6679,1272.3373,1.14,1567293521225
tap1,23,576,1506,682.36816,1583.1754,1.03,1567293521846
tap1,14,288,66,393.63553,108.94325,1.39,1567293522570
tap1,11,576,354,687.3635,412.785,1.3,1567293523222
tap1,10,288,354,341.68362,419.78134,1.35,1567293523895
tap1,15,576,66,668.3811,89.95315,1.3399999,1567293524638
tap1,17,576,1074,696.3552,1117.418,1.16,1567293525259
tap1,20,288,1362,356.66974,1446.2467,1.03,1567293525881
tap1,21,576,1362,643.40424,1437.2513,0.95,1567293526472
tap1,16,288,1074,351.67438,1126.4133,1.1,1567293527083
tap1,9,288,786,386.642,790.5882,1.15,1567293527674
tap1,8,576,498,685.3654,586.6944,1.09,1567293528234
tap1,6,288,498,373.65402,587.6939,1.18,1567293528846
tap1,7,576,786,686.3645,874.5445,1.0799999,1567293529426
tap1,24,144,66,270.7493,95.95003,1.28,1567293530201
tap1,26,432,354,592.4514,389.79697,1.22,1567293530894
tap1,27,144,354,254.76411,383.8001,1.28,1567293531576
tap1,25,432,66,546.494,91.9521,1.42,1567293532402
tap1,66,720,1506,790.26825,1515.2108,1.04,1567293533074
tap1,41,432,1218,490.5458,1253.3472,1.0799999,1567293533696
tap1,42,432,1506,515.52264,1588.1727,1.0,1567293534450
tap1,65,720,1218,818.2424,1310.3175,1.01,1567293535193
tap1,36,144,786,253.76503,860.55176,1.09,1567293535866
tap1,38,432,1074,494.54208,1178.3862,1.02,1567293536599
tap1,39,144,1074,237.77983,1141.4055,1.0,1567293537282
tap1,37,432,786,520.51807,818.57367,1.0699999,1567293537913
tap1,16,288,1074,370.6568,1149.4014,1.01,1567293538647
tap1,56,0,1362,78.92692,1453.243,1.03,1567293539350
tap1,20,288,1362,339.6855,1466.2363,0.94,1567293540104
tap1,53,0,1074,141.86864,1173.3888,1.04,1567293540837
tap1,59,720,210,796.2627,231.87923,1.1899999,1567293541510
tap1,30,432,498,542.4977,579.69806,1.27,1567293542162
tap1,29,432,210,552.48846,259.86465,1.31,1567293542937
tap1,60,720,498,821.2396,540.7184,1.25,1567293543579
tap1,33,432,642,531.5079,722.6236,1.22,1567293544241
tap1,62,720,930,828.2331,1009.4742,0.93,1567293544781
tap1,61,720,642,759.29694,771.5981,1.14,1567293545402
tap1,34,432,930,553.4875,1020.4685,0.96,1567293546013
tap1,6,288,498,438.5939,521.7283,1.14,1567293546625
tap1,48,0,210,130.87881,266.861,1.39,1567293547358
tap1,12,288,210,406.6235,268.85995,1.3399999,1567293548072
tap1,49,0,498,113.89455,576.69965,1.2099999,1567293548775
tap1,51,0,930,197.81683,971.494,1.14,1567293549437
tap1,2,288,642,356.66974,701.6345,1.12,1567293550110
tap1,5,288,930,393.63553,1029.4637,1.05,1567293550701
tap1,50,0,642,83.922295,658.6569,1.1899999,1567293551383
tap1,37,432,786,574.4681,857.55334,1.13,1567293552005
tap1,64,720,1074,822.23865,1111.4211,0.96,1567293552647
tap1,38,432,1074,516.5217,1121.4159,1.17,1567293553319
tap1,63,720,786,839.22296,821.5721,0.95,1567293554012
tap1,29,432,210,509.52823,267.86047,1.17,1567293554726
tap1,31,144,498,256.76227,554.71106,1.15,1567293555439
tap1,28,144,210,266.75302,239.87506,1.23,1567293556163
tap1,30,432,498,538.5014,557.70953,1.04,1567293556804
tap1,42,432,1506,526.5125,1587.1733,1.0,1567293557488
tap1,40,144,1218,248.76965,1249.3492,0.98999995,1567293558140
tap1,41,432,1218,516.5217,1267.3398,1.0,1567293558782
tap1,43,144,1506,247.77058,1511.2129,1.0,1567293559515
tap1,45,144,1362,244.77336,1409.266,1.01,1567293560280
tap1,82,432,1650,498.5384,1689.1202,0.96,1567293560972
tap1,80,144,1650,254.76411,1691.1191,1.03,1567293561727
tap1,44,432,1362,531.5079,1446.2467,1.04,1567293562389
tap1,57,720,66,832.22943,157.91774,1.25,1567293563163
tap1,26,432,354,573.469,404.78915,1.1,1567293563836
tap1,58,720,354,848.2146,399.79178,1.18,1567293564529
tap1,25,432,66,576.46625,122.93597,1.3199999,1567293565273
tap1,64,720,1074,828.2331,1149.4014,1.06,1567293565874
tap1,44,432,1362,542.4977,1465.2368,1.02,1567293566496
tap1,38,432,1074,547.49304,1151.4003,0.98999995,1567293567077
tap1,67,720,1362,840.22205,1430.255,0.96999997,1567293567688
tap1,9,288,786,440.59204,815.5752,0.96999997,1567293568362
tap1,53,0,1074,100.90657,1158.3966,1.04,1567293569085
tap1,16,288,1074,399.62997,1143.4044,1.01,1567293569727
tap1,52,0,786,105.90195,836.5643,1.0699999,1567293570450
tap1,74,864,786,917.1508,859.5523,0.91999996,1567293571154
tap1,17,576,1074,648.39966,1138.4071,0.91999996,1567293571857
tap1,75,864,1074,917.1508,1080.4373,0.89,1567293572540
tap1,7,576,786,632.4144,818.57367,1.06,1567293573162
tap1,38,288,66,464.56985,137.92816,1.27,1567293573834
tap1,45,0,354,99.90749,376.80374,1.1999999,1567293574548
tap1,44,0,66,161.85014,131.93129,1.18,1567293575292
tap1,39,288,354,354.6716,421.7803,1.0699999,1567293575924
tap1,14,288,1506,377.65033,1605.164,0.94,1567293576556
tap1,47,0,1794,144.86586,1827.0483,0.91999996,1567293577259
tap1,46,0,1506,75.929695,1576.1791,0.95,1567293577993
tap1,10,288,1794,353.67252,1832.0458,0.96999997,1567293578696
tap1,22,864,210,922.1462,275.85632,1.11,1567293579450
tap1,86,576,498,674.3756,558.709,1.13,1567293580031
tap1,55,576,210,627.41907,277.8553,1.16,1567293580653
tap1,88,864,498,948.12213,542.71735,1.03,1567293581234
tap1,70,864,1362,940.1295,1425.2577,0.91999996,1567293581886
tap1,8,576,1650,680.37006,1720.1041,0.89,1567293582610
tap1,13,576,1362,675.37463,1428.2561,0.95,1567293583211
tap1,71,864,1650,924.1443,1679.1254,0.96,1567293583894
tap1,78,576,1218,662.38666,1230.3591,0.98999995,1567293584496
tap1,83,864,1506,952.1184,1557.189,1.01,1567293585158
tap1,21,864,1218,943.1267,1240.354,0.91999996,1567293585759
tap1,85,576,1506,644.4033,1561.1869,1.0699999,1567293586371
tap1,19,576,66,631.41534,116.939095,1.3399999,1567293587187
tap1,77,864,354,965.1064,377.80322,1.23,1567293587818
tap1,76,576,354,667.3821,399.79178,1.18,1567293588471
tap1,23,864,66,957.1138,146.92348,1.29,1567293589093
tap1,15,576,1362,672.37744,1446.2467,0.93,1567293589704
tap1,69,864,1074,929.1397,1187.3816,1.03,1567293590591
tap1,11,576,1074,650.39777,1136.4081,0.96,1567293591152
tap1,68,864,1362,966.10547,1369.2867,1.0,1567293591733
tap1,21,0,1218,114.893616,1220.3644,1.09,1567293592416
tap1,75,288,1506,352.67346,1621.1556,1.02,1567293593160
tap1,17,288,1218,370.6568,1289.3285,1.05,1567293593792
tap1,78,0,1506,103.90379,1538.1989,1.02,1567293594485
tap1,54,576,642,677.3728,741.6137,1.05,1567293595046
tap1,22,864,930,949.1212,964.4976,1.0,1567293595627
tap1,18,864,642,963.1082,649.6616,1.09,1567293596167
tap1,55,576,930,669.3802,983.48773,1.02,1567293596810
tap1,4,576,1794,669.3802,1814.0552,0.93,1567293597472
tap1,73,864,1506,940.1295,1550.1926,0.96,1567293598124
tap1,72,576,1506,655.3932,1557.189,0.97999996,1567293598808
tap1,3,864,1794,958.11285,1803.0609,0.84999996,1567293599501
tap1,90,720,1362,806.2535,1383.2795,1.01,1567293600123
tap1,77,432,1650,497.5393,1647.1421,1.02,1567293600755
tap1,23,720,1650,784.2738,1694.1176,0.95,1567293601448
tap1,92,432,1362,530.5088,1370.2863,1.0,1567293602059
tap1,67,432,1074,543.49677,1151.4003,0.95,1567293602631
tap1,82,144,1362,247.77058,1402.2697,1.02,1567293603273
tap1,84,432,1362,501.5356,1407.267,1.02,1567293603864
tap1,44,144,1074,278.7419,1112.4205,1.03,1567293604506
tap1,38,432,1506,572.4699,1521.2076,0.95,1567293605108
tap1,45,144,1794,170.84181,1844.0396,0.89,1567293605801
tap1,44,432,1794,500.53653,1774.0759,0.90999997,1567293606413
tap1,39,144,1506,240.77705,1517.2097,0.98999995,1567293607076
tap1,42,432,1506,533.50604,1515.2108,1.03,1567293607698
tap1,87,720,1794,845.2174,1798.0635,0.83,1567293608330
tap1,89,432,1794,465.5689,1801.0619,0.94,1567293608983
tap1,43,720,1506,788.27014,1546.1947,0.83,1567293609574
tap1,42,0,1362,117.89084,1448.2457,0.97999996,1567293610278
tap1,91,288,1650,368.65866,1709.1097,0.91999996,1567293610890
tap1,89,288,1362,376.65125,1364.2894,1.04,1567293611532
tap1,66,0,1650,142.86772,1659.1359,0.98999995,1567293612175
tap1,56,432,642,550.4903,688.6413,1.11,1567293612909
tap1,81,144,930,233.78354,961.4992,0.96,1567293613582
tap1,20,432,930,544.49585,972.49347,0.96,1567293614214
tap1,79,144,642,284.73636,696.63715,1.0799999,1567293614928
tap2,6,138,480,169.84274,545.71576,1.06,1567293634519
tap2,7,759,1101,764.2923,1175.3878,0.78,1567293635266
tap2,8,138,1101,235.78168,1093.4304,1.0799999,1567293636000
tap2,9,759,480,794.2646,510.73398,1.1899999,1567293636612
tap2,164,0,687,105.90195,731.61896,1.1,1567293637376
tap2,183,621,1308,647.4006,1383.2795,0.96,1567293638172
tap2,182,0,1308,72.93247,1355.2941,0.96,1567293638947
tap2,163,621,687,695.35614,700.6351,1.04,1567293639609
tap2,242,345,66,393.63553,114.94013,1.1,1567293640456
tap2,243,552,1032,596.44775,1098.4279,0.94,1567293641170
tap2,244,345,1032,394.6346,1060.4476,0.95,1567293641853
tap2,245,552,66,585.4579,87.954185,1.17,1567293642709
tap2,42,69,411,159.85199,403.78967,1.04,1567293643515
tap2,43,690,1032,758.29785,1096.429,0.91999996,1567293644260
tap2,45,690,411,764.2923,434.77356,0.98999995,1567293644943
tap2,44,69,1032,109.89824,1065.4451,0.96,1567293645718
tap2,322,345,756,386.642,811.5773,1.02,1567293646411
tap2,321,483,1653,507.53006,1697.1161,0.93,1567293647258
tap2,316,345,1653,367.65958,1699.115,0.85999995,1567293648043
tap2,323,483,756,537.5023,779.59393,1.1,1567293648767
tap2,2,138,549,219.79648,585.69495,1.05,1567293649542
tap2,3,759,1170,814.2461,1214.3674,0.93,1567293650276
tap2,4,138,1170,201.81314,1157.3972,0.96,1567293650990
tap2,5,759,549,831.23035,582.6965,0.94,1567293651613
tap2,11,759,1032,857.2063,1060.4476,0.94,1567293652347
tap2,10,138,411,217.79834,403.78967,1.06,1567293653152
tap2,12,138,1032,194.81961,1010.4737,0.96,1567293653897
tap2,13,759,411,797.2618,419.78134,1.0699999,1567293654683
tap2,15,759,963,800.25903,969.49506,0.89,1567293655325
tap2,14,138,342,241.77614,349.81778,1.04,1567293656172
tap2,17,759,342,849.2137,350.81726,1.04,1567293656998
tap2,16,138,963,236.78076,964.4976,1.09,1567293657712
tap2,122,207,66,320.70306,129.93233,1.11,1567293659758
tap2,123,828,687,900.1665,727.62103,1.06,1567293660486
tap2,124,207,687,283.73727,743.6127,1.0699999,1567293661210
tap2,125,828,66,852.21094,107.94378,1.16,1567293662046
tap2,135,621,1170,667.3821,1186.3821,0.96,1567293662770
tap2,134,0,549,76.92877,576.69965,1.05,1567293663494
tap2,136,0,1170,112.89547,1175.3878,1.04,1567293664392
tap2,137,621,549,694.35706,566.70483,1.05,1567293665075
tap2,130,69,66,224.79185,94.95055,1.12,1567293665922
tap2,131,690,687,754.3016,738.6153,0.96,1567293666677
tap2,133,690,66,701.3506,90.95263,1.22,1567293667544
tap2,132,69,687,168.84366,688.6413,1.05,1567293668360
tap2,127,759,687,816.2442,740.61426,0.89,1567293669074
tap2,126,138,66,292.72894,98.94846,1.02,1567293669859
tap2,128,138,687,219.79648,743.6127,0.96999997,1567293670675
tap2,129,759,66,819.24146,90.95263,1.14,1567293671593
tap2,18,138,273,249.76874,305.8407,1.04,1567293672440
tap2,19,759,894,884.18134,872.54553,0.88,1567293673103
tap2,20,138,894,207.80759,921.52,1.02,1567293673837
tap2,21,759,273,804.2553,347.81885,1.02,1567293674674
tap2,35,828,1170,860.2035,1230.3591,1.06,1567293675551
tap2,34,207,549,281.73914,638.66736,1.11,1567293676285
tap2,36,207,1170,255.76318,1223.3628,0.96,1567293677081
tap2,37,828,549,885.1804,631.67096,0.94,1567293677877
tap2,26,138,135,247.77058,167.91254,1.1999999,1567293678612
tap2,27,759,756,778.27936,816.5747,0.95,1567293679345
tap2,28,138,756,195.8187,803.5814,1.01,1567293680100
tap2,29,759,135,793.2655,134.92972,1.06,1567293680967
tap2,43,690,1032,730.3238,1070.4425,0.91999996,1567293681641
tap2,42,69,411,129.87975,480.7496,1.04,1567293682344
tap2,45,690,411,747.30804,483.74805,1.02,1567293683038
tap2,44,69,1032,137.87234,1070.4425,0.95,1567293683803
tap2,24,138,825,201.81314,894.53406,0.96,1567293684711
tap2,25,759,204,831.23035,228.88078,1.04,1567293685466
tap2,22,138,204,214.80112,263.86258,1.01,1567293686262
tap2,23,759,825,815.2451,839.5627,0.88,1567293686945
tap2,38,69,480,111.89639,493.74283,0.95,1567293687751
tap2,39,690,1101,748.3071,1139.4065,0.87,1567293688587
tap2,40,69,1101,106.90102,1129.4117,0.85999995,1567293689536
tap2,41,690,480,846.2165,493.74283,0.95,1567293690209
tap2,33,690,549,772.2849,583.696,1.05,1567293690995
tap2,32,69,1170,132.87697,1199.3752,0.95,1567293691791
tap2,30,69,549,108.89917,620.6767,1.0699999,1567293692596
tap2,31,690,1170,747.30804,1176.3873,0.94,1567293693433
tap2,46,69,342,120.88807,383.8001,0.98999995,1567293694249
tap2,47,690,963,800.25903,998.4799,0.90999997,1567293694984
tap2,48,69,963,156.85477,994.482,0.89,1567293695820
tap2,49,690,342,746.30896,380.80167,0.89,1567293696554
tap2,108,276,963,351.67438,997.48047,0.88,1567293697248
tap2,231,897,1584,936.13324,1567.1837,0.79999995,1567293698023
tap2,230,276,1584,332.69196,1591.1713,0.91999996,1567293698880
tap2,107,897,963,957.1138,993.48254,0.90999997,1567293699757
tap2,143,621,1032,700.3515,1083.4357,0.85999995,1567293700502
tap2,232,0,1653,90.91582,1639.1462,0.9,1567293701308
tap2,233,621,1653,632.4144,1670.1301,0.93,1567293702083
tap2,144,0,1032,87.918594,1051.4524,0.9,1567293702909
tap2,44,69,1032,165.84644,1064.4456,0.82,1567293703767
tap2,235,690,1653,722.3312,1678.126,0.84999996,1567293704715
tap2,43,690,1032,757.2988,1065.4451,0.93,1567293705450
tap2,234,69,1653,127.88159,1645.1431,0.84999996,1567293706286
tap2,12,138,1032,208.80666,1033.4617,0.98999995,1567293707103
tap2,237,759,1653,869.1952,1603.165,0.81,1567293708021
tap2,11,759,1032,808.25165,1051.4524,0.95,1567293708745
tap2,236,138,1653,222.79372,1670.1301,0.94,1567293709551
tap2,238,207,1653,245.77243,1642.1447,0.9,1567293710276
tap2,67,828,1032,897.1693,1049.4534,0.95,1567293710979
tap2,68,207,1032,297.72433,1049.4534,1.05,1567293711694
tap2,239,828,1653,892.1739,1694.1176,0.96,1567293712489
tap2,104,276,1032,389.63922,977.49084,1.11,1567293713234
tap2,241,897,1653,938.13135,1699.115,0.81,1567293714081
tap2,240,276,1653,310.7123,1675.1274,0.90999997,1567293714948
tap2,103,897,1032,956.1147,1048.4539,0.9,1567293715795
tap2,50,69,273,168.84366,303.84174,1.12,1567293716611
tap2,51,690,894,816.2442,917.5221,0.97999996,1567293717356
tap2,52,69,894,149.86124,906.52783,1.02,1567293718202
tap2,53,690,273,710.3423,311.8376,1.0699999,1567293719039
tap2,55,690,825,759.29694,820.5726,0.96999997,1567293719764
tap2,54,69,204,124.88437,251.8688,1.0799999,1567293720702
tap2,56,69,825,179.8335,848.55804,1.0,1567293721621
tap2,57,690,204,712.34045,258.86517,1.03,1567293722467
tap2,59,690,756,764.2923,765.60126,0.85999995,1567293723110
tap2,58,69,135,213.80203,159.9167,1.0699999,1567293723957
tap2,61,690,135,726.32745,210.89015,1.05,1567293724794
tap2,60,69,756,171.84088,783.59186,1.02,1567293725538
tap2,62,207,480,301.72064,471.75427,1.06,1567293726304
tap2,63,828,1101,902.1647,1145.4034,0.88,1567293726997
tap2,64,207,1101,294.7271,1159.3961,0.9,1567293727671
tap2,65,828,480,890.1758,526.72565,1.0,1567293728436
tap2,290,345,480,433.5985,475.7522,0.97999996,1567293729120
tap2,291,552,1446,591.4524,1527.2046,0.85999995,1567293729915
tap2,293,552,480,566.47546,466.7569,0.97999996,1567293730589
tap2,292,345,1446,394.6346,1482.228,0.78999996,1567293731425
tap2,141,621,480,677.3728,467.75638,1.09,1567293732160
tap2,295,414,1446,452.58093,1431.2545,0.97999996,1567293732925
tap2,294,414,480,506.531,452.76416,1.05,1567293733650
tap2,203,621,1446,714.33856,1461.2389,0.84,1567293734354
tap2,297,483,1446,558.4829,1502.2175,0.90999997,1567293735109
tap2,41,690,480,759.29694,528.7246,1.05,1567293735813
tap2,296,483,480,577.46533,498.74023,1.02,1567293736507
tap2,205,690,1446,807.25256,1470.2343,0.88,1567293737272
tap2,319,414,1653,454.5791,1664.1332,0.91999996,1567293738068
tap2,325,552,756,618.42737,766.6007,1.04,1567293738721
tap2,324,414,756,451.58188,784.5914,0.98999995,1567293739374
tap2,315,552,1653,614.4311,1636.1478,0.84999996,1567293740088
tap2,298,345,549,418.6124,535.72095,1.05,1567293740843
tap2,299,552,1515,636.4107,1555.19,0.96,1567293741558
tap2,301,552,549,617.4283,585.69495,0.97999996,1567293742262
tap2,300,345,1515,385.6429,1587.1733,0.97999996,1567293743016
tap2,326,345,825,427.60406,835.5648,1.03,1567293743710
tap2,256,483,135,555.48566,135.9292,1.03,1567293744557
tap2,250,345,135,467.56708,115.93961,1.0,1567293745322
tap2,327,483,825,544.49585,919.52106,0.84,1567293746047
tap2,67,828,1032,894.17206,1087.4336,0.93,1567293746731
tap2,66,207,411,295.7262,416.78293,0.96999997,1567293747506
tap2,68,207,1032,209.80574,1086.4341,0.96999997,1567293748241
tap2,69,828,411,841.22107,420.78082,1.16,1567293748986
tap2,72,207,963,268.75116,988.48517,0.96999997,1567293749731
tap2,73,828,342,834.2276,367.8084,0.82,1567293750537
tap2,70,207,342,283.73727,371.80634,1.03,1567293751272
tap2,71,828,963,876.1887,983.48773,0.81,1567293751955
tap2,76,207,894,279.74097,890.53613,0.90999997,1567293752639
tap2,77,828,273,873.19147,280.85373,1.04,1567293753394
tap2,74,207,273,302.7197,305.8407,1.0799999,1567293754180
tap2,75,828,894,882.18317,887.5377,0.88,1567293754894
tap2,80,207,825,255.76318,807.57935,0.90999997,1567293755649
tap2,81,828,204,927.14154,231.87923,1.15,1567293756445
tap2,78,207,204,280.74005,246.87141,1.05,1567293757170
tap2,79,828,825,867.197,838.56323,0.90999997,1567293757772
tap2,84,207,756,288.73267,789.58875,1.0,1567293758435
tap2,85,828,135,882.18317,162.91515,1.12,1567293759129
tap2,82,207,135,288.73267,188.90161,1.05,1567293759925
tap2,83,828,756,907.16003,827.569,0.84999996,1567293760609
tap2,89,621,618,777.2803,689.6408,1.03,1567293761537
tap2,88,0,1239,101.90564,1235.3566,1.02,1567293762323
tap2,87,621,1239,617.4283,1236.3561,0.98999995,1567293763038
tap2,86,0,618,105.90195,650.6611,1.04,1567293763782
tap2,305,483,1515,552.48846,1586.1738,0.94,1567293764640
tap2,33,690,549,728.3256,568.7038,1.03,1567293765252
tap2,304,483,549,588.45514,515.7314,0.98999995,1567293765885
tap2,215,690,1515,734.32007,1524.206,0.91999996,1567293766742
tap2,309,552,618,637.4098,647.66266,0.96999997,1567293767375
tap2,308,345,1584,372.65494,1619.1566,0.84999996,1567293768161
tap2,307,552,1584,631.41534,1583.1754,0.84999996,1567293768947
tap2,306,345,618,421.60962,671.65015,0.97999996,1567293769692
tap2,258,345,204,397.63184,245.87193,0.84,1567293770488
tap2,331,483,894,536.50323,904.5289,0.90999997,1567293771213
tap2,330,345,894,383.64478,925.51794,0.96999997,1567293772070
tap2,264,483,204,502.5347,230.87975,1.0699999,1567293772947
tap2,223,621,1584,673.3765,1546.1947,0.78,1567293773724
tap2,310,414,618,471.56335,656.65796,0.96999997,1567293774336
tap2,89,621,618,694.35706,665.65326,0.96999997,1567293774968
tap2,311,414,1584,497.5393,1605.164,0.91999996,1567293776071
tap2,261,552,204,577.46533,278.85477,1.0699999,1567293776877
tap2,322,345,756,435.59668,791.5877,0.95,1567293777571
tap2,262,414,204,497.5393,226.88182,1.0699999,1567293778347
tap2,333,552,894,640.40704,917.5221,0.78999996,1567293779000
tap2,312,483,618,553.4875,628.67255,1.02,1567293779704
tap2,225,690,1584,761.2951,1606.1635,0.83,1567293780490
tap2,93,690,618,745.3099,664.6538,1.0,1567293781133
tap2,313,483,1584,539.5005,1630.1509,0.96,1567293781970
tap2,91,690,1239,770.2868,1286.33,0.84,1567293782715
tap2,90,69,618,193.82054,630.6715,1.0,1567293783511
tap2,93,690,618,744.31085,634.66943,0.96,1567293784195
tap2,92,69,1239,168.84366,1245.3513,0.71,1567293784991
tap2,108,276,963,323.7003,988.48517,0.96999997,1567293785736
tap2,109,897,342,947.12305,416.78293,1.06,1567293786379
tap2,106,276,342,319.70398,400.79126,1.01,1567293787144
tap2,107,897,963,937.13226,961.4992,0.69,1567293787839
tap2,100,276,1101,319.70398,1146.4028,0.89,1567293788553
tap2,101,897,480,960.111,555.7106,1.01,1567293789237
tap2,99,897,1101,895.17114,1102.4258,0.83,1567293790135
tap2,98,276,480,362.6642,492.74335,0.9,1567293790941
tap2,105,897,411,951.1193,445.76782,1.06,1567293791707
tap2,104,276,1032,349.67624,1064.4456,0.85999995,1567293792462
tap2,102,276,411,398.6309,433.77408,0.97999996,1567293793309
tap2,103,897,1032,950.12024,1072.4414,0.85999995,1567293794044
tap2,97,897,549,998.07587,607.6835,0.84999996,1567293794850
tap2,96,276,1170,359.667,1193.3784,0.87,1567293795636
tap2,94,276,549,348.67715,575.70013,1.0,1567293796483
tap2,95,897,1170,934.1351,1146.4028,0.87,1567293797259
tap2,111,897,894,936.13324,941.5096,0.79999995,1567293798055
tap2,110,276,273,367.65958,317.83444,0.89,1567293798779
tap2,112,276,894,300.72156,886.53827,1.01,1567293799565
tap2,113,897,273,930.1388,290.8485,1.05,1567293800413
tap2,116,276,825,350.6753,855.5544,0.81,1567293801188
tap2,117,897,204,940.1295,270.85892,0.84,1567293801943
tap2,114,276,204,349.67624,212.88911,1.04,1567293802790
tap2,115,897,825,933.136,849.5575,0.75,1567293803556
tap2,119,897,756,964.1073,771.5981,0.93,1567293804444
tap2,118,276,135,347.67807,138.92764,1.12,1567293805168
tap2,121,897,135,961.1101,176.90785,1.12,1567293806057
tap2,120,276,756,340.68454,834.5653,0.98999995,1567293806832
tap2,152,0,894,117.89084,928.51636,0.96999997,1567293807690
tap2,213,621,1515,726.32745,1466.2363,0.9,1567293808445
tap2,212,0,1515,124.88437,1540.1978,0.85999995,1567293809384
tap2,151,621,894,650.39777,925.51794,0.90999997,1567293810149
tap2,56,69,825,195.8187,833.56586,1.0,1567293810884
tap2,205,690,1446,705.3469,1466.2363,0.87,1567293811782
tap2,204,69,1446,87.918594,1463.2379,0.96999997,1567293812558
tap2,55,690,825,748.3071,770.59863,1.03,1567293813262
tap2,24,138,825,232.78445,857.55334,1.12,1567293813977
tap2,207,759,1446,791.26733,1431.2545,0.93,1567293814793
tap2,206,138,1446,164.84737,1444.2478,0.93,1567293815579
tap2,23,759,825,794.2646,867.54816,0.93,1567293816242
tap2,80,207,825,263.7558,877.5429,0.95,1567293816957
tap2,209,828,1446,895.17114,1450.2446,0.84,1567293817712
tap2,208,207,1446,255.76318,1389.2764,0.9,1567293818447
tap2,79,828,825,837.2248,814.57574,0.97999996,1567293819110
tap2,115,897,825,953.1175,854.5549,0.90999997,1567293819855
tap2,210,276,1446,320.70306,1427.2566,0.89,1567293820631
tap2,116,276,825,359.667,856.55383,0.61,1567293821376
tap2,211,897,1446,955.11566,1407.267,0.85999995,1567293822091
tap2,203,621,1446,664.3848,1409.266,0.87,1567293822805
tap2,156,0,825,95.911194,841.56165,1.0699999,1567293823540
tap2,202,0,1446,111.89639,1437.2513,0.77,1567293824408
tap2,155,621,825,706.346,857.55334,0.98999995,1567293825143
tap2,52,69,894,154.85661,929.51587,0.95,1567293825949
tap2,215,690,1515,761.2951,1542.1968,0.87,1567293826674
tap2,51,690,894,759.29694,927.5169,0.97999996,1567293827307
tap2,214,69,1515,164.84737,1539.1982,0.98999995,1567293828073
tap2,216,138,1515,169.84274,1562.1863,0.9,1567293828818
tap2,19,759,894,804.2553,912.5247,0.89,1567293829410
tap2,217,759,1515,807.25256,1525.2056,0.89,1567293830206
tap2,20,138,894,202.81221,955.5023,0.90999997,1567293830931
tap2,141,621,480,687.3635,484.74753,0.82,1567293831604
tap2,140,0,1101,84.92137,1133.4097,0.94,1567293832401
tap2,138,0,480,76.92877,530.7236,0.89,1567293833493
tap2,139,621,1101,676.3737,1175.3878,0.93,1567293834177
tap2,142,0,411,103.90379,450.76523,0.89,1567293835055
tap2,143,621,1032,668.3811,1084.4352,0.96999997,1567293835810
tap2,144,0,1032,96.91027,1050.4529,0.91999996,1567293836647
tap2,145,621,411,706.346,434.77356,0.93,1567293837403
tap2,148,0,963,85.92044,1004.4768,0.79999995,1567293838219
tap2,149,621,342,667.3821,387.798,0.97999996,1567293839046
tap2,147,621,963,721.3321,1027.4648,0.9,1567293839669
tap2,146,0,342,91.914894,342.82144,0.94,1567293840506
tap2,153,621,273,656.3922,277.8553,0.88,1567293841333
tap2,152,0,894,105.90195,907.5273,0.96,1567293842078
tap2,150,0,273,154.85661,283.85214,0.91999996,1567293843027
tap2,151,621,894,757.2988,911.5252,0.91999996,1567293843732
tap2,266,345,273,413.61703,272.85788,0.96999997,1567293844456
tap2,267,552,1239,579.46344,1232.3582,0.81,1567293845069
tap2,269,552,273,622.4237,290.8485,0.96999997,1567293845814
tap2,268,345,1239,427.60406,1285.3306,0.76,1567293846529
tap2,271,414,1239,502.5347,1255.3462,0.78999996,1567293847233
tap2,153,621,273,708.3441,290.8485,0.98999995,1567293847937
tap2,270,414,273,477.55783,287.85007,0.59,1567293848672
tap2,87,621,1239,668.3811,1292.3269,0.89,1567293849397
tap2,91,690,1239,763.2933,1236.3561,0.76,1567293850204
tap2,272,483,273,535.50415,298.84433,0.94,1567293850898
tap2,273,483,1239,535.50415,1329.3076,0.88,1567293851613
tap2,53,690,273,734.32007,305.8407,0.98999995,1567293852245
tap2,277,552,342,582.4607,394.79437,0.87,1567293852960
tap2,276,345,1308,408.62164,1343.3003,0.88,1567293853674
tap2,274,345,342,388.64014,380.80167,1.0799999,1567293854369
tap2,275,552,1308,602.4422,1333.3055,1.01,1567293855094
tap2,183,621,1308,697.3543,1382.28,0.75,1567293855859
tap2,278,414,342,476.55875,387.798,1.03,1567293856543
tap2,149,621,342,663.38574,363.81052,1.02,1567293857309
tap2,279,414,1308,459.57446,1364.2894,0.93,1567293858085
tap2,281,483,1308,538.5014,1352.2957,0.84,1567293858850
tap2,49,690,342,736.31824,391.79593,1.0,1567293859524
tap2,280,483,342,556.48474,360.81207,1.03,1567293860259
tap2,185,690,1308,761.2951,1342.3009,0.89,1567293860984
tap2,156,0,825,140.86957,845.5596,1.05,1567293861752
tap2,157,621,204,687.3635,206.89224,1.03,1567293862474
tap2,155,621,825,687.3635,897.53253,0.79999995,1567293863128
tap2,154,0,204,77.92784,275.85632,1.11,1567293864006
tap2,158,0,135,94.91212,186.90265,1.06,1567293865159
tap2,159,621,756,689.3617,802.582,1.0,1567293865843
tap2,160,0,756,81.92415,794.5861,1.01,1567293866558
tap2,161,621,135,672.37744,163.91463,1.09,1567293867375
tap2,162,0,66,90.91582,114.94013,1.0699999,1567293868895
tap2,163,621,687,691.35986,716.6267,0.98999995,1567293869692
tap2,164,0,687,163.8483,728.6205,1.01,1567293870468
tap2,165,621,66,660.38855,100.94742,1.1,1567293871356
tap2,169,897,66,957.1138,114.94013,1.11,1567293872142
tap2,168,276,687,353.67252,728.6205,0.97999996,1567293872887
tap2,166,276,66,341.68362,98.94846,1.13,1567293873714
tap2,167,897,687,958.11285,768.5997,1.0,1567293874428
tap2,170,138,618,218.79741,629.67206,1.06,1567293875194
tap2,171,759,1239,800.25903,1267.3398,0.74,1567293876021
tap2,173,759,618,847.2156,622.67566,0.9,1567293876674
tap2,172,138,1239,167.84459,1300.3228,0.90999997,1567293877542
tap2,177,828,618,893.173,668.65173,0.96999997,1567293878195
tap2,176,207,1239,264.75485,1232.3582,0.90999997,1567293878961
tap2,174,207,618,250.7678,602.6861,1.02,1567293879716
tap2,175,828,1239,890.1758,1212.3685,0.98999995,1567293880543
tap2,133,690,66,731.3229,116.939095,1.12,1567293881186
tap2,249,483,1032,531.5079,1046.455,1.0,1567293881890
tap2,43,690,1032,738.3164,1096.429,1.03,1567293882533
tap2,248,483,66,570.4718,120.93701,1.14,1567293883350
tap2,251,552,1101,663.38574,1107.4232,0.83,1567293883993
tap2,250,345,135,431.60037,138.92764,1.0799999,1567293884830
tap2,252,345,1101,438.5939,1145.4034,0.94,1567293885493
tap2,253,552,135,600.44403,170.91098,1.1,1567293886290
tap2,254,414,135,476.55875,131.93129,1.0799999,1567293887780
tap2,139,621,1101,654.3941,1107.4232,0.95,1567293888433
tap2,161,621,135,643.40424,145.924,1.0799999,1567293889168
tap2,255,414,1101,445.58743,1166.3925,0.90999997,1567293889832
tap2,178,276,618,291.7299,695.6377,1.0,1567293890506
tap2,179,897,1239,957.1138,1276.3352,0.95,1567293891251
tap2,181,897,618,938.13135,671.65015,0.9,1567293892191
tap2,180,276,1239,334.6901,1294.3258,0.94,1567293892946
tap2,132,69,687,135.87419,680.6455,0.96,1567293893681
tap2,185,690,1308,729.3247,1325.3097,0.88,1567293894416
tap2,184,69,1308,105.90195,1277.3347,0.94,1567293895233
tap2,131,690,687,763.2933,699.63556,0.97999996,1567293895927
tap2,127,759,687,799.25995,705.63245,0.91999996,1567293896529
tap2,187,759,1308,779.27844,1289.3285,0.90999997,1567293897275
tap2,186,138,1308,226.79001,1288.329,0.96999997,1567293898000
tap2,126,138,66,252.76596,98.94846,1.0799999,1567293899021
tap2,123,828,687,861.2026,707.6314,0.94,1567293899654
tap2,188,207,1308,279.74097,1376.2832,0.96999997,1567293900419
tap2,124,207,687,304.71786,710.6299,1.06,1567293901297
tap2,189,828,1308,843.21924,1368.2874,0.51,1567293902196
tap2,317,552,687,663.38574,673.6491,1.04,1567293902849
tap2,316,345,1653,407.62256,1670.1301,0.94,1567293903656
tap2,314,345,687,452.58093,719.6252,1.1,1567293904299
tap2,315,552,1653,630.41626,1707.1108,0.95,1567293905085
tap2,266,345,273,369.6577,294.84644,1.13,1567293905861
tap2,335,483,963,584.45886,952.5039,0.78999996,1567293906504
tap2,272,483,273,543.49677,263.86258,0.93,1567293907392
tap2,334,345,963,409.62073,993.48254,0.84,1567293908229
tap2,318,414,687,483.55228,712.62885,1.0,1567293908913
tap2,233,621,1653,678.3719,1681.1244,1.02,1567293909740
tap2,163,621,687,680.37006,705.63245,1.05,1567293910363
tap2,319,414,1653,461.57263,1660.1353,1.0,1567293911180
tap2,269,552,273,555.48566,311.8376,0.84999996,1567293911762
tap2,336,414,963,487.54858,981.4888,0.64,1567293912445
tap2,337,552,963,635.4117,993.48254,0.37,1567293913109
tap2,270,414,273,461.57263,302.84225,1.03,1567293913865
tap2,168,276,687,343.68176,703.6335,0.94,1567293914579
tap2,191,897,1308,936.13324,1308.3186,0.9,1567293915396
tap2,167,897,687,982.09064,626.6736,1.0,1567293916039
tap2,190,276,1308,362.6642,1347.2982,0.84999996,1567293916866
tap2,192,0,1377,129.87975,1379.2816,0.85999995,1567293917621
tap2,160,0,756,68.93617,779.59393,0.91999996,1567293918520
tap2,193,621,1377,691.35986,1420.2603,0.96999997,1567293919347
tap2,159,621,756,723.33026,716.6267,0.96999997,1567293919949
tap2,194,69,1377,112.89547,1381.2805,0.96999997,1567293920786
tap2,59,690,756,746.30896,761.60333,1.0,1567293921409
tap2,60,69,756,105.90195,807.57935,1.03,1567293922124
tap2,195,690,1377,773.284,1348.2977,1.01,1567293922818
tap2,28,138,756,186.82701,790.5882,0.94,1567293923512
tap2,197,759,1377,779.27844,1396.2727,0.9,1567293924227
tap2,27,759,756,795.2637,731.61896,0.91999996,1567293924921
tap2,196,138,1377,134.87512,1416.2623,0.83,1567293925656
tap2,84,207,756,317.70584,796.5851,0.98999995,1567293926483
tap2,199,828,1377,859.20447,1393.2743,0.87,1567293927269
tap2,83,828,756,897.1693,744.6122,0.83,1567293927963
tap2,198,207,1377,224.79185,1336.304,0.62,1567293928729
tap2,200,276,1377,268.75116,1441.2493,0.89,1567293929485
tap2,119,897,756,954.1166,784.5914,0.94,1567293930158
tap2,120,276,756,364.66235,796.5851,0.96,1567293930914
tap2,201,897,1377,958.11285,1382.28,0.68,1567293931598
tap2,242,345,66,405.62442,87.954185,1.09,1567293932404
tap2,347,966,687,1019.05646,719.6252,0.78999996,1567293933211
tap2,338,966,66,1020.0555,107.94378,0.88,1567293934099
tap2,314,345,687,433.5985,699.63556,1.05,1567293934896
tap2,322,345,756,429.60223,803.5814,0.9,1567293935559
tap2,339,966,135,989.08417,201.89484,1.09,1567293936325
tap2,348,966,756,1007.0675,841.56165,0.84,1567293937019
tap2,250,345,135,370.6568,155.9188,1.0799999,1567293937866
tap2,258,345,204,436.59573,253.86777,1.01,1567293938714
tap2,349,966,825,984.0888,819.5731,0.98999995,1567293939398
tap2,340,966,204,1019.05646,206.89224,0.96999997,1567293940163
tap2,326,345,825,444.58835,897.53253,0.91999996,1567293940919
tap2,330,345,894,394.6346,953.50336,0.95,1567293941674
tap2,341,966,273,1009.0657,322.83185,0.97999996,1567293942501
tap2,266,345,273,427.60406,317.83444,0.81,1567293943288
tap2,350,966,894,994.0796,932.5143,0.83,1567293943961
tap2,76,207,894,320.70306,927.5169,0.9,1567293944707
tap2,219,828,1515,895.17114,1549.1931,0.88,1567293945656
tap2,218,207,1515,273.74652,1484.2269,0.96999997,1567293946473
tap2,75,828,894,848.2146,932.5143,0.97999996,1567293947228
tap2,220,276,1515,317.70584,1547.1941,0.90999997,1567293948055
tap2,111,897,894,937.13226,886.53827,0.81,1567293948811
tap2,112,276,894,331.69287,929.51587,0.96999997,1567293949607
tap2,221,897,1515,978.09436,1526.2051,0.90999997,1567293950495
tap2,225,690,1584,737.3173,1595.1692,0.93,1567293951322
tap2,48,69,963,157.85384,1000.4789,0.96,1567293952016
tap2,47,690,963,729.3247,947.5065,0.97999996,1567293952649
tap2,224,69,1584,145.86494,1532.2019,0.96,1567293953517
tap2,165,621,66,693.35803,98.94846,1.01,1567293954334
tap2,247,414,1032,492.54395,1030.4633,0.96999997,1567293955028
tap2,143,621,1032,698.3534,1031.4628,0.95,1567293955651
tap2,246,414,66,478.5569,77.9594,1.0799999,1567293956478
tap2,15,759,963,766.29047,963.49817,0.87,1567293957090
tap2,226,138,1584,175.83719,1579.1775,0.82,1567293957785
tap2,227,759,1584,805.2544,1598.1676,0.84999996,1567293958550
tap2,16,138,963,178.83441,981.4888,0.97999996,1567293959224
tap2,72,207,963,258.7604,974.49243,0.97999996,1567293959949
tap2,229,828,1584,875.18964,1625.1536,0.85999995,1567293960776
tap2,71,828,963,887.1785,950.50494,0.9,1567293961470
tap2,228,207,1584,240.77705,1584.1749,0.90999997,1567293962226
tap2,242,345,66,413.61703,131.93129,1.11,1567293963818
tap2,243,552,1032,668.3811,1125.4138,0.79999995,1567293964461
tap2,244,345,1032,399.62997,1064.4456,0.96,1567293965635
tap2,245,552,66,655.3932,95.95003,0.97999996,1567293966514
tap2,148,0,963,127.88159,982.4883,0.88,1567293967330
tap2,223,621,1584,657.3913,1560.1874,0.90999997,1567293968065
tap2,147,621,963,663.38574,995.4815,0.88,1567293968658
tap2,222,0,1584,81.92415,1597.1681,0.87,1567293969505
tap2,252,345,1101,381.64664,1138.4071,0.91999996,1567293970230
tap2,344,966,480,1004.0703,510.73398,0.97999996,1567293970903
tap2,290,345,480,385.6429,542.71735,0.95,1567293971659
tap2,353,966,1101,971.1008,1151.4003,0.96,1567293972363
tap2,345,966,549,974.0981,577.6991,1.01,1567293973027
tap2,260,345,1170,377.65033,1196.3768,1.0,1567293973721
tap2,354,966,1170,1020.0555,1115.4191,0.83,1567293974364
tap2,298,345,549,427.60406,600.68713,0.71,1567293975090
tap2,346,966,618,1034.0426,620.6767,0.75,1567293975692
tap2,268,345,1239,418.6124,1229.3596,0.78,1567293976386
tap2,355,966,1239,1006.0685,1216.3665,0.88,1567293977090
tap2,306,345,618,407.62256,653.65955,0.90999997,1567293977754
tap2,314,345,687,413.61703,703.6335,1.03,1567293978448
tap2,356,966,1308,1005.0694,1310.3175,0.90999997,1567293979173
tap2,347,966,687,994.0796,728.6205,0.96,1567293979775
tap2,276,345,1308,429.60223,1270.3384,0.96,1567293980449
tap2,257,483,1101,521.5171,1118.4175,1.02,1567293981144
tap2,61,690,135,771.2858,180.90578,0.57,1567293981970
tap2,39,690,1101,767.28955,1114.4196,0.91999996,1567293982563
tap2,256,483,135,542.4977,154.91931,1.03,1567293983369
tap2,258,345,204,407.62256,234.87766,0.96,1567293984156
tap2,259,552,1170,634.4126,1216.3665,0.81,1567293984880
tap2,260,345,1170,445.58743,1206.3717,0.9,1567293985534
tap2,261,552,204,577.46533,233.87819,0.85999995,1567293986381
tap2,157,621,204,689.3617,218.88599,0.96,1567293987178
tap2,263,414,1170,505.53192,1201.3743,0.93,1567293987882
tap2,262,414,204,468.56613,264.86203,0.90999997,1567293988689
tap2,135,621,1170,706.346,1179.3857,0.82,1567293989393
tap2,244,345,1032,429.60223,1048.4539,0.88,1567293990057
tap2,361,966,1653,988.0851,1684.1228,0.76,1567293990894
tap2,352,966,1032,1016.0592,1112.4205,0.88,1567293991752
tap2,316,345,1653,410.6198,1670.1301,0.96,1567293992569
tap2,282,345,411,404.62534,430.77563,1.04,1567293993294
tap2,283,552,1377,612.4329,1375.2837,0.91999996,1567293994008
tap2,284,345,1377,390.6383,1345.2993,0.89,1567293994692
tap2,285,552,411,605.4394,449.76575,0.64,1567293995366
tap2,145,621,411,713.3395,431.77512,0.96999997,1567293996101
tap2,287,414,1377,490.5458,1440.2499,0.84,1567293996836
tap2,193,621,1377,701.3506,1381.2805,0.87,1567293997489
tap2,286,414,411,481.5541,468.75586,1.0,1567293998255
tap2,288,483,411,598.44586,439.77094,0.96999997,1567293999011
tap2,195,690,1377,759.29694,1387.2775,0.95,1567293999766
tap2,289,483,1377,566.47546,1416.2623,0.96999997,1567294000553
tap2,45,690,411,708.3441,479.75012,1.01,1567294001308
tap2,31,690,1170,781.2766,1201.3743,1.04,1567294001992
tap2,264,483,204,570.4718,242.8735,1.24,1567294002758
tap2,57,690,204,757.2988,208.8912,1.25,1567294003636
tap2,265,483,1170,548.4921,1215.367,0.95,1567294004361
tap2,300,345,1515,428.60315,1551.192,0.76,1567294005076
tap2,350,966,894,927.14154,968.49554,0.88,1567294005729
tap2,330,345,894,409.62073,932.5143,0.97999996,1567294006444
tap2,359,966,1515,1023.05273,1504.2166,0.75,1567294007332
tap2,351,966,963,966.10547,911.5252,0.89,1567294007985
tap2,308,345,1584,387.64108,1617.1577,0.9,1567294008833
tap2,360,966,1584,1005.0694,1574.18,0.72999996,1567294009640
tap2,334,345,963,414.6161,1021.46796,0.65,1567294010405
tap2,137,621,549,692.35895,561.70746,0.98999995,1567294011110
tap2,303,414,1515,472.56244,1523.2067,0.78999996,1567294011825
tap2,213,621,1515,677.3728,1542.1968,0.81,1567294012560
tap2,302,414,549,493.54303,568.7038,0.94,1567294013346
tap2,254,414,135,563.4783,203.8938,0.91999996,1567294014255
tap2,329,552,825,635.4117,836.5643,0.91999996,1567294015020
tap2,253,552,135,620.42554,179.9063,0.93,1567294015868
tap2,328,414,825,499.53748,842.56116,1.0,1567294016593
tap2,334,345,963,437.59482,989.4846,0.91999996,1567294017369
tap2,342,966,342,1002.07214,381.80115,0.89,1567294018236
tap2,274,345,342,409.62073,388.7975,0.87,1567294018992
tap2,351,966,963,1034.0426,988.48517,0.39999998,1567294019850
tap2,282,345,411,391.6374,447.76678,0.84,1567294020657
tap2,352,966,1032,1019.05646,1072.4414,0.78,1567294021341
tap2,343,966,411,1022.05365,452.76416,0.9,1567294022025
tap2,244,345,1032,431.60037,1109.4221,0.84,1567294022791
tap2,322,345,756,425.60593,811.5773,0.9,1567294023587
tap2,357,966,1377,1014.06104,1432.254,0.76,1567294024373
tap2,348,966,756,984.0888,734.6174,0.89,1567294024996
tap2,284,345,1377,365.66144,1386.278,0.89,1567294025742
tap2,292,345,1446,397.63184,1469.2347,0.83,1567294026497
tap2,349,966,825,999.07495,826.56946,0.78999996,1567294027355
tap2,326,345,825,411.61887,815.5752,0.96999997,1567294028050
tap2,358,966,1446,991.08234,1423.2587,0.85999995,1567294028979
tap2,131,690,687,755.30066,641.6658,0.97999996,1567294029612
tap2,321,483,1653,563.4783,1663.1338,0.88,1567294030388
tap2,320,483,687,560.481,733.61786,0.87,1567294031082
tap2,235,690,1653,774.2831,1649.141,0.75,1567294031890
tap2,362,0,1722,109.89824,1691.1191,0.90999997,1567294032839
tap2,139,621,1101,656.3922,1109.4221,0.5,1567294033605
tap2,140,0,1101,48.954674,1134.4092,0.65,1567294034381
tap2,371,621,1722,652.39594,1735.0963,0.84,1567294035178
tap2,39,690,1101,800.25903,1149.4014,0.89,1567294035800
tap2,363,69,1722,125.88344,1696.1166,0.90999997,1567294036515
tap2,372,690,1722,737.3173,1718.1051,0.85999995,1567294037302
tap2,40,69,1101,131.8779,1152.3998,0.87,1567294038057
tap2,136,0,1170,63.940796,1202.3738,0.79999995,1567294038843
tap2,386,621,1791,673.3765,1751.0879,0.77,1567294039558
tap2,135,621,1170,693.35803,1162.3945,0.85999995,1567294040253
tap2,377,0,1791,79.925995,1813.0557,0.87,1567294041080
tap2,31,690,1170,740.3145,1212.3685,0.95,1567294041784
tap2,378,69,1791,119.88899,1786.0697,0.90999997,1567294042550
tap2,32,69,1170,141.86864,1237.3555,0.81,1567294043428
tap2,387,690,1791,704.34784,1787.0692,0.78,1567294044163
tap2,8,138,1101,196.81776,1132.4102,0.87,1567294044950
tap2,373,759,1722,774.2831,1753.0869,0.90999997,1567294045675
tap2,7,759,1101,798.26086,1127.4127,0.90999997,1567294046257
tap2,364,138,1722,175.83719,1769.0786,0.89,1567294047002
tap2,374,828,1722,850.21277,1789.0681,0.52,1567294047758
tap2,64,207,1101,284.73636,1156.3977,0.85999995,1567294048473
tap2,365,207,1722,267.75208,1721.1035,0.93,1567294049249
tap2,63,828,1101,928.1406,1121.4159,0.93,1567294050056
tap2,379,138,1791,201.81314,1837.0432,0.87,1567294050811
tap2,3,759,1170,866.198,1194.3779,0.87,1567294051414
tap2,4,138,1170,215.80019,1217.366,0.81,1567294052128
tap2,388,759,1791,750.3053,1812.0562,0.82,1567294052925
tap2,380,207,1791,271.74838,1802.0614,0.89,1567294053824
tap2,35,828,1170,941.1286,1221.3639,0.78,1567294054549
tap2,389,828,1791,938.13135,1788.0687,0.78,1567294055355
tap2,36,207,1170,259.7595,1215.367,0.96,1567294056111
tap2,100,276,1101,355.6707,1132.4102,0.76,1567294056867
tap2,375,897,1722,967.10455,1734.0968,0.83,1567294057622
tap2,99,897,1101,949.1212,1091.4315,0.84999996,1567294058256
tap2,366,276,1722,298.72342,1713.1077,0.7,1567294058970
tap2,368,414,1722,423.6078,1685.1223,0.82,1567294059706
tap2,159,621,756,712.34045,783.59186,0.69,1567294060400
tap2,371,621,1722,650.39777,1766.0801,0.78,1567294061115
tap2,324,414,756,466.568,775.596,0.96999997,1567294061840
tap2,96,276,1170,355.6707,1166.3925,0.75,1567294062575
tap2,390,897,1791,939.13043,1792.0665,0.74,1567294063331
tap2,95,897,1170,936.13324,1175.3878,0.82,1567294063974
tap2,381,276,1791,326.6975,1793.066,0.87,1567294064730
tap2,385,552,1791,596.44775,1759.0837,0.84999996,1567294065414
tap2,326,345,825,411.61887,824.5705,0.78,1567294066231
tap2,382,345,1791,410.6198,1785.0702,0.84999996,1567294066956
tap2,329,552,825,662.38666,858.5528,0.87,1567294067589
tap2,323,483,756,555.48566,778.5945,0.91999996,1567294068304
tap2,372,690,1722,729.3247,1757.0848,0.79999995,1567294068978
tap2,59,690,756,794.2646,819.5731,0.89,1567294069621
tap2,369,483,1722,555.48566,1775.0754,0.79999995,1567294070295
tap2,353,966,1101,1041.0361,1144.4039,0.64,1567294071010
tap2,367,345,1722,418.6124,1754.0864,0.81,1567294071816
tap2,252,345,1101,438.5939,1138.4071,0.83,1567294072531
tap2,376,966,1722,1009.0657,1743.092,0.76,1567294073348
tap2,383,414,1791,450.5828,1737.0952,0.79999995,1567294074083
tap2,155,621,825,691.35986,857.55334,0.94,1567294074686
tap2,328,414,825,496.54025,891.53564,0.59999996,1567294075360
tap2,386,621,1791,644.4033,1810.0573,0.72999996,1567294076034
tap2,55,690,825,733.321,855.5544,0.93,1567294076698
tap2,384,483,1791,487.54858,1839.0421,0.84,1567294077443
tap2,327,483,825,536.50323,838.56323,0.98999995,1567294078178
tap2,387,690,1791,741.3136,1801.0619,0.76,1567294078934
drag1,2,410.6198,687.64185,0.89,1789.86,46.87648290304184
drag1,3,700.3515,942.5091,0.55,2924.565154,66.1263038489187
drag1,4,638.4089,669.6512,0.62,2319.9803079999997,65.8844541904703
drag1,5,648.39966,676.6476,0.71999997,162.98399999999998,405.1777387764535
drag1,9,391.6374,741.6137,0.58,2746.722461,59.34080284810207
drag1,17,641.4061,1066.4446,0.7,2824.3094619999997,71.38440221370284
drag1,16,392.63644,1085.4347,0.57,2636.2526159999998,78.63353039603427
drag1,7,738.3164,779.59393,0.64,2118.785,85.87368942625689
drag1,4,711.3414,681.64496,0.74,2557.725924,61.8893974621742
drag1,10,401.6281,419.78134,0.59999996,2810.325,55.84487082145138
drag1,2,421.60962,639.6668,0.7,2119.984308,72.21785293387269
drag1,11,709.3432,373.8053,0.65,2619.254,63.5502800146756
drag1,4,739.3154,626.6736,0.7,2447.65,78.26243105281705
drag1,18,401.6281,1174.3883,0.69,3445.393846,86.99408797923276
drag1,2,412.61795,653.65955,0.7,2817.210615,61.08217205137773
drag1,19,683.36725,1243.3524,0.68,3946.285077,49.8027729004878
drag1,13,710.3423,236.87662,0.89,3033.703692,58.29790553571744
drag1,6,398.6309,520.72876,0.84,2372.4805389999997,65.4576698624313
drag1,12,428.60315,257.8657,0.78999996,2864.779847,66.10345108876803
drag1,8,697.3543,509.7345,1.02,3311.9293079999998,75.03400938846707
drag1,19,705.3469,1171.3899,0.65,2107.243615,96.51655591164078
drag1,22,382.6457,1530.203,0.65999997,2136.754,57.27999125521626
drag1,18,388.8535,1257.9855,0.71,1747.3909239999998,72.32544627251494
drag1,23,657.3913,1539.1982,0.62,3318.3962309999997,61.135021830967915
drag1,14,427.60406,72.962,0.89,3486.433231,81.83563950542171
drag1,11,669.3802,372.80582,0.9,3689.514538,58.163277546957666
drag1,10,418.09677,388.7975,0.90999997,3250.960001,68.03859724716484
drag1,15,725.3284,43.977093,0.93,2928.9785389999997,93.13559683586644
drag1,17,707.34503,1070.4425,0.71,4100.116846,76.40214842368073
drag1,20,401.6281,1356.2936,0.82,2597.0400769999997,60.21278094728049
drag1,21,687.3635,1359.292,0.72999996,2925.163154,84.53263000465338
drag1,16,417.6133,1071.4419,0.94,2323.083,57.5809005937953
drag1,24,293.09418,85.58984,1.11,2488.523077,69.77748224240088
drag1,26,521.5171,344.8204,0.90999997,3169.158078,81.31081148858169
drag1,27,234.73946,368.8079,0.78999996,2401.7678459999997,54.402556227156666
drag1,25,504.53284,85.95523,0.9,2321.7512309999997,83.90875597365856
drag1,66,799.25995,1501.218,0.65999997,3378.7523079999996,67.87944969543202
drag1,41,544.49585,1259.3441,0.72999996,2682.289307,54.01025044628467
drag1,42,542.7612,1480.9648,0.69,2467.049846,72.49524755563176
drag1,65,831.23035,1213.368,0.94,2761.770847,67.52327686146381
drag1,36,225.79094,817.57416,0.83,2450.873462,55.85349313361411
drag1,38,561.9796,1090.432,0.68,2781.311154,77.35545770412652
drag1,39,270.7493,1070.4425,0.84,2657.381231,70.00654283397122
drag1,37,527.5116,803.5814,0.93,2435.2030769999997,64.55574498388985
drag1,16,399.62997,1085.4347,0.96999997,3071.8105379999997,67.174679458405
drag1,56,139.87048,1341.3014,0.75,2263.624,71.11450236969227
drag1,20,380.64755,1352.2957,0.88,2410.397077,62.11726013669948
drag1,53,104.90287,1086.4341,0.76,2619.346924,66.79675876533815
drag1,59,813.247,240.87454,0.84,3455.7998469999998,70.42833381564903
drag1,30,567.47455,514.7319,1.05,2925.1799229999997,64.14182072560482
drag1,29,506.531,248.87038,0.91999996,2474.599461,68.82092333560996
drag1,60,795.46014,536.32733,0.89,3345.307231,68.62153375365328
drag1,33,564.47736,651.6606,0.91999996,2657.615077,62.59190062516878
drag1,62,807.25256,899.5315,0.65,1799.581385,104.8141922208673
drag1,61,856.2072,949.50543,0.66999996,162.744307,252.05158202241066
drag1,34,533.50604,881.54083,0.81,2546.066,86.94915878220652
drag1,6,401.1286,533.2223,0.81,2537.0736159999997,56.37364369654593
drag1,48,122.886215,229.88026,1.04,2930.6320769999998,70.95813220786293
drag1,12,416.86856,240.36574,0.83,3247.0293079999997,72.31204612191894
drag1,49,101.90564,491.74387,0.83,2557.457692,75.72404435979149
drag1,51,108.89917,866.54865,0.90999997,2690.284462,73.30005971103138
drag1,2,377.65033,626.6736,0.95,2751.4661539999997,75.86386237456038
drag1,5,402.6272,915.52313,1.22,3252.644539,66.39212591707388
drag1,50,126.05148,661.4873,0.98999995,2677.522693,64.13889566447838
drag1,37,547.87744,802.043,0.88,2873.0538469999997,65.870354085622
drag1,64,785.2729,1068.0814,0.96,3626.22977,81.7086664889838
drag1,38,851.21185,1157.3972,0.45,99.658,281.4551474036316
drag1,63,821.2396,808.57886,0.88,3567.2660769999998,61.858244353481375
drag1,29,539.5005,249.86986,0.9,2545.017308,64.5613794314808
drag1,31,238.77892,513.7324,0.93,3293.514846,62.297130753701396
drag1,28,253.76503,244.87245,0.97999996,2568.831385,63.82291815130438
drag1,30,520.52966,496.7064,0.78999996,3766.918001,76.64379651605265
drag1,42,560.481,1517.2097,0.79999995,2494.05323,55.64616887958903
drag1,40,260.75854,1226.3612,0.91999996,2261.070846,62.853075557068
drag1,41,488.54764,1227.3607,0.81,2506.999231,65.04643272135114
drag1,43,255.76318,1508.2145,0.85999995,2054.152385,64.29052013509096
drag1,45,236.78076,1389.2764,0.84,1860.5487699999999,69.24321820742894
drag1,82,521.5171,1648.1416,0.76,3188.361,69.54525581445424
drag1,80,276.9998,1669.3867,0.78,2946.579077,65.93857560806615
drag1,44,540.89124,1381.2805,0.89,2208.784924,64.89118607921695
drag1,57,820.24054,76.959915,0.90999997,2864.5650769999997,98.29926336462198
drag1,26,557.4838,388.7975,1.1,2609.6716149999997,64.15651907454466
drag1,58,809.2507,370.80685,1.06,3378.507769,64.96978916128558
drag1,25,546.9935,94.95055,1.09,2572.424539,75.03202154885541
drag1,64,813.247,1083.4357,0.84,3842.65377,63.57553121263836
drag1,44,569.4727,1351.2961,1.1,2718.7503079999997,65.32706676366564
drag1,38,529.5097,1099.4274,0.9,2086.562539,68.99549664881143
drag1,67,839.22296,1378.2821,0.81,2474.180539,58.241191493344076
drag1,9,431.60037,802.582,0.91999996,3689.580846,70.05161146840886
drag1,53,123.9572,996.9769,0.91999996,2961.7797689999998,85.64332096894466
drag1,16,362.6642,1073.4409,1.2099999,3629.1199229999997,62.15844113408479
drag1,52,90.91582,786.5903,0.7,3118.401538,79.8731916784977
drag1,74,930.1388,797.5846,1.02,3597.075538,89.00482168610002
drag1,17,692.35895,1104.4149,0.76,2963.3106159999998,75.18240245732585
drag1,75,780.2775,1127.4127,0.81,553.2036929999999,187.20251352144288
drag1,7,595.44867,803.5814,0.88,2884.114616,75.89114569302671
drag1,70,936.13324,266.861,0.84,3877.096924,64.68399165316518
drag1,8,684.36633,529.72406,0.93,3264.952461,58.63077311067237
drag1,13,685.3654,259.86465,1.13,3968.706155,60.223463777831824
drag1,71,969.10266,489.7449,1.24,3889.6989999999996,79.39057178597942
drag1,78,965.1064,1361.291,0.71,2919.313385,67.17059124119501
drag1,83,676.3737,1649.141,1.0,3719.709461,80.1952849138624
drag1,21,686.3645,1402.2697,1.09,2657.791308,64.0194869280159
drag1,85,929.1397,1631.1504,1.09,3141.008769,73.37810789036453
drag1,19,674.3756,1226.3612,0.88,2932.915924,67.84685444988132
drag1,77,954.22217,1472.8102,1.1,2962.9861539999997,92.55078385484344
drag1,76,972.0999,1234.357,1.0799999,2219.421077,58.0495602179175
drag1,23,699.3525,1425.2577,0.96999997,1765.552769,95.16961335006471
drag1,15,719.334,1304.3207,0.93,805.949538,1161.2262968932594
drag1,69,796.2627,865.5492,1.1,1082.252462,538.0227143895071
drag1,2,391.6374,654.659,0.91999996,1217.147692,57.57356789388983
drag1,3,675.37463,934.51324,0.98999995,2069.093847,80.10187389310369
drag1,4,667.4622,687.64185,0.88,1091.578461,64.94221269795183
drag1,5,394.9255,919.08453,0.77,1724.9097689999999,65.55363760409227
drag1,9,391.6374,807.57935,0.97999996,1602.7810769999999,89.88373674185254
drag1,17,648.39966,1071.4419,0.91999996,2616.337078,80.20751979638499
drag1,16,413.61703,1078.4382,0.95,1931.108923,73.23818684641212
drag1,7,653.395,829.56793,0.91999996,1839.034846,72.86713069201599
drag1,4,695.35614,699.63556,0.90999997,1652.211769,69.9564293506617
drag1,10,429.60223,387.798,1.13,2053.656231,73.00384932334813
drag1,2,401.6281,659.65643,0.76,1389.7,49.4918541231741
drag1,11,659.38947,351.81674,1.28,2041.429539,71.93103730025143
drag1,4,660.38855,664.6538,0.91999996,2221.252,68.47620950491991
drag1,18,423.56946,1177.3867,0.78,2727.2997689999997,80.54494872544048
drag1,2,383.9405,664.358,1.23,1928.104615,75.11235890263471
drag1,19,637.4098,1214.3674,0.77,2482.937461,79.27360365147095
drag1,13,681.3691,239.87506,1.3299999,2183.045385,82.65705843696429
drag1,6,375.65216,552.52106,0.85999995,1572.6892309999998,58.40318153601026
drag1,12,385.6429,254.86725,1.0,1440.3517689999999,63.81152585861813
drag1,8,637.4418,501.71735,0.69,2155.840462,72.18557470833655
drag1,19,682.36816,1242.3529,0.7,1797.13477,42.46273247334182
drag1,22,386.642,1485.2264,0.78,1643.642077,83.11273126397903
drag1,18,400.62906,1249.3492,0.84,1634.2544619999999,57.8637978875725
drag1,23,624.4218,1488.2249,0.91999996,1512.5426149999998,68.94905211608074
drag1,14,374.6531,71.96252,0.96999997,2954.962693,105.24768674660022
drag1,11,696.3552,377.80322,1.02,1419.372846,58.631408063274996
drag1,10,378.6494,401.7907,0.94,1146.618462,55.26471734549465
drag1,15,624.4218,98.94846,0.9,2446.3073839999997,92.36833512957931
drag1,17,682.36816,1018.46954,1.14,2339.088077,85.47511222260749
drag1,20,427.60406,1360.2915,0.88,1696.1041539999999,69.04610442267108
drag1,21,669.61194,1373.0529,0.89,2110.445693,72.0433530291271
drag1,16,433.5985,1095.4294,0.87,1655.7501539999998,68.85414688803621
drag1,24,258.7604,88.95367,1.31,2593.521385,95.42692206920636
drag1,26,547.49304,409.78656,0.84,1706.7391539999999,72.69791287994964
drag1,27,267.75208,385.79904,0.88,1532.3259229999999,77.24362921806521
drag1,25,540.4995,96.9495,1.23,1297.871692,83.50069810676088
drag1,66,763.2933,1456.2415,0.77,3191.427846,88.00354817148819
drag1,41,548.4921,1234.357,0.84999996,1696.118923,61.88982747577601
drag1,42,557.4838,1513.2118,0.87,1298.391384,56.2036352875467
drag1,65,770.2868,1246.3508,0.88,1999.8678459999999,63.12235067787372
drag1,36,288.73267,837.5637,0.91999996,2177.8246919999997,74.81751769822246
drag1,38,539.5005,1088.4331,0.97999996,1622.4723079999999,53.429942164669676
drag1,39,247.77058,1034.4612,0.90999997,1714.7389229999999,83.9671127746821
drag1,37,480.55505,808.57886,1.12,2262.965154,80.24409596633551
drag1,16,414.6161,1110.4216,0.76,1450.857154,45.225097634874416
drag1,56,111.89639,1321.3118,0.96,1561.436847,80.81289673773517
drag1,20,379.64847,1367.2878,0.95,1614.939693,59.4809730618338
drag1,53,104.9809,1069.2869,0.98999995,1542.3968459999999,68.79477908679576
drag1,59,820.24054,252.86829,1.2099999,2743.570539,67.75281377787475
drag1,30,534.5429,449.57645,0.89,1746.36,96.5227398629876
drag1,29,538.5014,241.87402,1.17,1439.740846,81.21890229662765
drag1,60,822.23865,492.74335,0.78999996,1767.506692,66.35338089462452
drag1,33,544.49585,614.6798,0.9,1798.789231,97.301260620839
drag1,62,804.2553,905.5283,0.85999995,2055.13723,89.13628792354596
drag1,61,833.2285,671.65015,1.12,1532.4735389999998,84.53611631162468
drag1,34,511.5173,901.5123,0.93,2572.704846,74.65276742289815
drag1,6,375.65216,509.7345,1.1,1943.212846,82.7430742623913
drag1,48,139.87048,245.87193,1.2099999,1655.1363079999999,60.851665476416144
drag1,12,422.6087,218.88599,0.97999996,1583.949539,75.76583564767222
drag1,49,95.911194,522.7277,0.81,1606.0101539999998,57.62036390569998
drag1,51,118.889915,903.5294,0.79999995,1452.8912309999998,49.685146034891275
drag1,2,357.66882,654.659,1.04,2394.744307,69.80586728991949
drag1,5,430.6013,923.0296,0.83,1287.339693,52.57265982834554
drag1,50,74.93062,671.65015,1.06,2125.849154,59.60929541396789
drag1,37,536.9699,811.643,1.04,2053.227847,57.9754416011856
drag1,64,748.3071,1046.2852,0.76,2278.5841539999997,90.56288100815115
drag1,38,549.4912,1088.4331,0.87,1788.11977,88.12302186460796
drag1,63,808.25165,856.55383,0.82,2128.773154,56.83669166313657
drag1,29,576.46625,213.8886,1.3199999,2281.627077,61.88725153768765
drag1,31,247.77058,524.7267,0.82,1604.4730769999999,59.097827996377916
drag1,28,274.7456,258.86517,0.96999997,1716.720308,70.83370516436935
drag1,30,521.5171,493.74283,1.04,2385.6949999999997,79.5893860644187
drag1,42,494.54208,1464.1198,1.14,2901.625385,82.37627238486675
drag1,40,270.7493,1258.3446,1.09,2379.239231,70.8248769149343
drag1,41,471.56335,1224.3623,0.87,1564.814385,59.10128339917755
drag1,43,276.74374,1508.2145,0.75,1656.0265379999998,67.21315492559832
drag1,45,276.74374,1406.7672,0.89,1450.811385,59.470529564297564
drag1,82,534.50507,1664.1332,0.7,2043.015461,53.32950675967733
drag1,80,249.76874,1651.14,0.81,1675.81323,69.05836451445101
drag1,44,525.5134,1379.2816,0.84,2377.892692,57.97859873988186
drag1,57,799.25995,89.95315,0.9,2885.05123,82.19785774835373
drag1,26,520.51807,372.80582,1.1,1737.027308,53.19310552356314
drag1,58,845.2174,378.8027,1.39,1256.704385,60.679511740904104
drag1,25,541.4986,100.94742,1.16,1673.3696149999998,82.83274354466525
drag1,64,771.2858,1077.9385,0.96,2984.399231,64.29712961735723
drag1,44,551.4894,1347.0126,0.65,1388.918308,62.54732992937481
drag1,38,504.53284,1100.4269,0.78,1694.153077,93.23428970294734
drag1,67,803.2562,1366.2883,0.83,1777.6955389999998,58.291884780132726
drag1,9,378.6494,834.5653,0.9,2379.518384,73.73754244591538
drag1,53,116.959076,1088.2311,0.79999995,1521.2282309999998,63.219154330689285
drag1,16,416.11472,1098.4279,1.02,1378.934769,69.46033013318754
drag1,52,104.90287,823.57104,0.96999997,1758.4402309999998,70.90119676450124
drag1,74,949.1212,794.5861,1.48,2384.132462,63.15218892623848
drag1,17,709.3432,1040.4581,1.24,1919.033923,70.24106295109415
drag1,75,983.0897,1070.4425,1.0799999,1800.721308,68.29962353915577
drag1,7,685.3654,815.5752,1.06,2312.576231,64.9241690889382
drag1,70,955.11566,239.87506,1.06,2709.0473079999997,63.77380494327086
drag1,8,644.4033,463.75845,1.13,1990.2077689999999,80.65635463234693
drag1,13,693.35803,250.86934,1.13,1788.2311539999998,60.95771488778544
drag1,71,922.1462,492.74335,0.83,2701.721,84.16708498681359
drag1,78,957.1138,1334.305,1.0699999,3068.229077,70.45192524563029
drag1,83,708.3441,1656.1373,0.69,1634.85,75.51049084479293
drag1,21,683.36725,1392.2748,0.75,1797.738462,67.09152927963312
drag1,85,967.10455,1666.1322,1.22,1604.348693,57.77077350600174
drag1,19,685.3654,1256.3456,0.96999997,2312.481385,58.14684606181892
drag1,77,931.19696,1469.146,1.4,1990.5863849999998,84.19912324801315
drag1,76,961.1101,1269.3389,0.85999995,2186.932077,64.11851301574268
drag1,23,705.3469,1505.216,1.12,1481.7089999999998,67.21747771503982
drag1,15,665.3839,93.951065,1.55,2378.273154,84.49735381510216
drag1,69,936.13324,329.82822,1.13,2199.023385,88.17761818404998
drag1,11,695.35614,334.8256,1.23,1683.974616,76.15472131634792
drag1,68,934.1351,122.93597,0.96999997,1726.677923,70.36248090886743
drag1,21,699.3525,1353.2952,1.25,1931.163308,52.86202391119497
drag1,75,1000.07404,1080.4373,1.3399999,1573.820538,72.33470328370173
drag1,17,673.3765,1073.4409,1.02,1879.5995389999998,84.00350824025423
drag1,78,930.1388,1376.2832,1.3399999,1777.373693,62.34439866964231
drag1,54,98.90842,1264.3414,0.93,1778.3410769999998,68.25581435224227
drag1,22,347.67807,1512.2124,1.05,1555.1968459999998,55.547616591588415
drag1,18,401.6281,1233.3575,1.09,1565.399615,75.81111361282426
drag1,55,88.91767,1498.2196,0.79999995,1729.5523079999998,64.3335587970299
drag1,67,800.25903,1383.2795,1.27,2332.545462,64.89306627949622
drag1,82,530.85767,1651.616,0.85999995,1666.1654609999998,76.75842486042626
drag1,84,809.2507,1653.1389,1.4599999,2302.1878469999997,63.803659259380815
drag1,44,539.5005,1404.2686,1.1999999,2048.183847,61.44092484506347
drag1,38,531.5079,1101.4263,1.13,1441.007154,74.86882389282637
drag1,45,265.79456,1347.2576,0.84,1879.4553079999998,61.39266321855179
drag1,44,526.5125,1348.2977,1.0699999,2149.958846,85.97066211552132
drag1,39,246.77151,1071.4419,1.29,1714.634308,82.81769231641495
drag1,56,86.91952,1370.2863,1.02,1686.277308,54.43789597052561
drag1,81,391.6374,1672.129,0.84,1703.722462,55.96640852841851
drag1,20,392.63644,1379.2816,1.11,1330.4286929999998,79.82802640791253
drag1,79,83.922295,1682.1239,0.88,1418.175692,55.7740422877776
drag1,33,94.91212,1773.0765,0.21,2.267077,1121.5386752136549
drag1,35,228.78816,983.48773,1.11,2791.506078,64.135397535839
drag1,34,512.52545,963.49817,1.15,1889.3883079999998,62.97672394241544
drag1,32,273.79053,715.6493,0.94,2449.589846,69.86828876036088
drag1,9,388.64014,786.5903,1.04,1296.9664619999999,51.25181245583734
drag1,8,634.4126,555.7106,0.96,1769.147847,59.8236001228693
drag1,6,417.6133,529.72406,1.1,2164.666769,59.04915895487808
drag1,7,660.38855,773.59705,0.97999996,2157.764384,88.39776387592237
drag1,14,427.60406,84.36078,1.49,2348.422615,61.754149699456654
drag1,47,81.92415,386.79852,0.9,1860.599231,57.328465164113915
drag1,46,107.90009,71.96252,1.1,1982.0549239999998,68.76452691792049
drag1,10,360.66605,334.8256,1.0,1961.8503839999998,86.10776185331179
drag1,4,666.383,595.68976,0.93,2109.283692,102.66926993061236
drag1,73,957.1138,934.51324,0.96999997,1759.070461,59.642245614999716
drag1,72,990.3459,643.1392,0.85999995,1809.9279999999999,70.35724806662851
drag1,3,702.99023,891.53564,0.79999995,1672.922077,77.79283126816033
scale1,27,-17.602758,1369.405385
scale1,46,-16.074354,1623.116384
scale1,26,-26.232897,2043.2799229999998
scale1,4,-25.052433,2542.153692
scale1,43,-11.342354,1849.4002309999998
scale1,25,-12.295572,1398.946538
scale1,42,4.323223,1335.6478459999998
scale1,23,-29.453316,3146.349308
scale1,5,-25.211529,3674.7453849999997
scale1,27,-15.218863,1776.8761539999998
scale1,46,-27.168674,2331.616307
scale1,26,29.550476,991.023923
scale1,4,-28.554394,1274.516846
scale1,43,-19.120777,2127.165077
scale1,25,-23.27905,1859.2604609999999
scale1,42,-17.301287,1809.521385
scale1,23,-9.7031765,1471.128231
scale1,5,9.42366,1094.450077
scale1,24,-14.245474,1725.555461
scale1,19,-11.56481,1961.232615
scale1,2,-4.173826,1940.4521539999998
scale1,44,-25.977533,1809.910385
scale1,65,-27.603458,2043.327
scale1,45,-28.588898,2115.551308
scale1,28,-24.027185,1910.862385
scale1,13,-14.173016,1837.746539
scale1,56,-15.223394,1982.055077
scale1,40,-19.660635,2432.4011539999997
scale1,41,-15.303663,2714.622769
scale1,6,-14.876261,2178.0484619999997
scale1,51,96.82262,1153.469231
scale1,36,-27.119596,2541.216923
scale1,21,-22.294264,2064.0302309999997
scale1,8,-18.853449,2553.320539
scale1,57,-18.27876,2472.691231
scale1,39,-32.012066,2287.516769
scale1,9,-23.270897,1970.477692
scale1,58,-18.43044,2258.3791539999997
scale1,47,-23.694557,1787.334923
scale1,1,-17.96529,2675.379462
scale1,35,-28.002417,1908.923308
scale1,3,-32.908447,3299.064615
scale1,17,-32.908447,123.27776899999999
scale1,53,-32.908447,467.292
scale1,34,-20.020575,1785.4721539999998
scale1,27,-21.268553,1747.7673069999998
scale1,46,-6.8405514,1604.756539
scale1,26,-24.406677,2290.150847
scale1,4,-21.884954,1656.725461
scale1,43,-12.851772,1727.9791539999999
scale1,25,-8.109575,1869.8200769999999
scale1,42,-10.711618,1113.755077
scale1,23,-19.76818,1376.669923
scale1,5,-5.548645,1340.307231
scale1,24,-16.231167,1666.488462
scale1,19,-4.0464363,1912.4945389999998
scale1,2,2.2524376,1005.384462
scale1,44,-30.875032,1631.591846
scale1,65,-20.119572,1260.341154
scale1,45,-144.0,50.512539
scale1,28,-144.0,599.677462
scale1,13,-18.810242,1570.953615
scale1,56,-21.459423,1615.758693
scale1,40,69.16422,992.980154
scale1,41,-27.548407,1621.9849239999999
scale1,6,-20.82704,1829.883461
scale1,51,-19.134647,1524.1686149999998
scale1,36,16.545479,938.7116149999999
scale1,21,-23.310757,1438.158923
scale1,8,-36.795975,2195.6140769999997
scale1,57,-9.401533,1747.3259229999999
scale1,39,-25.624271,2055.896846
scale1,9,-23.388657,2401.785462
scale1,58,-18.986813,2423.9877699999997
scale1,47,-24.097721,1667.262847
scale1,1,-15.1178055,1450.6378459999999
scale1,35,-18.726557,1870.9587689999998
scale1,3,-32.257317,1616.146692
scale1,17,-36.755516,2167.3258459999997
scale1,53,-29.41924,1971.6036159999999
scale1,34,-12.902327,1337.976001
scale1,18,-24.580399,1768.927
scale1,50,-19.391418,1321.1926919999999
scale1,62,-32.080887,2151.9780769999998
scale1,66,-20.761602,1647.823923
scale1,20,-42.23577,1625.194154
scale1,37,-9.942919,2435.105461
scale1,32,-16.444353,2412.633308
scale1,31,-3.5361385,1421.107923
scale1,49,-24.545568,2187.015615
scale1,7,-19.94458,2616.442616
scale1,15,3.3327713,1122.992769
scale1,10,-16.291489,1948.740846
scale1,60,-11.543249,1308.673
scale1,63,-26.355686,2184.490847
scale1,59,-26.615719,2299.589308
scale1,55,-18.227692,2217.740308
scale1,14,-13.352045,1541.069
scale1,12,-33.16103,1697.431308
scale1,54,-21.252502,2053.928769
scale1,52,-20.014807,1504.1231539999999
scale1,48,-23.283531,1634.471077
scale1,30,-29.05247,2568.304538
scale1,16,-32.70235,1605.220384
scale1,11,-27.921822,2341.298616
scale1,61,-17.430153,2319.798923
scale1,38,-4.3779316,1317.863077
scale1,29,-45.865036,2668.0147699999998
scale1,64,-32.910904,1380.985846
scale1,22,-34.12668,2095.869385
scale1,33,-28.608793,1410.4103069999999
scale2,25,-26.119503,2156.877
scale2,9,-27.609415,2787.422462
scale2,28,-34.17539,2921.278154
scale2,10,-13.94466,1889.1416159999999
scale2,29,-120.60706,4749.050308
scale2,12,-33.60664,2019.9056919999998
scale2,30,-10.641186,2121.865538
scale2,13,29.221876,2257.907462
scale2,32,-35.651894,3706.539154
scale2,15,-27.68054,3217.335769
scale2,34,-19.498203,2294.158692
scale2,17,-25.043186,2900.912231
scale2,1,-4.4878635,3564.4555379999997
scale2,20,-30.293976,2769.189462
scale2,3,-15.231016,3240.972154
scale2,24,-34.094254,1899.101846
scale2,16,-15.419844,1684.239231
scale2,2,-23.138168,2299.559154
scale2,23,-25.38465,2913.168769
scale2,7,-37.116188,2104.015847
scale2,11,-40.639015,2700.345769
scale2,14,-39.686195,1644.3835379999998
scale2,26,-9.321533,1522.667154
scale2,35,-31.124125,2595.1455379999998
scale2,21,-18.9056,2492.1401539999997
scale2,22,41.23011,1154.834462
scale2,27,-38.558327,3062.029923
scale2,36,-32.242233,2093.410615
scale2,31,-27.267197,2532.486231
scale2,19,-3.6217117,1083.958615
scale2,4,-2.7769604,1531.720384
scale2,8,-16.852982,2016.2456929999998
scale2,5,-38.253056,1757.2675379999998
scale2,33,-21.703835,2019.334077
scale2,18,-25.69741,2108.004
scale2,6,-36.79059,2347.095692
rotate1,9,0.0,92.950154
rotate1,4,-15.003629,539.398462
rotate1,9,0.49654102,2175.0954619999998
rotate1,4,2.2917652,1502.053385
rotate1,13,4.8577423,1677.024
rotate1,6,-1.5634737,1849.570231
rotate1,15,-0.01908493,1257.894539
rotate1,2,1.0026932,2095.291615
rotate1,10,-0.083496094,1570.704231
rotate1,5,1.4469337,1552.544461
rotate1,14,3.819271,1339.750077
rotate1,8,-0.3925867,1349.47923
rotate1,11,2.5189419,1277.288308
rotate1,7,3.6192894,1223.834001
rotate1,1,2.4436703,1491.614077
rotate1,12,-1.6385489,1992.794077
rotate1,3,-0.10243702,1502.717846
rotate2,2,-2.2156067,3156.983385
rotate2,13,3.1074219,3596.200769
rotate2,8,-1.7231522,2979.5893849999998
rotate2,3,-0.65986633,3155.1795389999997
rotate2,7,1.3897629,3542.756077
rotate2,12,-2.3312607,2797.186077
rotate2,1,-1.1975174,3798.607616
rotate2,11,-5.294281,2860.9025389999997
rotate2,6,-3.8431244,2685.6297689999997
rotate2,10,-1.1423111,3156.8535389999997
rotate2,5,-2.1232224,4094.4636929999997
rotate2,15,2.9220886,2870.904231
rotate2,9,-2.8527374,3410.645846
rotate2,4,0.8049164,2471.503461
rotate2,14,-0.23049927,2338.777
