rotate1,9,1.4363041,2946.9499229999997
rotate1,4,0.21436596,1621.2738459999998
rotate1,13,3.7196732,1430.699692
rotate1,6,0.7121067,1694.780693
rotate1,15,-1.8020935,1320.072615
rotate1,2,4.4417686,1755.05223
rotate1,10,5.643341,1530.100231
rotate1,5,2.831171,3630.4634619999997
rotate1,14,7.224249,2299.016615
rotate1,8,3.2408352,2123.999923
rotate1,11,-1.5803432,1532.1545389999999
rotate1,7,2.6937046,2027.116846
rotate1,1,2.5812588,2040.919846
rotate1,12,0.43128014,2021.075615
rotate1,3,1.5358772,1756.37
rotate2,2,-11.398365,6733.0480769999995
rotate2,13,0.008224487,3945.873924
rotate2,8,2.7435455,4576.630768999999
rotate2,3,0.3358841,6314.2823849999995
rotate2,7,0.7527466,3156.866231
rotate2,12,-3.1696625,4474.296077
rotate2,1,0.7045746,4490.271693
rotate2,11,2.0923996,3443.0626159999997
rotate2,6,0.84252167,5139.654385
rotate2,10,1.4891434,3648.9596159999996
rotate2,5,3.6922302,4833.866384999999
rotate2,15,-1.7601624,6467.491539
rotate2,9,0.46844482,3897.701385
rotate2,4,6.357239,3158.780847
rotate2,14,-0.8774338,5876.265461999999
tap1,2,288,642,374.6531,683.6439,1.03,1567147655197
tap1,3,576,930,700.3515,958.50073,1.3,1567147655946
tap1,4,576,642,694.35706,714.6278,1.27,1567147656701
tap1,5,288,930,418.6124,1059.4481,1.1999999,1567147657732
tap1,9,288,786,421.60962,904.5289,1.25,1567147658610
tap1,17,576,1074,683.36725,1180.3851,0.98999995,1567147659426
tap1,16,288,1074,390.6383,1168.3915,1.24,1567147660335
tap1,7,576,786,712.34045,898.532,1.35,1567147661376
tap1,4,576,642,666.383,746.61115,1.36,1567147662326
tap1,10,288,354,366.6605,444.76834,1.36,1567147663245
tap1,2,288,642,415.61517,771.5981,1.36,1567147664204
tap1,11,576,354,630.41626,427.7772,1.35,1567147665154
tap1,4,576,642,682.36816,756.6059,1.35,1567147665991
tap1,18,288,1218,386.642,1326.3092,1.3,1567147666736
tap1,2,288,642,387.64108,684.6434,1.37,1567147667471
tap1,19,576,1218,667.3821,1358.2925,1.39,1567147668186
tap1,13,576,210,693.35803,286.8506,1.38,1567147669125
tap1,6,288,498,428.60315,573.7012,1.43,1567147670074
tap1,12,288,210,386.642,298.84433,1.29,1567147671095
tap1,8,576,498,699.3525,636.6684,1.1899999,1567147671871
tap1,19,576,1218,716.33673,1329.3076,1.28,1567147672524
tap1,22,288,1506,362.6642,1607.1628,1.25,1567147673198
tap1,18,288,1218,359.667,1289.3285,1.15,1567147673861
tap1,23,576,1506,747.30804,1568.1832,1.29,1567147674576
tap1,14,288,66,399.62997,87.954185,1.3,1567147675485
tap1,11,576,354,712.34045,438.77145,1.23,1567147676220
tap1,10,288,354,377.65033,385.79904,1.28,1567147676965
tap1,15,576,66,704.34784,169.9115,1.18,1567147677761
tap1,17,576,1074,651.39685,1124.4143,1.18,1567147678415
tap1,20,288,1362,389.63922,1464.2373,1.1899999,1567147679109
tap1,21,576,1362,698.3534,1494.2217,1.29,1567147679864
tap1,16,288,1074,340.68454,1112.4205,1.18,1567147680568
tap1,9,288,786,383.64478,808.57886,1.31,1567147681232
tap1,8,576,498,686.3645,548.7142,1.37,1567147681875
tap1,6,288,498,398.6309,494.7423,1.35,1567147682580
tap1,7,576,786,665.3839,889.5367,1.17,1567147683202
tap1,24,144,66,266.75302,116.939095,1.31,1567147684019
tap1,26,432,354,534.50507,420.78082,1.35,1567147684775
tap1,27,144,354,264.75485,394.79437,1.36,1567147685571
tap1,25,432,66,533.50604,153.91983,1.31,1567147686347
tap1,66,720,1506,801.2581,1614.1593,1.25,1567147687052
tap1,41,432,1218,544.49585,1270.3384,1.25,1567147687735
tap1,42,432,1506,571.4709,1636.1478,1.24,1567147688368
tap1,65,720,1218,811.24884,1294.3258,1.1899999,1567147689011
tap1,36,144,786,211.8039,782.5924,1.28,1567147689736
tap1,38,432,1074,579.46344,1124.4143,1.26,1567147690369
tap1,39,144,1074,275.7447,1132.4102,1.2099999,1567147691094
tap1,37,432,786,538.5014,832.56635,1.11,1567147691768
tap1,16,288,1074,478.5569,1153.3993,1.1899999,1567147692411
tap1,56,0,1362,95.911194,1471.2336,1.1899999,1567147693105
tap1,20,288,1362,381.64664,1462.2384,1.1899999,1567147693769
tap1,53,0,1074,97.90935,1090.432,1.18,1567147694565
tap1,59,720,210,803.2562,280.85373,1.26,1567147695484
tap1,30,432,498,544.49585,563.70636,1.25,1567147696280
tap1,29,432,210,537.5023,224.88287,1.14,1567147697107
tap1,60,720,498,817.2433,587.6939,1.1999999,1567147697862
tap1,33,432,642,525.5134,694.6382,1.15,1567147698649
tap1,62,720,930,815.2451,1019.469,1.15,1567147699373
tap1,61,720,642,854.20905,724.62256,1.14,1567147700180
tap1,34,432,930,538.5014,981.4888,1.06,1567147700956
tap1,6,288,498,411.61887,572.7017,1.03,1567147701712
tap1,48,0,210,102.90472,305.8407,1.06,1567147702467
tap1,12,288,210,391.6374,250.86934,1.0799999,1567147703192
tap1,49,0,498,123.88529,540.7184,1.05,1567147703886
tap1,51,0,930,101.90564,1012.47266,1.05,1567147704580
tap1,2,288,642,407.62256,701.6345,0.94,1567147705295
tap1,5,288,930,392.63644,982.4883,1.06,1567147705989
tap1,50,0,642,107.90009,685.6429,1.0,1567147706745
tap1,37,432,786,521.5171,883.5398,1.0799999,1567147707408
tap1,64,720,1074,826.235,1175.3878,1.2099999,1567147708123
tap1,38,432,1074,548.4921,1138.4071,1.18,1567147708797
tap1,63,720,786,783.2748,848.55804,1.13,1567147710155
tap1,29,432,210,497.5393,251.8688,1.03,1567147710880
tap1,31,144,498,231.78539,557.70953,1.16,1567147711594
tap1,28,144,210,262.7567,265.8615,1.16,1567147712319
tap1,30,432,498,530.5088,518.7298,1.18,1567147712931
tap1,42,432,1506,582.4607,1541.1973,1.13,1567147713565
tap1,40,144,1218,229.78723,1270.3384,1.18,1567147714259
tap1,41,432,1218,539.5005,1293.3264,1.17,1567147714892
tap1,43,144,1506,236.78076,1593.1702,1.09,1567147715576
tap1,45,144,1362,247.77058,1417.2618,1.04,1567147716198
tap1,82,432,1650,578.4644,1710.1093,1.06,1567147716944
tap1,80,144,1650,225.79094,1709.1097,1.1999999,1567147717597
tap1,44,432,1362,533.50604,1453.243,1.22,1567147718210
tap1,57,720,66,806.2535,121.936485,1.17,1567147723426
tap1,26,432,354,528.5106,426.7777,1.03,1567147724294
tap1,58,720,354,801.2581,422.7798,0.94,1567147725009
tap1,25,432,66,502.5347,131.93129,0.87,1567147726336
tap1,64,720,1074,812.2479,1160.3956,0.88,1567147727061
tap1,44,432,1362,549.4912,1471.2336,0.91999996,1567147727796
tap1,38,432,1074,527.5116,1120.4164,0.98999995,1567147728429
tap1,67,720,1362,808.25165,1448.2457,0.97999996,1567147729062
tap1,9,288,786,410.6198,850.557,0.98999995,1567147729777
tap1,53,0,1074,138.87141,1124.4143,0.9,1567147730522
tap1,16,288,1074,397.63184,1195.3773,1.0,1567147731176
tap1,52,0,786,142.86772,874.5445,1.14,1567147731942
tap1,74,864,786,916.15173,930.5153,1.12,1567147732697
tap1,17,576,1074,700.3515,1151.4003,1.28,1567147733320
tap1,75,864,1074,973.099,1162.3945,1.16,1567147734014
tap1,7,576,786,706.346,888.5372,1.23,1567147734749
tap1,38,288,66,403.62628,160.91618,0.87,1567147735831
tap1,45,0,354,131.8779,412.785,0.96999997,1567147736679
tap1,44,0,66,102.90472,124.93493,0.77,1567147737771
tap1,39,288,354,403.62628,437.77197,0.95,1567147738537
tap1,14,288,1506,396.63275,1594.1697,0.89,1567147739170
tap1,47,0,1794,122.886215,1860.0311,0.84999996,1567147739936
tap1,46,0,1506,118.889915,1546.1947,0.83,1567147740640
tap1,10,288,1794,394.6346,1808.0582,0.78,1567147741293
tap1,22,864,210,959.11194,213.8886,0.97999996,1567147742437
tap1,86,576,498,690.3608,583.696,0.77,1567147743162
tap1,55,576,210,671.37836,274.85684,0.96,1567147743928
tap1,88,864,498,963.1082,555.7106,0.96999997,1567147744622
tap1,70,864,1362,973.099,1422.2592,1.03,1567147745275
tap1,8,576,1650,725.3284,1763.0817,1.03,1567147745888
tap1,13,576,1362,700.3515,1400.2706,1.01,1567147746511
tap1,71,864,1650,979.09344,1711.1088,0.93,1567147747215
tap1,78,576,1218,672.37744,1282.332,1.03,1567147747910
tap1,83,864,1506,973.099,1597.1681,0.88,1567147748614
tap1,21,864,1218,959.11194,1317.3138,1.12,1567147749309
tap1,85,576,1506,705.3469,1549.1931,1.1999999,1567147750003
tap1,19,576,66,698.3534,146.92348,0.78,1567147751115
tap1,77,864,354,975.09717,428.77667,0.85999995,1567147751912
tap1,76,576,354,695.35614,412.785,0.97999996,1567147752637
tap1,23,864,66,976.0962,143.92503,0.9,1567147753464
tap1,15,576,1362,695.35614,1431.2545,0.96999997,1567147754168
tap1,69,864,1074,965.1064,1202.3738,0.95,1567147754862
tap1,11,576,1074,672.37744,1161.395,0.95,1567147755506
tap1,68,864,1362,989.08417,1407.267,0.96,1567147756200
tap1,21,0,1218,117.89084,1251.3483,0.98999995,1567147757017
tap1,75,288,1506,430.6013,1579.1775,1.0699999,1567147757701
tap1,17,288,1218,393.63553,1273.3368,1.13,1567147758395
tap1,78,0,1506,167.84459,1607.1628,1.01,1567147759059
tap1,54,576,642,675.37463,777.595,0.68,1567147759814
tap1,22,864,930,953.1175,1015.47107,1.17,1567147760488
tap1,18,864,642,945.1249,696.63715,1.06,1567147761152
tap1,55,576,930,695.35614,977.49084,1.11,1567147761825
tap1,4,576,1794,717.3358,1840.0416,0.94,1567147762550
tap1,73,864,1506,959.11194,1592.1707,0.77,1567147763183
tap1,72,576,1506,674.3756,1513.2118,1.05,1567147763806
tap1,3,864,1794,977.0953,1844.0396,0.71,1567147764480
tap1,90,720,1362,828.2331,1364.2894,0.98999995,1567147765082
tap1,77,432,1650,604.4403,1666.1322,1.12,1567147765715
tap1,23,720,1650,842.22015,1736.0957,1.1999999,1567147766409
tap1,92,432,1362,520.51807,1419.2607,1.14,1567147767042
tap1,67,432,1074,590.4533,1150.4008,0.90999997,1567147767706
tap1,82,144,1362,250.7678,1405.2681,1.06,1567147768349
tap1,84,432,1362,541.4986,1445.2472,1.0799999,1567147769023
tap1,44,144,1074,277.74283,1162.3945,0.93,1567147769727
tap1,38,432,1506,529.5097,1574.18,1.01,1567147770442
tap1,45,144,1794,236.78076,1826.0488,0.88,1567147771126
tap1,44,432,1794,555.48566,1824.0499,0.75,1567147772024
tap1,39,144,1506,221.79463,1590.1718,1.0699999,1567147772729
tap1,42,432,1506,567.47455,1574.18,1.01,1567147773331
tap1,87,720,1794,804.2553,1831.0463,0.76,1567147774056
tap1,89,432,1794,531.5079,1831.0463,0.69,1567147774740
tap1,43,720,1506,822.23865,1616.1582,0.81,1567147775393
tap1,42,0,1362,90.91582,1401.2701,0.78,1567147776159
tap1,91,288,1650,384.64386,1723.1025,0.84,1567147776874
tap1,89,288,1362,400.62906,1422.2592,0.78,1567147777568
tap1,66,0,1650,116.89177,1737.0952,0.77,1567147778303
tap1,56,432,642,513.52454,727.62103,0.9,1567147779079
tap1,81,144,930,256.76227,1011.47314,0.81,1567147779855
tap1,20,432,930,551.4894,1001.4784,0.96,1567147780528
tap1,79,144,642,275.7447,716.6267,0.98999995,1567147781304
tap2,6,138,480,202.81221,510.73398,1.0,1567147804866
tap2,7,759,1101,791.26733,1167.392,0.66999996,1567147805686
tap2,8,138,1101,205.80943,1141.4055,0.74,1567147806513
tap2,9,759,480,818.2424,494.7423,1.09,1567147807248
tap2,164,0,687,110.897316,695.6377,1.09,1567147808198
tap2,183,621,1308,672.37744,1415.2628,1.06,1567147808902
tap2,182,0,1308,70.93432,1375.2837,0.9,1567147809627
tap2,163,621,687,643.40424,707.6314,1.2099999,1567147810342
tap2,242,345,66,355.6707,89.95315,1.22,1567147811219
tap2,243,552,1032,614.4311,1129.4117,0.89,1567147811924
tap2,244,345,1032,405.62442,1051.4524,0.87,1567147812649
tap2,245,552,66,677.3728,141.92607,1.13,1567147813792
tap2,42,69,411,111.89639,396.79333,1.1999999,1567147814538
tap2,43,690,1032,744.31085,1084.4352,0.83,1567147815314
tap2,45,690,411,762.2942,422.7798,1.0799999,1567147816059
tap2,44,69,1032,111.89639,1082.4362,0.93,1567147816917
tap2,322,345,756,388.64014,760.6038,0.9,1567147817662
tap2,321,483,1653,561.4801,1713.1077,0.79999995,1567147818458
tap2,316,345,1653,389.63922,1745.0911,0.65999997,1567147819203
tap2,323,483,756,551.4894,767.6002,0.89,1567147819918
tap2,2,138,549,177.83534,567.7043,0.97999996,1567147820797
tap2,3,759,1170,773.284,1224.3623,0.77,1567147821593
tap2,4,138,1170,187.82608,1245.3513,0.95,1567147822369
tap2,5,759,549,815.2451,573.7012,1.0799999,1567147823237
tap2,11,759,1032,810.24976,1105.4242,0.85999995,1567147823982
tap2,10,138,411,229.78723,448.76627,1.01,1567147824891
tap2,12,138,1032,163.8483,1064.4456,0.91999996,1567147825718
tap2,13,759,411,798.26086,478.75064,1.04,1567147826585
tap2,15,759,963,816.2442,1011.47314,0.91999996,1567147827331
tap2,14,138,342,202.81221,328.82874,0.96,1567147828341
tap2,17,759,342,845.2174,386.79852,1.0799999,1567147829209
tap2,16,138,963,180.83257,953.50336,0.97999996,1567147830026
tap2,122,207,66,304.71786,106.9443,0.72999996,1567147831323
tap2,123,828,687,869.1952,717.6262,1.01,1567147832109
tap2,124,207,687,232.78445,716.6267,0.96,1567147832926
tap2,125,828,66,904.16284,108.94325,0.83,1567147834610
tap2,135,621,1170,679.371,1260.3435,0.87,1567147835427
tap2,134,0,549,71.933395,606.684,0.82,1567147836356
tap2,136,0,1170,55.948196,1265.341,0.72999996,1567147837213
tap2,137,621,549,669.3802,613.68036,0.89,1567147838245
tap2,130,69,66,145.86494,121.936485,0.77,1567147840283
tap2,131,690,687,763.2933,754.60693,0.84999996,1567147841196
tap2,133,690,66,742.3127,102.94638,0.7,1567147842227
tap2,132,69,687,123.88529,754.60693,0.76,1567147843135
tap2,127,759,687,802.2572,808.57886,0.85999995,1567147844034
tap2,126,138,66,189.82423,163.91463,0.84999996,1567147845147
tap2,128,138,687,183.82979,722.6236,0.85999995,1567147846015
tap2,129,759,66,783.2748,108.94325,0.90999997,1567147847015
tap2,18,138,273,221.79463,333.8261,0.84,1567147847914
tap2,19,759,894,819.24146,938.51117,0.87,1567147848751
tap2,20,138,894,190.82332,964.4976,0.90999997,1567147849588
tap2,21,759,273,786.272,321.83237,0.90999997,1567147850476
tap2,35,828,1170,894.17206,1206.3717,0.81,1567147851405
tap2,34,207,549,229.78723,607.6835,0.95,1567147852253
tap2,36,207,1170,247.77058,1165.393,0.7,1567147853049
tap2,37,828,549,880.185,668.65173,0.82,1567147853958
tap2,26,138,135,198.81592,155.9188,0.91999996,1567147854979
tap2,27,759,756,811.24884,759.6044,0.83,1567147855858
tap2,28,138,756,171.84088,806.5799,0.84999996,1567147856725
tap2,29,759,135,764.2923,185.90317,0.94,1567147857665
tap2,43,690,1032,731.3229,1078.4382,0.79999995,1567147858604
tap2,42,69,411,155.85568,460.76,0.87,1567147859666
tap2,45,690,411,763.2933,455.7626,0.90999997,1567147860554
tap2,44,69,1032,112.89547,1068.4435,0.90999997,1567147861392
tap2,24,138,825,193.82054,853.5554,0.88,1567147862219
tap2,25,759,204,830.23126,231.87923,0.84999996,1567147863077
tap2,22,138,204,194.81961,243.87297,0.9,1567147863995
tap2,23,759,825,828.2331,848.55804,0.79999995,1567147864802
tap2,38,69,480,122.886215,536.72046,0.83,1567147865629
tap2,39,690,1101,715.33765,1128.4122,0.66999996,1567147866405
tap2,40,69,1101,110.897316,1101.4263,0.84,1567147867191
tap2,41,690,480,724.32935,503.7376,0.96,1567147868009
tap2,33,690,549,742.3127,601.6866,0.96999997,1567147868805
tap2,32,69,1170,96.91027,1181.3846,0.87,1567147869611
tap2,30,69,549,95.911194,584.69543,0.91999996,1567147870500
tap2,31,690,1170,746.30896,1239.3545,0.84999996,1567147871358
tap2,46,69,342,96.91027,417.7824,0.95,1567147872276
tap2,47,690,963,755.30066,997.48047,0.85999995,1567147873236
tap2,48,69,963,90.91582,918.5216,0.9,1567147874084
tap2,49,690,342,757.2988,314.83603,1.01,1567147874911
tap2,108,276,963,300.72156,1059.4481,0.84999996,1567147875687
tap2,231,897,1584,933.136,1652.1395,0.75,1567147876575
tap2,230,276,1584,338.6864,1717.1056,0.81,1567147877698
tap2,107,897,963,958.11285,966.4966,0.95,1567147878504
tap2,143,621,1032,652.39594,1106.4237,0.87,1567147879322
tap2,232,0,1653,97.90935,1631.1504,0.9,1567147880526
tap2,233,621,1653,668.3811,1679.1254,0.77,1567147881262
tap2,144,0,1032,86.91952,1038.4591,0.98999995,1567147883628
tap2,44,69,1032,134.87512,1066.4446,0.94,1567147884549
tap2,235,690,1653,705.3469,1659.1359,0.85999995,1567147885377
tap2,43,690,1032,730.3238,1035.4607,0.97999996,1567147886224
tap2,234,69,1653,174.83812,1712.1083,0.90999997,1567147887153
tap2,12,138,1032,249.76874,1025.4658,0.93,1567147888001
tap2,237,759,1653,810.24976,1679.1254,0.91999996,1567147888961
tap2,11,759,1032,830.23126,1042.457,1.0,1567147889757
tap2,236,138,1653,182.83072,1683.1233,1.04,1567147890686
tap2,238,207,1653,253.76503,1678.126,1.04,1567147891595
tap2,67,828,1032,852.21094,1037.4596,1.11,1567147892340
tap2,68,207,1032,281.73914,1067.444,0.88,1567147893239
tap2,239,828,1653,838.2239,1675.1274,0.85999995,1567147894086
tap2,104,276,1032,382.6457,1079.4377,1.2099999,1567147894923
tap2,241,897,1653,948.12213,1628.152,0.91999996,1567147895781
tap2,240,276,1653,342.6827,1724.1019,1.03,1567147896598
tap2,103,897,1032,948.12213,1100.4269,1.04,1567147897405
tap2,50,69,273,186.82701,264.86203,1.05,1567147898354
tap2,51,690,894,702.3497,942.5091,1.0799999,1567147899181
tap2,52,69,894,149.86124,942.5091,1.1,1567147900080
tap2,53,690,273,747.30804,276.8558,1.2099999,1567147901070
tap2,55,690,825,739.3154,857.55334,1.06,1567147901887
tap2,54,69,204,121.887146,214.88808,1.2099999,1567147902867
tap2,56,69,825,118.889915,818.57367,1.11,1567147903714
tap2,57,690,204,737.3173,274.85684,1.16,1567147904664
tap2,59,690,756,750.3053,722.6236,0.93,1567147905471
tap2,58,69,135,152.85846,202.89432,0.96999997,1567147906461
tap2,61,690,135,739.3154,144.92451,1.04,1567147907308
tap2,60,69,756,100.90657,793.5867,0.97999996,1567147908197
tap2,62,207,480,235.78168,481.74908,1.02,1567147909034
tap2,63,828,1101,859.20447,1208.3706,1.11,1567147909963
tap2,64,207,1101,237.77983,1116.4185,0.98999995,1567147910759
tap2,65,828,480,812.2479,542.71735,1.0699999,1567147911597
tap2,290,345,480,408.62164,515.7314,1.01,1567147912414
tap2,291,552,1446,619.42645,1469.2347,0.84999996,1567147913200
tap2,293,552,480,584.45886,493.74283,1.06,1567147914027
tap2,292,345,1446,371.65588,1535.2004,0.88,1567147914772
tap2,141,621,480,703.34875,513.7324,1.0,1567147915599
tap2,295,414,1446,407.62256,1533.2014,0.98999995,1567147916437
tap2,294,414,480,497.5393,511.73346,1.11,1567147917376
tap2,203,621,1446,687.3635,1479.2295,0.93,1567147918264
tap2,297,483,1446,517.5208,1498.2196,1.0,1567147919061
tap2,41,690,480,751.3043,490.7444,1.13,1567147919980
tap2,296,483,480,509.52823,500.7392,1.01,1567147920929
tap2,205,690,1446,744.31085,1494.2217,0.84,1567147921777
tap2,319,414,1653,450.5828,1724.1019,0.87,1567147922573
tap2,325,552,756,577.46533,796.5851,1.01,1567147923390
tap2,324,414,756,463.57077,790.5882,1.02,1567147924268
tap2,315,552,1653,634.4126,1713.1077,0.59,1567147925065
tap2,298,345,549,378.6494,540.7184,1.09,1567147926014
tap2,299,552,1515,580.4625,1541.1973,0.96,1567147926831
tap2,301,552,549,593.4505,540.7184,1.0699999,1567147927638
tap2,300,345,1515,421.60962,1598.1676,0.72999996,1567147928424
tap2,326,345,825,381.64664,828.5684,0.95,1567147929272
tap2,256,483,135,541.4986,147.92296,1.1999999,1567147930231
tap2,250,345,135,391.6374,150.92139,1.13,1567147931120
tap2,327,483,825,513.52454,846.5591,0.94,1567147931968
tap2,67,828,1032,849.2137,1064.4456,1.06,1567147932835
tap2,66,207,411,253.76503,471.75427,1.0699999,1567147933775
tap2,68,207,1032,268.75116,1058.4487,0.96999997,1567147934622
tap2,69,828,411,894.17206,455.7626,1.0699999,1567147935582
tap2,72,207,963,270.7493,1019.469,1.03,1567147936471
tap2,73,828,342,851.21185,383.8001,1.1,1567147937410
tap2,70,207,342,299.72247,367.8084,1.1,1567147938299
tap2,71,828,963,846.2165,984.48724,0.97999996,1567147939115
tap2,76,207,894,221.79463,924.51843,1.05,1567147939953
tap2,77,828,273,880.185,314.83603,1.09,1567147940913
tap2,74,207,273,275.7447,307.83966,1.01,1567147941801
tap2,75,828,894,894.17206,917.5221,0.83,1567147942587
tap2,80,207,825,205.80943,849.5575,0.95,1567147943435
tap2,81,828,204,894.17206,244.87245,1.09,1567147944242
tap2,78,207,204,215.80019,223.88339,1.0699999,1567147945151
tap2,79,828,825,905.16187,818.57367,0.91999996,1567147946019
tap2,84,207,756,211.8039,770.59863,1.03,1567147946856
tap2,85,828,135,882.18317,110.942215,1.0799999,1567147947826
tap2,82,207,135,262.7567,207.89172,1.03,1567147948715
tap2,83,828,756,915.15265,756.6059,0.97999996,1567147949511
tap2,89,621,618,627.41907,579.69806,1.04,1567147950287
tap2,88,0,1239,77.92784,1237.3555,0.98999995,1567147951124
tap2,87,621,1239,645.4024,1292.3269,1.06,1567147951931
tap2,86,0,618,48.954674,611.6814,0.82,1567147952830
tap2,305,483,1515,635.4117,1614.1593,0.5,1567147953259
tap2,33,690,549,564.47736,1563.1858,0.90999997,1567147953637
tap2,304,483,549,506.531,621.6762,1.14,1567147954443
tap2,215,690,1515,721.3321,1546.1947,0.88,1567147955281
tap2,309,552,618,623.4227,548.7142,0.9,1567147956067
tap2,308,345,1584,409.62073,1658.1364,0.93,1567147956925
tap2,307,552,1584,566.47546,1684.1228,1.09,1567147957619
tap2,306,345,618,405.62442,644.66425,1.12,1567147958446
tap2,258,345,204,426.605,212.88911,1.12,1567147959325
tap2,331,483,894,584.45886,925.51794,1.0799999,1567147960142
tap2,330,345,894,377.65033,955.5023,1.0699999,1567147960938
tap2,264,483,204,505.53192,245.87193,1.18,1567147961796
tap2,223,621,1584,724.32935,1546.1947,0.96,1567147962542
tap2,310,414,618,475.55966,614.6798,1.14,1567147963338
tap2,89,621,618,657.3913,682.6444,1.11,1567147964176
tap2,311,414,1584,482.5532,1551.192,0.97999996,1567147964911
tap2,261,552,204,599.44495,238.87558,1.09,1567147965810
tap2,322,345,756,408.62164,776.5955,1.0,1567147966647
tap2,262,414,204,449.5837,188.90161,1.15,1567147967576
tap2,333,552,894,587.45605,917.5221,0.97999996,1567147968383
tap2,312,483,618,514.5236,593.6908,1.09,1567147969170
tap2,225,690,1584,710.3423,1641.1451,0.91999996,1567147969967
tap2,93,690,618,717.3358,595.68976,1.1,1567147970743
tap2,313,483,1584,543.49677,1637.1473,1.02,1567147971560
tap2,91,690,1239,749.3062,1308.3186,1.04,1567147972285
tap2,90,69,618,160.85106,621.6762,1.16,1567147973112
tap2,93,690,618,750.3053,690.64026,1.09,1567147973919
tap2,92,69,1239,123.88529,1264.3414,1.02,1567147974777
tap2,108,276,963,314.70862,980.4893,1.09,1567147975614
tap2,109,897,342,929.1397,378.8027,1.0,1567147976492
tap2,106,276,342,340.68454,372.80582,1.0799999,1567147977351
tap2,107,897,963,954.1166,1033.4617,1.0,1567147978208
tap2,100,276,1101,306.716,1135.4086,0.98999995,1567147979056
tap2,101,897,480,933.136,514.7319,1.11,1567147980098
tap2,99,897,1101,973.099,1164.3936,0.84,1567147980945
tap2,98,276,480,325.69843,508.73502,1.05,1567147981854
tap2,105,897,411,911.1564,385.79904,1.0799999,1567147982753
tap2,104,276,1032,301.72064,1040.4581,1.02,1567147983631
tap2,102,276,411,328.69565,428.77667,1.06,1567147984550
tap2,103,897,1032,950.12024,1032.4623,0.90999997,1567147985367
tap2,97,897,549,898.1684,627.6731,1.0,1567147986194
tap2,96,276,1170,327.6966,1204.3727,0.97999996,1567147986960
tap2,94,276,549,345.67993,545.71576,1.0,1567147987726
tap2,95,897,1170,934.1351,1166.3925,0.9,1567147988543
tap2,111,897,894,940.1295,953.50336,1.06,1567147989431
tap2,110,276,273,308.71414,251.8688,1.0799999,1567147990218
tap2,112,276,894,301.72064,927.5169,1.09,1567147991086
tap2,113,897,273,916.15173,314.83603,1.1,1567147991944
tap2,116,276,825,295.7262,893.5346,0.97999996,1567147992751
tap2,117,897,204,911.1564,208.8912,1.15,1567147993619
tap2,114,276,204,321.70212,196.89745,1.0799999,1567147994548
tap2,115,897,825,965.1064,839.5627,1.0,1567147995508
tap2,119,897,756,944.1258,778.5945,0.98999995,1567147996295
tap2,118,276,135,322.7012,190.90057,1.17,1567147997204
tap2,121,897,135,982.09064,92.951584,1.1999999,1567147997959
tap2,120,276,756,348.67715,812.5768,0.93,1567147998746
tap2,152,0,894,109.89824,921.52,1.01,1567147999624
tap2,213,621,1515,696.3552,1504.2166,0.96999997,1567148000380
tap2,212,0,1515,92.91397,1528.204,0.90999997,1567148001258
tap2,151,621,894,681.3691,937.5117,1.09,1567148002055
tap2,56,69,825,120.88807,812.5768,1.0699999,1567148002851
tap2,205,690,1446,726.32745,1548.1936,1.03,1567148003628
tap2,204,69,1446,109.89824,1446.2467,1.0,1567148004414
tap2,55,690,825,694.35706,884.5393,1.0799999,1567148005201
tap2,24,138,825,199.81499,828.5684,0.98999995,1567148006028
tap2,207,759,1446,847.2156,1445.2472,0.98999995,1567148006917
tap2,206,138,1446,252.76596,1452.2435,1.0,1567148007744
tap2,23,759,825,838.2239,778.5945,1.05,1567148008428
tap2,80,207,825,264.75485,875.54395,1.09,1567148009194
tap2,209,828,1446,912.1554,1488.2249,0.84999996,1567148010083
tap2,208,207,1446,239.77798,1508.2145,0.98999995,1567148010808
tap2,79,828,825,922.1462,784.5914,1.0799999,1567148011564
tap2,115,897,825,920.148,867.54816,1.13,1567148012432
tap2,210,276,1446,348.67715,1448.2457,1.05,1567148013198
tap2,116,276,825,334.6901,816.5747,1.1,1567148014025
tap2,211,897,1446,926.14246,1504.2166,0.98999995,1567148014853
tap2,203,621,1446,658.3904,1514.2113,1.02,1567148015690
tap2,156,0,825,52.950974,794.5861,0.89,1567148016548
tap2,202,0,1446,110.897316,1495.2212,1.0699999,1567148017457
tap2,155,621,825,659.38947,873.545,1.15,1567148018284
tap2,52,69,894,127.88159,901.53046,1.0,1567148019152
tap2,215,690,1515,778.27936,1561.1869,0.95,1567148019990
tap2,51,690,894,705.3469,1018.46954,1.11,1567148020746
tap2,214,69,1515,145.86494,1514.2113,0.9,1567148021501
tap2,216,138,1515,218.79741,1523.2067,0.96,1567148022329
tap2,19,759,894,814.2461,891.53564,0.94,1567148023167
tap2,217,759,1515,809.2507,1575.1796,0.84,1567148023953
tap2,20,138,894,194.81961,939.5106,1.11,1567148024739
tap2,141,621,480,718.3349,519.7293,1.01,1567148025475
tap2,140,0,1101,71.933395,1132.4102,0.91999996,1567148026353
tap2,138,0,480,93.91304,514.7319,1.03,1567148027211
tap2,139,621,1101,1009.0657,881.54083,0.32,1567148027568
tap2,142,0,411,653.395,1129.4117,0.84,1567148027956
tap2,143,621,1032,621.4246,1111.4211,1.0,1567148028804
tap2,144,0,1032,82.92322,1010.4737,1.01,1567148029672
tap2,145,621,411,638.4089,399.79178,1.09,1567148030551
tap2,148,0,963,121.887146,922.5195,0.96,1567148031480
tap2,149,621,342,662.38666,340.82248,1.05,1567148032379
tap2,147,621,963,713.3395,953.50336,0.83,1567148033135
tap2,146,0,342,61.942646,286.8506,0.94,1567148034442
tap2,153,621,273,686.3645,288.84955,1.1999999,1567148035280
tap2,152,0,894,55.948196,864.5497,0.85999995,1567148036117
tap2,150,0,273,72.93247,263.86258,1.04,1567148037057
drag1,2,326.6975,578.6162,1.24,3545.837231,71.85804599468138
drag1,2,388.64014,622.67566,1.53,2780.020923,58.002551981987686
drag1,3,692.35895,914.5237,1.11,4182.681231,65.1159994428033
drag1,4,688.4636,602.28186,1.03,3922.664539,74.21582802055028
drag1,5,399.62997,909.52625,0.85999995,3497.2200009999997,71.21541883505853
drag1,9,383.64478,813.57623,0.84,2871.780077,72.95164255931148
drag1,17,655.3932,1057.4492,0.94,3371.262308,61.551255233207264
drag1,16,427.60406,1055.4503,0.9,2545.357923,65.10320701765734
drag1,7,678.3719,737.6158,1.26,4884.714385,67.81814536822867
drag1,4,684.36633,640.6663,1.1,3142.9324619999998,67.89803693854236
drag1,10,387.95636,320.2021,0.97999996,4358.3374619999995,70.4478974585157
drag1,2,373.7701,608.56683,0.9,1951.233923,61.876801399003575
drag1,11,670.3793,350.81726,1.2099999,2829.051,66.15572084448719
drag1,4,702.678,622.67566,1.2099999,3641.964923,65.20123430342845
drag1,18,401.1286,1196.8766,1.1999999,2910.792231,71.78446652359791
drag1,2,382.6457,645.6637,1.18,2923.787847,71.66577149022291
drag1,19,666.3859,1226.3612,1.06,3889.59177,61.357944224622095
drag1,13,702.4478,195.89796,1.0799999,4112.724077,73.43473782691568
drag1,6,405.62442,509.7345,1.2099999,4162.958154,65.13256448233452
drag1,12,402.63083,216.88704,1.1,2808.5540779999997,67.00198780840823
drag1,8,688.3626,498.74023,0.83,2339.8962309999997,66.98064515632372
drag1,19,667.3821,1217.366,0.97999996,2671.312615,65.3718150546692
drag1,22,399.47855,1522.2072,1.09,3912.686847,69.13971385970362
drag1,18,416.61426,1225.3618,0.83,1931.484847,64.31704184505253
drag1,23,688.3626,1473.193,1.13,2829.6084619999997,68.175359390126
drag1,14,397.63184,78.95887,1.1999999,2729.4096919999997,78.29965179814178
drag1,11,657.3913,327.82925,1.42,3570.449462,63.15787271525335
drag1,10,430.10175,384.79956,1.26,2055.418231,60.96768050579212
drag1,15,674.3756,69.96356,1.18,3023.832923,64.81418047853083
drag1,17,675.37463,1084.5402,0.93,2707.220077,60.68470159860118
drag1,20,411.61887,1365.2888,1.05,2941.667846,62.11570358651658
drag1,21,659.48724,1365.3866,0.88,2084.210231,64.16410564048188
drag1,16,417.6133,1076.4393,1.0,2861.858077,66.94951774418253
drag1,24,246.77151,80.95783,1.42,2860.090308,60.7542075146359
drag1,26,512.52545,323.83133,1.04,4663.091692,72.18342963846354
drag1,27,264.75485,357.81363,1.0699999,2515.144,72.96611020117417
drag1,25,513.52454,59.968765,1.11,3534.3071539999996,64.85941538487864
drag1,66,819.24146,1499.2903,0.96,2666.598077,63.65777647944449
drag1,41,553.4875,1264.3414,1.01,3447.667846,62.92703329929074
drag1,42,563.4783,1476.2311,0.88,1687.248077,63.31268513034385
drag1,65,849.2137,1236.3561,0.96999997,2372.223154,66.98149250184971
drag1,36,292.72894,779.59393,0.98999995,3479.86723,62.08779396790729
drag1,38,509.52823,1091.4315,1.38,2411.84877,57.162817976408185
drag1,39,267.75208,1116.4185,0.84,2100.5814609999998,68.9970424025412
drag1,37,529.5097,825.43945,1.11,2748.140539,68.9502013154139
drag1,16,403.62628,1074.4404,1.0,1869.527693,62.14712859743903
drag1,56,108.89917,1367.2878,0.96,2420.841,68.11687515634318
drag1,20,390.6383,1339.3024,1.0799999,2411.139308,70.7130834764188
drag1,53,128.88066,1134.4092,0.77,2145.271692,69.50125824579875
drag1,59,852.21094,241.71461,1.39,2660.240385,60.40399474009623
drag1,30,577.46533,485.747,1.28,2630.148846,69.49201925621472
drag1,29,543.49677,266.861,1.13,1921.7889229999998,66.81729157298815
drag1,60,782.2757,480.3655,1.3,2448.053769,70.55097928800078
drag1,33,570.51385,661.6554,0.93,2400.683846,67.08239545977615
drag1,62,808.25165,900.4012,1.63,2566.159231,70.32001296727518
drag1,61,825.2359,645.6637,1.1,2864.48577,63.94410537347601
drag1,34,738.3164,929.51587,0.9,1868.515307,176.0660976261066
drag1,6,397.63184,558.709,0.96999997,3410.7676159999996,66.74480049674575
drag1,48,91.914894,231.87923,0.72999996,2358.6747689999997,65.8283375851245
drag1,12,372.65494,208.8912,1.49,1757.5146149999998,50.911472386248874
drag1,49,99.90749,512.7329,1.3199999,2752.643231,65.16468346434087
drag1,51,94.91212,864.5497,1.39,3027.662538,75.84673689475589
drag1,2,400.62903,635.1691,1.49,2801.275077,69.32302434345681
drag1,5,390.6383,858.0531,1.5699999,1901.0925379999999,79.76716672853902
drag1,50,92.91397,649.0537,1.3,2960.563847,64.45511398000596
drag1,37,530.5088,777.595,1.4699999,2967.202923,76.11993145198474
drag1,64,831.23035,1067.444,1.63,3028.3615379999997,66.14408366991809
drag1,38,571.4709,1066.4446,1.12,2206.814615,62.19121269008225
drag1,63,866.198,770.59863,0.95,3004.277769,79.18516840706819
drag1,29,529.85736,266.861,1.75,2908.1349999999998,59.67891601091963
drag1,31,261.75763,542.71735,1.3299999,3667.608308,57.182340884516314
drag1,28,245.77243,214.57161,1.53,2979.1219229999997,68.39045738861421
drag1,30,546.494,474.253,1.52,2559.018769,75.73255650002315
drag1,42,519.519,1470.2343,1.3299999,2856.584924,69.49401870950138
drag1,40,272.9423,1214.5623,1.24,3124.498154,58.88001253465919
drag1,41,516.5217,1271.3378,1.4699999,2323.919846,57.03231119621959
drag1,43,256.76227,1507.215,1.2099999,2564.406923,63.171398120145646
drag1,45,242.7752,1390.2759,0.79999995,1748.0459999999998,65.2662099423294
drag1,82,551.4894,1607.1628,1.23,2333.904693,64.12870409129764
drag1,80,283.73727,1640.1458,1.3299999,1583.899615,65.97719007276733
drag1,44,546.494,1449.2451,1.1899999,1145.515846,14.844659115689732
drag1,57,853.21,65.46591,1.49,5238.84877,62.379372777867346
drag1,26,524.51434,393.7949,1.28,2814.190001,65.11458934012597
drag1,58,813.247,309.83862,1.4499999,2964.6327699999997,94.00771731680764
drag1,25,508.52914,108.94325,1.31,2981.271385,73.2357248183891
drag1,64,761.20624,1097.3395,1.11,3556.2140769999996,64.1275138246639
drag1,44,525.5134,1372.2853,0.87,2502.9106159999997,71.2390880536938
drag1,38,531.5079,1109.4221,1.02,2183.486769,73.922598066671
drag1,67,833.39795,1356.2936,1.66,4270.734769,64.13015756561414
drag1,9,407.12305,831.5669,1.0799999,2750.8546149999997,66.69773794909717
drag1,53,103.90379,1056.4497,1.41,2978.8856929999997,65.13973519559981
drag1,16,393.63553,1131.4106,1.63,1697.0449999999998,29.113341765214177
drag1,52,106.90102,833.56586,1.42,2584.630308,71.18703101104451
drag1,74,980.0925,802.582,1.39,2504.731461,67.02458786758116
drag1,17,682.36816,1090.432,1.74,4193.815308,62.17834315366686
drag1,75,944.1258,1094.4299,1.01,2055.890924,62.96627381229775
drag1,7,675.37463,790.36615,1.26,2903.115539,61.043287424747334
drag1,70,986.087,194.89848,1.91,4239.732,73.78285252867927
drag1,8,663.38574,514.7319,1.35,3557.8694619999997,70.27727407340461
drag1,13,673.3765,238.87558,1.54,2967.209308,64.31847806606795
drag1,71,978.09436,463.75845,1.16,2946.910462,69.1666126660373
drag1,78,905.16187,1395.2733,0.81,2411.0023069999997,61.711694432572656
drag1,83,661.38763,1678.126,0.75,2288.702077,72.30166907831682
drag1,21,703.34875,1393.2743,1.18,2803.26977,56.85905492015835
drag1,85,963.1082,1648.1416,1.39,2763.669846,73.23145595983821
drag1,19,718.3349,1236.3561,1.1999999,3009.8487689999997,59.76134941627261
drag1,77,974.0981,1480.229,1.12,2352.0902309999997,61.29787182164527
drag1,76,1002.07214,1235.3566,1.12,3593.3933079999997,63.81469737070303
drag1,23,646.4015,1461.2389,1.7199999,3303.865154,65.11565732791394
drag1,15,676.3737,114.94013,1.73,2850.646539,71.21282196044922
drag1,69,948.22046,326.82977,1.66,3008.366461,61.123813107666166
drag1,11,708.3441,395.79385,1.52,1890.1760769999999,56.13084310688473
drag1,68,974.0981,85.95523,1.51,2740.380615,59.00425515679394
drag1,21,679.0635,1345.2993,1.36,3208.205923,62.92841820082017
drag1,75,977.0953,1098.4279,1.3,2466.29177,62.81987137468236
drag1,17,694.35706,1091.4315,1.55,2166.275154,46.544166683671776
drag1,78,927.14154,1351.2961,1.3299999,2085.408077,72.29331926723181
drag1,54,111.89639,1210.3696,1.17,2674.7729999999997,70.94801535177434
drag1,22,393.63553,1471.2336,1.48,2496.5972309999997,67.12118635275012
drag1,18,416.61426,1280.3331,1.28,2294.914308,61.85113260628828
drag1,55,126.882515,1519.2087,1.06,2937.150231,66.97726494688995
drag1,67,810.64624,1390.2759,1.26,2525.386308,71.25966210074823
drag1,82,520.51807,1650.1405,1.56,3568.902616,62.43420637038774
drag1,84,795.2637,1668.1311,1.35,2315.528,70.1220504717151
drag1,44,538.5014,1416.2623,1.51,2668.503846,56.07078233843325
drag1,38,527.5116,1150.4008,1.22,1734.97723,59.22799831394041
drag1,45,247.77058,1377.2826,1.41,3180.26177,54.421135261425405
drag1,44,505.53192,1400.2706,1.15,2558.975924,62.97437648829513
drag1,39,254.76411,1116.4185,1.17,2717.296308,56.84528741281717
drag1,56,107.90009,1373.2847,0.84,2023.264923,61.27230864938653
drag1,81,385.6429,1676.127,1.3299999,2290.1374619999997,56.12294622094126
drag1,20,413.61703,1376.2832,0.83,2268.855923,62.82044512762945
drag1,79,113.11845,1638.5929,1.0,2988.471616,66.99277445649363
drag1,33,511.52637,680.6455,1.3199999,3295.2871539999996,75.62785675637197
drag1,35,270.7493,890.53613,1.25,3197.901,63.181658302899756
drag1,34,557.4838,937.5117,1.7099999,3085.7520769999996,56.31918258267925
drag1,32,259.7595,701.6345,1.1999999,2329.4786919999997,59.81816494962241
drag1,9,383.64478,728.6205,1.03,2405.979462,66.07189060445751
drag1,8,707.34503,551.2129,0.98999995,2155.9922309999997,70.47256203776703
drag1,6,416.61426,513.7324,0.94,2142.116461,55.98783802695933
drag1,7,643.40424,766.6007,1.18,2061.804154,71.84363360621617
drag1,14,416.61426,114.94013,1.1,2229.670693,80.58953625155615
drag1,47,1045.0323,918.8104,0.85999995,2299.247,1040.3799842929566
drag1,46,82.92322,74.96095,1.29,3048.203615,59.60813349783235
drag1,10,379.64847,366.80893,1.48,3045.4515389999997,68.16614103368572
drag1,4,710.3423,638.66736,1.4699999,2455.052307,61.26809058278638
drag1,73,977.0953,958.00104,1.56,2156.485385,48.09523939228633
drag1,72,978.09436,657.51385,1.6899999,2412.729462,51.96671267248261
drag1,3,714.33856,915.52313,1.64,3036.086616,64.1922839424266
scale1,27,9.402271,1757.3863079999999
scale1,46,-14.655041,2351.903231
scale1,26,-7.4634933,2267.016231
scale1,4,-4.796236,2708.5153069999997
scale1,43,-11.916372,2394.457461
scale1,25,-17.029118,2882.7125379999998
scale1,42,1.5066376,1880.175231
scale1,23,-10.104864,2841.768538
scale1,5,-7.7030125,4127.310692999999
scale1,24,-11.538013,4213.236154
scale1,19,-5.200447,4169.640154
scale1,2,-21.660542,3433.730616
scale1,44,-7.80031,2895.182385
scale1,65,-10.042568,2586.124154
scale1,45,-8.355549,1708.352692
scale1,28,-13.9267845,2158.845692
scale1,13,-19.068369,3391.133308
scale1,56,-15.916409,3595.203385
scale1,40,-14.270485,2631.4708459999997
scale1,41,1.2939148,2738.848539
scale1,6,-9.042006,3005.5274609999997
scale1,51,7.033001,1329.0967699999999
scale1,36,-26.31938,3314.703924
scale1,21,-14.397892,2777.190846
scale1,8,-24.330906,2565.9783079999997
scale1,57,-11.856428,4087.587385
scale1,39,-9.567461,2782.787
scale1,9,-17.306625,1799.1596929999998
scale1,58,-6.3307686,2659.277769
scale1,47,-14.240135,1861.230846
scale1,1,-19.273693,3527.586538
scale1,35,-2.0546494,1606.9675379999999
scale1,3,-19.92726,2966.8306159999997
scale1,17,-18.26338,2564.4805389999997
scale1,53,-20.796707,1890.2815389999998
scale1,34,-16.802216,3003.839461
scale1,18,-7.77384,1390.999077
scale1,50,-10.659039,1575.728461
scale1,62,-3.6005802,1208.002231
scale1,66,-19.648722,2315.4544619999997
scale1,20,-13.920502,3596.091077
scale1,37,-9.9119,4229.857769
scale1,32,-9.413137,2032.261
scale1,31,-14.678541,2681.528539
scale1,49,-14.09436,4048.174154
scale1,7,-3.435236,4384.584924
scale1,15,-15.812622,2341.480692
scale1,10,-4.335308,2371.800538
scale1,60,1.72015,2197.311308
scale1,63,-2.288332,2308.770231
scale1,59,57.06134,1087.98
scale1,55,-9.667557,2205.294846
scale1,14,-10.951017,2260.774077
scale1,12,-27.842377,2189.337615
scale1,54,-15.154318,6082.130693
scale1,52,12.053032,1023.4510769999999
scale1,48,-7.188526,2871.9308459999997
scale1,30,-14.740854,1952.5912309999999
scale1,16,-23.25186,2280.828692
scale1,11,-3.5763931,3681.480231
scale1,61,-14.798395,2593.5841539999997
scale1,38,-10.99843,2941.901384
scale1,29,-7.4726944,2025.55223
scale1,64,8.988533,1134.812154
scale1,22,-5.949114,2745.840846
scale1,33,-16.82024,2385.939077
scale2,25,12.919012,2536.41923
scale2,9,-0.689661,3486.319384
scale2,28,1.2391491,7426.3282309999995
scale2,10,-462.6627,2180.576615
scale2,29,-18.827173,5077.0321539999995
scale2,12,-8.662336,4874.008615
scale2,30,-8.255161,3191.5185389999997
scale2,13,-107.32745,12455.138078
scale2,32,-1.9768353,3942.7000009999997
scale2,15,-10.066584,5475.19477
scale2,34,-26.714687,5906.3436919999995
scale2,17,-294.16718,1522.9134609999999
scale2,1,-305.1875,681.232
scale2,20,-442.92572,376.145923
scale2,3,-438.67456,1021.44923
scale2,25,-467.481,1184.183923
scale2,25,-17.00952,2951.004924
scale2,9,-8.056829,2616.79677
scale2,28,-5.97167,2485.996001
scale2,10,28.780272,1684.895846
scale2,29,0.17516899,2904.9472299999998
scale2,12,-20.611279,1819.295384
scale2,30,-19.111673,3198.464154
scale2,13,6.2756824,2645.176923
scale2,32,-8.12594,3258.843308
scale2,15,4.484968,2321.8620769999998
scale2,34,-3.1316414,1817.032923
scale2,17,-2.2319412,3157.4301539999997
scale2,1,-58.100967,5447.002923
scale2,20,-457.82587,2156.218769
scale2,3,-27.983042,4220.460539
scale2,24,22.265596,1541.2383849999999
scale2,16,3.357605,1440.912615
scale2,2,-25.696278,3272.5486929999997
scale2,23,-4.8120174,1524.176616
scale2,7,-31.819702,2616.22277
scale2,11,-17.473595,2737.375538
scale2,14,-11.337896,2270.634846
scale2,26,-4.3289967,1698.425769
scale2,35,-19.753624,2530.957924
scale2,21,-4.9244328,2372.717385
scale2,22,131.7921,1500.548307
scale2,27,3.2653313,2976.2393079999997
scale2,36,-5.8659267,2505.7183849999997
scale2,31,-10.595993,2441.536231
scale2,19,-12.555834,2391.672923
scale2,4,8.569811,3719.862769
scale2,8,-5.285471,1852.9778469999999
scale2,5,9.942335,2308.321923
scale2,33,-23.31768,3201.619384
scale2,18,-16.628654,2249.168847
scale2,6,-9.735758,2931.2876929999998
