scale1,27,29.266788,999.8669229999999
scale1,46,-16.169832,1336.901154
scale1,26,34.477913,919.781616
scale1,4,32.75965,909.506538
scale1,43,-18.921564,1387.941846
scale1,25,-19.806873,1021.546308
scale1,42,-38.15071,1307.2723079999998
scale1,23,-8.819721,1061.611923
scale1,5,-53.830914,1031.28223
scale1,24,-9.040443,1225.1960769999998
scale1,19,-21.162294,1134.139923
scale1,2,-7.8065243,867.750923
scale1,44,23.286072,987.5986919999999
scale1,65,-49.636795,1140.202077
scale1,45,-1.1659927,1135.684384
scale1,28,12.115997,919.033461
scale1,13,-14.7434635,967.1667689999999
scale1,56,-28.99589,1038.417846
scale1,40,-14.519342,956.508615
scale1,41,-4.8533306,1007.443308
scale1,6,-52.585358,1021.757077
scale1,51,-40.968258,1068.955769
scale1,36,-47.449318,1324.071461
scale1,21,32.146133,1092.996307
scale1,8,13.496807,815.998693
scale1,57,46.383694,845.471539
scale1,39,44.98462,793.3935389999999
scale1,9,-21.519127,946.712693
scale1,58,25.86168,1129.8809999999999
scale1,47,25.86168,89.692077
scale1,1,-28.167194,651.4119999999999
scale1,35,12.831722,1099.459462
scale1,3,-11.10759,901.243308
scale1,17,-22.602911,997.6237689999999
scale1,53,3.9801064,922.209308
scale1,34,9.030247,915.865539
scale1,18,-12.490288,917.654231
scale1,50,20.967133,773.1941539999999
scale1,62,-27.09371,1017.936154
scale1,66,-10.34289,938.199847
scale1,20,-13.496653,723.906846
scale1,37,-6.476406,732.2574609999999
scale1,32,-34.846024,1101.589616
scale1,31,22.400505,1083.314308
scale1,49,-5.996853,809.903
scale1,7,-2.0430622,1093.283846
scale1,15,18.925838,848.0657699999999
scale1,10,-2.9720592,854.948846
scale1,60,54.305283,865.156539
scale1,63,28.304317,858.768924
scale1,59,-1.7717171,856.7287699999999
scale1,55,-33.73326,856.3191539999999
scale1,14,-22.39733,875.457308
scale1,12,10.150028,732.2516919999999
scale1,54,-3.304224,885.103308
scale1,52,-0.11200905,837.079846
scale1,48,6.68367,703.377846
scale1,30,25.168201,874.9745379999999
scale1,16,13.58923,805.6527689999999
scale1,11,40.675953,724.076769
scale1,61,33.785877,711.7596149999999
scale1,38,-9.002283,1140.632769
scale1,29,-12.978029,938.865692
scale1,64,-26.42962,1099.390923
scale1,22,-6.8086567,888.899
scale1,33,-23.955843,1079.309385
scale2,25,-16.800425,3103.951923
scale2,9,-26.853727,3237.278231
scale2,28,-34.062847,12697.624001
scale2,10,0.39364243,5255.1976159999995
scale2,29,-460.21057,3092.2188459999998
scale2,12,65.41904,3481.783539
scale2,30,-11.59445,2992.545462
scale2,13,-20.632301,2644.085462
scale2,32,42.656765,1929.0035389999998
scale2,15,-32.1713,2102.832461
scale2,34,20.047062,4409.841845999999
scale2,17,32.393612,2329.320077
scale2,1,-25.5804,2186.3629229999997
scale2,20,22.465628,1826.319616
scale2,3,-465.0412,9209.909077999999
scale2,24,-243.21378,6210.376693
scale2,16,-243.21378,303.78815399999996
scale2,2,-442.2479,874.9594619999999
scale2,25,13.076305,2593.577385
scale2,9,-28.312168,3705.2918459999996
scale2,28,-24.966963,2959.721078
scale2,10,-28.051271,3934.474769
scale2,29,-0.32106972,2502.8107689999997
scale2,12,-13.965998,5195.000384999999
scale2,30,-30.820301,3767.581539
scale2,13,-13.044897,2623.7926159999997
scale2,32,15.9750595,2242.204461
scale2,15,16.098804,4747.048769999999
scale2,34,-462.20255,4372.259693
scale2,17,79.40285,2073.0513849999998
scale2,1,-43.804962,1909.8412309999999
scale2,20,-11.599989,2817.7626929999997
scale2,3,-21.689106,3502.184461
scale2,24,3.966196,3061.4880009999997
scale2,16,-10.565718,4421.211155
scale2,2,-15.359608,2277.723692
scale2,23,-4.56522,2227.818769
scale2,7,16.9355,3972.9465379999997
scale2,11,-29.948547,3297.964539
scale2,14,-18.974773,2746.886693
scale2,26,9.997095,2205.9036149999997
scale2,35,11.631586,3143.544384
scale2,21,-0.034618378,3116.248846
scale2,22,-11.3191395,2136.180154
scale2,27,8.312124,3114.3217689999997
scale2,36,-15.679041,2359.519308
scale2,31,-37.451485,3665.608769
scale2,19,-17.65808,2840.2509999999997
scale2,4,45.378082,2126.398308
scale2,8,0.5579853,3806.8912309999996
scale2,5,38.458626,1612.6713849999999
scale2,33,-17.492414,1911.1132309999998
scale2,18,-18.759573,2944.4349239999997
scale2,6,-29.125448,2114.933924
rotate2,2,3.397499,2095.3654619999998
rotate2,2,8.908981,2473.232846
rotate2,13,4.4484634,2104.857462
rotate2,8,-7.3784714,3311.2539229999998
rotate2,3,-4.897255,2534.198924
rotate2,7,5.576317,2044.9668459999998
rotate2,12,-89.641365,7692.660000999999
rotate2,1,-77.63531,4924.040384999999
rotate2,2,-75.70835,6355.259231999999
rotate2,13,-75.70835,57.614385
rotate2,8,-75.0,141.94207699999998
rotate2,2,6.4469223,2805.068385
rotate2,13,3.2240982,4596.944077
rotate2,8,-76.2869,3831.707615
rotate2,3,-76.2869,20.145153999999998
rotate2,7,-73.726555,468.530154
rotate2,2,-92.32373,6538.534847
rotate2,2,-85.718124,4709.748
rotate2,2,-0.86177826,3177.1959229999998
rotate2,13,11.255066,2075.406231
rotate2,8,15.052139,3320.123154
rotate2,3,-71.10089,5494.18077
rotate2,7,-60.37055,2850.7663079999998
rotate2,12,1.6785965,3740.059539
rotate2,1,14.424904,3474.336923
rotate2,11,9.007446,2298.08123
rotate2,6,-6.914757,2115.7586149999997
rotate2,10,4.3157425,3402.074
rotate2,5,3.9750137,4586.9133839999995
rotate2,15,-21.16761,3359.688769
rotate2,9,-1.8893127,2113.273231
rotate2,4,-1.5350876,8610.575230999999
rotate2,14,11.148796,3105.2671539999997
rotate2,2,5.618553,3300.2399229999996
rotate2,13,-1.9399719,2717.553231
rotate2,8,5.4795456,3063.518307
rotate2,3,2.1730652,2756.7217689999998
rotate2,7,2.1730652,103.814077
rotate2,12,-69.20796,674.252538
rotate2,1,-0.5167999,989.0699229999999
rotate2,2,4.4751663,1890.179385
rotate2,13,4.0899353,3075.133462
rotate2,8,20.005775,2134.086769
rotate2,3,-92.74953,3289.896154
rotate2,7,-60.40863,3238.2610769999997
rotate2,2,5.7284393,2136.3658459999997
rotate2,13,-1.0263214,1901.1065389999999
rotate2,8,7.060318,1808.93123
rotate2,3,7.060318,61.499230999999995
rotate2,7,-69.352806,1121.808538
rotate2,2,2.1835556,2369.158231
rotate2,13,10.406136,2246.0259229999997
rotate2,8,5.79261,1684.686462
rotate2,3,-2.5233078,2207.6763849999998
rotate2,7,-5.371689,1892.5993079999998
rotate2,12,-8.918396,1992.772385
rotate2,1,13.777153,1982.3512309999999
rotate2,11,16.569214,1725.885462
rotate2,6,-55.717274,2593.822846
rotate2,10,5.1983795,1684.430539
rotate2,5,11.034996,1319.00923
rotate2,15,-2.3936234,2431.542231
rotate2,9,-6.52195,1928.9436919999998
rotate2,4,8.757202,1890.0753849999999
rotate2,14,11.924149,1756.317539
rotate1,9,-5.2498894,1228.954924
rotate1,4,1.3274364,796.7406149999999
rotate1,13,7.405615,845.4030769999999
rotate1,6,4.222315,660.9099229999999
rotate1,9,0.37064075,804.8739999999999
rotate1,4,3.0107594,681.6019229999999
rotate1,13,8.4436,763.38577
rotate1,6,2.1096916,753.180385
rotate1,15,-2.1966257,767.180693
rotate1,2,-2.558402,787.6023849999999
rotate1,10,-2.9653578,947.9006149999999
rotate1,5,-2.4582796,825.2822299999999
rotate1,14,2.0693226,773.9267689999999
rotate1,8,1.5471916,660.800385
rotate1,11,3.9207516,702.417077
rotate1,7,7.7946053,804.3431539999999
rotate1,1,-3.2486477,828.4884609999999
rotate1,12,7.9816265,583.557
rotate1,3,5.60964,1059.518615
tap2,6,138,480,219.79648,506.73605,0.84,1567319686316
tap2,7,759,1101,863.20074,1148.4019,0.84,1567319687717
tap2,8,138,1101,212.80296,1137.4076,0.66999996,1567319689075
tap2,9,759,480,857.2063,468.75586,0.87,1567319690422
tap2,164,0,687,64.93987,731.61896,0.57,1567319692024
tap2,183,621,1308,684.36633,1308.3186,0.59999996,1567319693698
tap2,182,0,1308,119.88899,1333.3055,0.7,1567319694974
tap2,163,621,687,720.333,707.6314,0.98999995,1567319695985
tap2,242,345,66,440.59204,108.94325,0.95,1567319699354
tap2,243,552,1032,640.40704,1060.4476,0.75,1567319700499
tap2,244,345,1032,442.5902,1083.4357,0.68,1567319701643
tap2,245,552,66,650.39777,113.94065,0.55,1567319703875
tap2,42,69,411,164.84737,411.78552,0.78,1567319705194
tap2,43,690,1032,753.3025,1048.4539,0.69,1567319706389
tap2,45,690,411,766.29047,393.7949,0.71,1567319707562
tap2,44,69,1032,151.85939,1087.4336,0.79999995,1567319708971
tap2,322,345,756,434.5976,806.5799,0.89,1567319710155
tap2,321,483,1653,572.4699,1692.1187,0.85999995,1567319711370
tap2,316,345,1653,431.60037,1683.1233,0.64,1567319712645
tap2,323,483,756,582.4607,768.5997,0.89,1567319713860
tap2,2,138,549,201.81314,554.71106,0.71,1567319715054
tap2,3,759,1170,809.2507,1221.3639,0.57,1567319716299
tap2,4,138,1170,222.79372,1165.393,0.77,1567319717453
tap2,5,759,549,836.2257,598.6882,0.76,1567319718831
tap2,11,759,1032,843.21924,1062.4467,0.66999996,1567319719872
tap2,10,138,411,228.78816,433.77408,0.9,1567319721219
tap2,12,138,1032,212.80296,1018.46954,0.65999997,1567319722311
tap2,13,759,411,853.21,441.7699,0.7,1567319724047
tap2,15,759,963,845.2174,982.4883,0.75,1567319725027
tap2,14,138,342,240.77705,365.80948,0.44,1567319726506
tap2,17,759,342,844.2183,335.82507,0.85999995,1567319728048
tap2,16,138,963,185.82794,966.4966,0.66999996,1567319729405
tap2,122,207,66,302.7197,126.93388,0.81,1567319731842
tap2,123,828,687,918.14984,758.60486,0.91999996,1567319733559
tap2,124,207,687,287.73358,710.6299,0.93,1567319734804
tap2,125,828,66,903.16376,101.9469,1.24,1567319739374
tap2,135,621,1170,689.3617,1222.3633,1.1999999,1567319740612
tap2,134,0,549,84.92137,589.6929,0.74,1567319742214
tap2,136,0,1170,99.90749,1208.3706,0.84,1567319743521
tap2,137,621,549,701.3506,577.6991,0.94,1567319744807
tap2,130,69,66,136.87326,134.92972,0.83,1567319747324
tap2,131,690,687,779.27844,728.6205,0.83,1567319748655
tap2,133,690,66,764.2923,137.92816,0.9,1567319751357
tap2,132,69,687,147.8631,717.6262,0.93,1567319752606
tap2,127,759,687,797.2618,744.6122,0.59,1567319753984
tap2,126,138,66,208.80666,134.92972,0.93,1567319755566
tap2,128,138,687,219.79648,689.6408,0.83,1567319756883
tap2,129,759,66,863.20074,152.92035,0.96,1567319760335
tap2,18,138,273,232.78445,299.8438,1.0699999,1567319761553
tap2,19,759,894,809.2507,954.50287,0.96,1567319762819
tap2,20,138,894,226.79001,905.5283,0.78,1567319763931
tap2,21,759,273,836.2257,307.83966,1.0699999,1567319765473
tap2,35,828,1170,910.1573,1220.3644,0.90999997,1567319766585
tap2,34,207,549,340.68454,569.70325,0.32999998,1567319767861
tap2,36,207,1170,295.7262,1237.3555,0.44,1567319769321
tap2,37,828,549,882.18317,598.6882,0.9,1567319770597
tap2,26,138,135,248.76965,186.90265,0.71,1567319771975
tap2,27,759,756,845.2174,791.5877,0.74,1567319773363
tap2,28,138,756,201.81314,804.58093,0.59999996,1567319774629
tap2,29,759,135,838.2239,162.91515,0.87,1567319776629
tap2,43,690,1032,763.2933,1088.4331,0.59999996,1567319777885
tap2,42,69,411,162.84921,432.7746,0.77,1567319779191
tap2,45,690,411,771.2858,464.75793,0.94,1567319780559
tap2,44,69,1032,187.82608,1085.4347,0.83,1567319781733
tap2,24,138,825,254.76411,876.54346,0.96,1567319782917
tap2,25,759,204,863.20074,265.8615,0.88,1567319784234
tap2,22,138,204,253.76503,223.88339,0.84,1567319785489
tap2,23,759,825,809.2507,830.5674,0.7,1567319787133
tap2,38,69,480,136.87326,493.74283,0.69,1567319788357
tap2,39,690,1101,776.28125,1108.4227,0.75,1567319790011
tap2,40,69,1101,135.87419,1101.4263,0.75,1567319791185
tap2,41,690,480,762.2942,476.75168,0.51,1567319792267
tap2,33,690,549,770.2868,578.6986,0.83,1567319793512
tap2,32,69,1170,141.86864,1193.3784,0.5,1567319794625
tap2,30,69,549,159.85199,587.6939,0.69,1567319795891
tap2,31,690,1170,774.2831,1193.3784,0.68,1567319797085
tap2,46,69,342,175.83719,355.81467,0.65,1567319798371
tap2,47,690,963,767.28955,968.49554,0.71999997,1567319799658
tap2,48,69,963,176.83626,990.4841,0.47,1567319801015
tap2,49,690,342,772.2849,391.79593,0.82,1567319802169
tap2,108,276,963,347.67807,998.4799,0.38,1567319803322
tap2,231,897,1584,978.09436,1619.1566,0.39999998,1567319804680
tap2,230,276,1584,352.67346,1610.1614,0.47,1567319806293
tap2,107,897,963,1003.0712,926.5174,0.37,1567319807661
tap2,143,621,1032,689.3617,1059.4481,0.59999996,1567319808937
tap2,232,0,1653,87.918594,1669.1306,0.57,1567319810703
tap2,233,621,1653,683.36725,1677.1265,0.74,1567319812540
tap2,144,0,1032,78.92692,1054.4508,0.65999997,1567319813878
tap2,44,69,1032,133.87604,1035.4607,0.71999997,1567319815072
tap2,235,690,1653,771.2858,1656.1373,0.53999996,1567319816389
tap2,43,690,1032,777.2803,1034.4612,0.64,1567319817645
tap2,234,69,1653,155.85568,1642.1447,0.48999998,1567319819094
tap2,12,138,1032,194.81961,1033.4617,0.69,1567319820309
tap2,237,759,1653,836.2257,1674.128,0.44,1567319822755
tap2,11,759,1032,845.2174,1051.4524,0.51,1567319824034
tap2,236,138,1653,229.78723,1657.1368,0.39999998,1567319825474
tap2,238,207,1653,254.76411,1701.114,0.56,1567319826862
tap2,67,828,1032,880.185,1058.4487,0.68,1567319828158
tap2,68,207,1032,267.75208,1048.4539,0.59999996,1567319829332
tap2,239,828,1653,899.1674,1672.129,0.44,1567319830966
tap2,104,276,1032,362.6642,1028.4644,0.59999996,1567319832273
tap2,241,897,1653,978.09436,1689.1202,0.91999996,1567319834863
tap2,240,276,1653,369.6577,1699.115,0.61,1567319835958
tap2,103,897,1032,975.09717,1060.4476,0.78999996,1567319836948
tap2,50,69,273,125.88344,299.8438,0.84999996,1567319838897
tap2,51,690,894,799.25995,912.5247,0.65999997,1567319840327
tap2,52,69,894,161.85014,905.5283,0.87,1567319841654
tap2,53,690,273,749.3062,272.85788,0.94,1567319843073
tap2,55,690,825,746.30896,850.557,0.7,1567319844502
tap2,54,69,204,162.84921,233.87819,0.71999997,1567319845890
tap2,56,69,825,145.86494,800.583,0.66999996,1567319847125
tap2,57,690,204,759.29694,233.87819,0.77,1567319849868
tap2,59,690,756,771.2858,771.5981,0.78,1567319851167
tap2,58,69,135,139.87048,174.90889,0.95,1567319852607
tap2,61,690,135,772.2849,145.924,0.58,1567319853964
tap2,60,69,756,145.86494,779.59393,0.82,1567319855240
tap2,62,207,480,302.7197,539.7189,0.94,1567319856414
tap2,63,828,1101,919.1489,1173.3888,0.78999996,1567319857609
tap2,64,207,1101,244.77336,1142.405,0.72999996,1567319858711
tap2,65,828,480,909.1582,493.74283,0.90999997,1567319859865
tap2,290,345,480,419.61148,500.7392,0.5,1567319861181
tap2,291,552,1446,631.41534,1509.2139,0.62,1567319862315
tap2,293,552,480,670.3793,484.74753,0.5,1567319863744
tap2,292,345,1446,401.6281,1492.2228,0.77,1567319864877
tap2,141,621,480,679.371,499.73972,0.76,1567319866357
tap2,295,414,1446,478.5569,1488.2249,0.61,1567319867490
tap2,294,414,480,470.5643,506.73605,0.71999997,1567319869144
tap2,203,621,1446,675.37463,1495.2212,0.71,1567319870338
tap2,297,483,1446,561.4801,1454.2426,0.59999996,1567319871542
tap2,41,690,480,751.3043,464.75793,0.74,1567319872747
tap2,296,483,480,572.4699,489.7449,0.75,1567319873829
tap2,205,690,1446,761.2951,1457.241,0.55,1567319874870
tap2,319,414,1653,486.5495,1697.1161,0.48999998,1567319876136
tap2,325,552,756,643.40424,761.60333,0.85999995,1567319877208
tap2,324,414,756,495.54117,806.5799,0.68,1567319878371
tap2,315,552,1653,614.4311,1696.1166,0.52,1567319879412
tap2,298,345,549,436.59573,597.68866,0.78999996,1567319880638
tap2,299,552,1515,590.4533,1527.2046,0.62,1567319881750
tap2,301,552,549,652.39594,548.7142,0.35,1567319883016
tap2,300,345,1515,424.60684,1529.2035,0.65,1567319884180
tap2,326,345,825,405.62442,849.5575,0.68,1567319885415
tap2,256,483,135,545.49493,176.90785,0.71999997,1567319886946
tap2,250,345,135,424.60684,182.90474,0.81,1567319888120
tap2,327,483,825,571.4709,878.5424,0.63,1567319889325
tap2,67,828,1032,858.2054,1057.4492,0.78999996,1567319890529
tap2,66,207,411,264.75485,431.77512,0.58,1567319892752
tap2,68,207,1032,283.73727,1106.4237,0.65999997,1567319893929
tap2,69,828,411,920.148,488.74542,0.91999996,1567319895521
tap2,72,207,963,240.77705,966.4966,0.75,1567319896777
tap2,73,828,342,921.1471,361.81155,0.56,1567319898186
tap2,70,207,342,311.71136,349.81778,0.35,1567319899390
tap2,71,828,963,911.1564,995.4815,0.83,1567319900687
tap2,76,207,894,292.72894,887.5377,0.82,1567319901902
tap2,77,828,273,939.13043,286.8506,0.71999997,1567319903903
tap2,74,207,273,266.75302,277.8553,0.63,1567319905210
tap2,75,828,894,919.1489,904.5289,0.69,1567319906649
tap2,80,207,825,310.7123,816.5747,0.77,1567319907895
tap2,81,828,204,877.1878,190.90057,0.61,1567319909314
tap2,78,207,204,290.7308,204.89328,0.72999996,1567319910702
tap2,79,828,825,906.16095,845.5596,0.78999996,1567319912040
tap2,84,207,756,310.7123,765.60126,0.59999996,1567319913244
tap2,85,828,135,894.17206,171.91046,0.64,1567319914673
tap2,82,207,135,298.72342,145.924,0.71,1567319916184
tap2,83,828,756,921.1471,791.5877,0.59,1567319917491
tap2,89,621,618,698.3534,636.6684,0.72999996,1567319918778
tap2,88,0,1239,93.91304,1306.3196,0.81,1567319920227
tap2,87,621,1239,694.35706,1265.341,0.59,1567319921319
tap2,86,0,618,103.90379,625.67413,0.78999996,1567319922902
tap2,305,483,1515,540.4995,1523.2067,0.76,1567319924045
tap2,33,690,549,772.2849,555.7106,0.75,1567319925158
tap2,304,483,549,545.49493,540.7184,0.58,1567319926301
tap2,215,690,1515,767.28955,1548.1936,0.66999996,1567319927465
tap2,309,552,618,651.39685,600.68713,0.5,1567319928690
tap2,308,345,1584,433.5985,1643.1442,0.75,1567319929855
tap2,307,552,1584,627.41907,1588.1727,0.52,1567319930885
tap2,306,345,618,425.60593,610.68195,0.66999996,1567319932284
tap2,258,345,204,390.6383,210.89015,0.68,1567319934193
tap2,331,483,894,605.4394,917.5221,0.63,1567319935449
tap2,330,345,894,437.59482,929.51587,0.66999996,1567319936705
tap2,264,483,204,581.4616,186.90265,0.7,1567319938094
tap2,223,621,1584,701.3506,1557.189,0.51,1567319939380
tap2,310,414,618,474.5606,681.64496,0.7,1567319940666
tap2,89,621,618,696.3552,619.67725,0.84999996,1567319942085
tap2,311,414,1584,500.53653,1618.1572,0.71,1567319943127
tap2,261,552,204,578.4644,171.91046,0.75,1567319945107
tap2,322,345,756,442.5902,740.61426,0.59999996,1567319946149
tap2,262,414,204,482.5532,200.89536,0.71999997,1567319948320
tap2,333,552,894,646.4015,898.532,0.72999996,1567319949385
tap2,312,483,618,573.469,658.6569,0.69,1567319950630
tap2,225,690,1584,760.296,1626.153,0.65999997,1567319951712
tap2,93,690,618,776.28125,620.6767,0.72999996,1567319953080
tap2,313,483,1584,555.48566,1627.1525,0.65999997,1567319954234
tap2,91,690,1239,812.2479,1229.3596,0.71999997,1567319955368
tap2,90,69,618,117.89084,664.6538,0.75,1567319956674
tap2,93,690,618,828.2331,614.6798,0.59999996,1567319957715
tap2,92,69,1239,146.86401,1222.3633,0.56,1567319959056
tap2,108,276,963,369.6577,969.49506,0.76,1567319960176
tap2,109,897,342,999.07495,356.81415,0.47,1567319961462
tap2,106,276,342,363.66327,349.81778,0.59999996,1567319962738
tap2,107,897,963,999.07495,1000.4789,0.69,1567319964392
tap2,100,276,1101,325.69843,1125.4138,0.76,1567319965587
tap2,101,897,480,940.1295,472.75375,0.83,1567319967057
tap2,99,897,1101,971.1008,1156.3977,0.56,1567319968384
tap2,98,276,480,345.67993,456.7621,0.78999996,1567319969772
tap2,105,897,411,958.11285,456.7621,0.72999996,1567319971130
tap2,104,276,1032,329.69473,1049.4534,0.78,1567319972539
tap2,102,276,411,359.667,407.7876,0.75,1567319973856
tap2,103,897,1032,987.08606,1088.4331,0.77,1567319975163
tap2,97,897,549,997.0768,538.7194,0.81,1567319976664
tap2,96,276,1170,321.70212,1184.383,0.78,1567319977848
tap2,94,276,549,364.66235,529.72406,0.66999996,1567319979288
tap2,95,897,1170,965.1064,1147.4023,0.47,1567319980308
tap2,111,897,894,1022.05365,922.5195,0.59,1567319981646
tap2,110,276,273,355.6707,295.84592,0.71999997,1567319982871
tap2,112,276,894,375.65216,958.50073,0.66999996,1567319984147
tap2,113,897,273,973.099,245.87193,0.48,1567319985617
tap2,116,276,825,340.68454,902.5299,0.62,1567319987374
tap2,117,897,204,979.09344,184.90369,0.84999996,1567319988578
tap2,114,276,204,364.66235,197.89693,0.52,1567319989803
tap2,115,897,825,964.1073,864.5497,0.47,1567319991151
tap2,119,897,756,996.0777,795.58563,0.58,1567319992264
tap2,118,276,135,352.67346,159.9167,0.51,1567319993806
tap2,121,897,135,976.0962,164.91411,0.56,1567319995051
tap2,120,276,756,373.65402,800.583,0.65999997,1567319996276
tap2,152,0,894,104.90287,941.5096,0.62,1567319997665
tap2,213,621,1515,722.3312,1553.191,0.75,1567319999605
tap2,212,0,1515,116.89177,1552.1915,0.48999998,1567320001065
tap2,151,621,894,691.35986,910.52576,0.71999997,1567320002270
tap2,56,69,825,147.8631,843.5606,0.55,1567320003485
tap2,205,690,1446,755.30066,1441.2493,0.42,1567320005676
tap2,204,69,1446,170.84181,1465.2368,0.53999996,1567320007660
tap2,55,690,825,791.26733,828.5684,0.29,1567320009802
tap2,24,138,825,244.77336,827.569,0.45999998,1567320011101
tap2,207,759,1446,841.22107,1497.2202,0.58,1567320012357
tap2,206,138,1446,236.78076,1470.2343,0.51,1567320013684
tap2,23,759,825,856.2072,821.5721,0.42,1567320014879
tap2,80,207,825,283.73727,842.56116,0.45,1567320016125
tap2,209,828,1446,916.15173,1472.2332,0.53,1567320017625
tap2,208,207,1446,284.73636,1473.2327,0.51,1567320019126
tap2,79,828,825,909.1582,840.5622,0.56,1567320020259
tap2,115,897,825,966.10547,806.5799,0.39999998,1567320021781
tap2,210,276,1446,364.66235,1465.2368,0.51,1567320023057
tap2,116,276,825,345.67993,858.5528,0.61,1567320024344
tap2,211,897,1446,954.1166,1409.266,0.45,1567320025681
tap2,203,621,1446,698.3534,1506.2155,0.5,1567320026814
tap2,156,0,825,70.93432,861.5513,0.38,1567320028468
tap2,202,0,1446,118.889915,1457.241,0.42999998,1567320029663
tap2,155,621,825,709.3432,824.5705,0.53,1567320031062
tap2,52,69,894,164.84737,924.51843,0.51,1567320032501
tap2,215,690,1515,773.284,1566.1842,0.42999998,1567320033706
tap2,51,690,894,800.25903,921.52,0.34,1567320034982
tap2,214,69,1515,140.86957,1510.2134,0.42,1567320036259
tap2,216,138,1515,196.81776,1565.1848,0.35,1567320037791
tap2,19,759,894,845.2174,895.53357,0.5,1567320039332
tap2,217,759,1515,899.1674,1456.2415,0.42999998,1567320040323
tap2,20,138,894,255.76318,905.5283,0.48,1567320041671
tap2,141,621,480,731.3229,490.7444,0.45999998,1567320042855
tap2,140,0,1101,154.85661,1101.4263,0.5,1567320044693
tap2,138,0,480,127.88159,521.7283,0.55,1567320046856
tap2,139,621,1101,693.35803,1124.4143,0.5,1567320048267
tap2,142,0,411,97.90935,426.7777,0.56,1567320050897
tap2,143,621,1032,701.3506,1030.4633,0.57,1567320052238
tap2,144,0,1032,91.914894,1030.4633,0.42,1567320053565
tap2,145,621,411,722.3312,409.78656,0.56,1567320054985
tap2,148,0,963,85.92044,969.49506,0.41,1567320056353
tap2,149,621,342,716.33673,337.82404,0.47,1567320058191
tap2,147,621,963,704.34784,965.49713,0.62,1567320059324
tap2,146,0,342,92.91397,371.80634,0.45999998,1567320061506
tap2,153,621,273,704.34784,268.85995,0.59999996,1567320062714
tap2,152,0,894,82.92322,890.53613,0.47,1567320064967
tap2,150,0,273,79.925995,286.8506,0.64,1567320066808
tap2,151,621,894,689.3617,906.52783,0.78999996,1567320068187
tap2,266,345,273,439.59296,299.8438,0.63,1567320069565
tap2,267,552,1239,639.40796,1279.3336,0.53999996,1567320070801
tap2,269,552,273,617.4283,275.85632,0.59,1567320072363
tap2,268,345,1239,424.60684,1251.3483,0.59999996,1567320073486
tap2,271,414,1239,513.52454,1288.329,0.55,1567320074630
tap2,153,621,273,712.34045,282.85266,0.53,1567320076141
tap2,270,414,273,527.5116,304.84122,0.63,1567320077355
tap2,87,621,1239,709.3432,1261.343,0.41,1567320078621
tap2,91,690,1239,800.25903,1266.3405,0.38,1567320079652
tap2,272,483,273,555.48566,246.87141,0.45999998,1567320080939
tap2,273,483,1239,577.46533,1297.3242,0.45999998,1567320082184
tap2,53,690,273,793.2655,282.85266,0.53999996,1567320083389
tap2,277,552,342,629.41724,362.81104,0.61,1567320084533
tap2,276,345,1308,419.61148,1363.2899,0.57,1567320085635
tap2,274,345,342,410.6198,337.82404,0.53,1567320087167
tap2,275,552,1308,695.35614,1322.3113,0.42999998,1567320088382
tap2,183,621,1308,726.32745,1341.3014,0.56,1567320089556
tap2,278,414,342,498.5384,359.8126,0.51,1567320090975
tap2,149,621,342,794.2646,346.81937,0.29,1567320092119
tap2,279,414,1308,504.53284,1314.3154,0.59999996,1567320093395
tap2,281,483,1308,566.47546,1336.304,0.48,1567320094804
tap2,49,690,342,826.235,332.82663,0.39999998,1567320095866
tap2,280,483,342,610.4348,346.81937,0.39999998,1567320096866
tap2,185,690,1308,770.2868,1361.291,0.61,1567320097888
tap2,156,0,825,149.86124,871.546,0.39999998,1567320099531
tap2,157,621,204,707.34503,223.88339,0.66999996,1567320101083
tap2,155,621,825,726.32745,859.5523,0.53999996,1567320102227
tap2,154,0,204,106.90102,217.8865,0.56,1567320104500
tap2,158,0,135,63.940796,158.91722,0.48999998,1567320105892
tap2,159,621,756,693.35803,823.57104,0.53999996,1567320107312
tap2,160,0,756,95.911194,791.5877,0.62,1567320108578
tap2,161,621,135,680.37006,156.91827,0.68,1567320110964
tap2,162,0,66,109.89824,833.56586,0.84999996,1567320116098
tap2,163,621,687,686.3645,707.6314,0.76,1567320117765
tap2,164,0,687,95.911194,712.62885,0.82,1567320119031
tap2,165,621,66,695.35614,73.96148,1.0,1567320121426
tap2,169,897,66,990.08325,121.936485,0.65999997,1567320122594
tap2,168,276,687,351.67438,666.6528,0.61,1567320123799
tap2,166,276,66,330.69382,88.95367,0.96999997,1567320127537
tap2,167,897,687,982.09064,709.6304,0.65,1567320129572
tap2,170,138,618,226.79001,631.67096,0.77,1567320130705
tap2,171,759,1239,836.2257,1262.3425,0.65999997,1567320131869
tap2,173,759,618,824.2368,622.67566,0.87,1567320133115
tap2,172,138,1239,201.81314,1267.3398,0.59,1567320134411
tap2,177,828,618,907.16003,629.67206,0.87,1567320135657
tap2,176,207,1239,288.73267,1245.3513,0.74,1567320136749
tap2,174,207,618,278.7419,608.683,0.71999997,1567320137832
tap2,175,828,1239,930.1388,1209.3701,0.56,1567320138904
tap2,133,690,66,769.2877,84.95575,0.57,1567320141648
tap2,249,483,1032,558.4829,1037.4596,0.64,1567320142794
tap2,43,690,1032,785.2729,1079.4377,0.69,1567320144070
tap2,248,483,66,576.46625,129.93233,0.62,1567320145520
tap2,251,552,1101,635.4117,1110.4216,0.59999996,1567320146582
tap2,250,345,135,424.60684,152.92035,0.59999996,1567320147837
tap2,252,345,1101,430.6013,1128.4122,0.5,1567320148991
tap2,253,552,135,620.42554,129.93233,0.65,1567320150369
tap2,254,414,135,471.56335,187.90213,0.66999996,1567320151441
tap2,139,621,1101,721.3321,1109.4221,0.62,1567320152554
tap2,161,621,135,712.34045,141.92607,0.63,1567320153779
tap2,255,414,1101,508.52914,1107.4232,0.64,1567320154872
tap2,178,276,618,372.65494,654.659,0.5,1567320156026
tap2,179,897,1239,960.111,1193.3784,0.57,1567320157302
tap2,181,897,618,972.0999,615.6793,0.63,1567320158690
tap2,180,276,1239,339.6855,1245.3513,0.48,1567320159814
tap2,132,69,687,147.8631,684.6434,0.48999998,1567320161151
tap2,185,690,1308,758.29785,1303.3212,0.53,1567320162948
tap2,184,69,1308,124.88437,1310.3175,0.53,1567320164194
tap2,131,690,687,774.2831,702.63403,0.75,1567320165299
tap2,127,759,687,821.2396,705.63245,0.56,1567320166349
tap2,187,759,1308,833.2285,1353.2952,0.53999996,1567320167513
tap2,186,138,1308,231.78539,1340.3019,0.59,1567320168605
tap2,126,138,66,193.82054,101.9469,0.59999996,1567320170545
tap2,123,828,687,915.15265,687.64185,0.61,1567320171750
tap2,188,207,1308,295.7262,1321.3118,0.53999996,1567320172822
tap2,124,207,687,297.72433,691.6398,0.56,1567320174374
tap2,189,828,1308,926.14246,1339.3024,0.32999998,1567320175497
tap2,317,552,687,633.4135,687.64185,0.59,1567320176825
tap2,316,345,1653,428.60315,1638.1467,0.48,1567320178040
tap2,314,345,687,422.6087,704.633,0.61,1567320179255
tap2,315,552,1653,646.4015,1678.126,0.39,1567320180929
tap2,266,345,273,415.61517,259.86465,0.58,1567320182318
tap2,335,483,963,563.4783,989.4846,0.59,1567320183421
tap2,272,483,273,578.4644,219.88547,0.68,1567320184656
tap2,334,345,963,399.62997,1002.47784,0.55,1567320185780
tap2,318,414,687,514.5236,691.6398,0.65999997,1567320187127
tap2,233,621,1653,722.3312,1702.1134,0.53999996,1567320188210
tap2,163,621,687,729.3247,674.6486,0.48999998,1567320189292
tap2,319,414,1653,503.53375,1689.1202,0.53999996,1567320190292
tap2,269,552,273,627.41907,268.85995,0.64,1567320191518
tap2,336,414,963,515.52264,977.49084,0.42,1567320192569
tap2,337,552,963,632.4144,1017.47003,0.68,1567320193641
tap2,270,414,273,513.52454,315.83548,0.71999997,1567320194867
tap2,168,276,687,412.61795,681.64496,0.59999996,1567320195949
tap2,191,897,1308,998.07587,1306.3196,0.48999998,1567320197878
tap2,167,897,687,987.08606,689.6408,0.65999997,1567320199461
tap2,190,276,1308,367.65958,1329.3076,0.48999998,1567320200472
tap2,192,0,1377,87.918594,1428.2561,0.44,1567320201748
tap2,160,0,756,99.90749,783.59186,0.51,1567320203208
tap2,193,621,1377,694.35706,1405.2681,0.59999996,1567320204485
tap2,159,621,756,742.3127,716.6267,0.48,1567320205397
tap2,194,69,1377,166.84552,1385.2784,0.47,1567320206700
tap2,59,690,756,808.25165,737.6158,0.39999998,1567320208048
tap2,60,69,756,169.84274,773.59705,0.58,1567320209335
tap2,195,690,1377,766.29047,1383.2795,0.68,1567320210254
tap2,28,138,756,212.80296,757.6054,0.48999998,1567320211459
tap2,197,759,1377,852.21094,1392.2748,0.7,1567320212398
tap2,27,759,756,823.23773,684.6434,0.45,1567320213399
tap2,196,138,1377,198.81592,1410.2655,0.57,1567320214532
tap2,84,207,756,271.74838,746.61115,0.48999998,1567320215635
tap2,199,828,1377,888.1776,1415.2628,0.59,1567320216585
tap2,83,828,756,927.14154,740.61426,0.48999998,1567320217657
tap2,198,207,1377,292.72894,1380.2811,0.61,1567320218851
tap2,200,276,1377,329.69473,1416.2623,0.55,1567320220291
tap2,119,897,756,940.1295,813.57623,0.48,1567320222098
tap2,120,276,756,369.6577,742.6132,0.71,1567320223048
tap2,201,897,1377,956.1147,1398.2717,0.78999996,1567320223998
tap2,242,345,66,387.64108,118.93805,0.75,1567320226149
tap2,347,966,687,1053.025,724.62256,0.53,1567320228252
tap2,338,966,66,1015.0601,90.95263,0.71,1567320232726
tap2,314,345,687,395.63367,721.62415,0.77,1567320233851
tap2,322,345,756,444.58835,752.608,0.61,1567320234882
tap2,339,966,135,369.6577,966.4966,0.81,1567320237635
tap2,348,966,756,1045.0323,695.6377,0.55,1567320238650
tap2,250,345,135,388.64014,132.93076,0.79999995,1567320240171
tap2,258,345,204,437.59482,205.89276,0.66999996,1567320241192
tap2,349,966,825,1007.0675,805.5804,0.78999996,1567320242612
tap2,340,966,204,1027.0491,188.90161,0.81,1567320244905
tap2,326,345,825,444.58835,825.57,0.66999996,1567320245971
tap2,330,345,894,427.60406,920.52057,0.82,1567320247013
tap2,341,966,273,1057.0212,306.84018,0.55,1567320248891
tap2,266,345,273,448.58466,262.8631,0.79999995,1567320250015
tap2,350,966,894,1056.0222,876.54346,0.5,1567320252545
tap2,76,207,894,281.73914,917.5221,0.69,1567320253629
tap2,219,828,1515,863.20074,1513.2118,0.59,1567320254732
tap2,218,207,1515,302.7197,1537.1993,0.53999996,1567320256376
tap2,75,828,894,910.1573,938.51117,0.71999997,1567320257755
tap2,220,276,1515,355.6707,1496.2207,0.32,1567320259072
tap2,111,897,894,958.11285,920.52057,0.63,1567320260716
tap2,112,276,894,323.7003,911.5252,0.52,1567320262003
tap2,221,897,1515,948.12213,1561.1869,0.56,1567320263341
tap2,225,690,1584,779.27844,1594.1697,0.42,1567320264607
tap2,48,69,963,133.87604,975.4919,0.65999997,1567320265802
tap2,47,690,963,797.2618,950.50494,0.59999996,1567320266803
tap2,224,69,1584,153.85754,1554.1904,0.55,1567320267998
tap2,165,621,66,719.334,95.95003,0.65999997,1567320270281
tap2,247,414,1032,501.5356,1038.4591,0.69,1567320271378
tap2,143,621,1032,710.3423,1036.4602,0.76,1567320272450
tap2,246,414,66,502.5347,78.95887,0.66999996,1567320275279
tap2,15,759,963,837.2248,998.4799,0.56,1567320276402
tap2,226,138,1584,194.81961,1595.1692,0.58,1567320277546
tap2,227,759,1584,840.22205,1563.1858,0.45,1567320278598
tap2,16,138,963,195.8187,991.4836,0.51,1567320279843
tap2,72,207,963,285.73544,950.50494,0.44,1567320280977
tap2,229,828,1584,923.14526,1591.1713,0.48999998,1567320282468
tap2,71,828,963,904.16284,934.51324,0.53999996,1567320283693
tap2,228,207,1584,315.70767,1557.189,0.48,1567320284857
tap2,242,345,66,411.61887,86.95471,0.74,1567320286736
tap2,243,552,1032,650.39777,1073.4409,0.76,1567320288177
tap2,244,345,1032,420.61053,1038.4591,0.57,1567320289177
tap2,245,552,66,640.40704,103.94586,0.83,1567320292013
tap2,148,0,963,75.929695,963.49817,0.74,1567320293619
tap2,223,621,1584,677.3728,1649.141,0.59,1567320294804
tap2,147,621,963,707.34503,975.4919,0.51,1567320295968
tap2,222,0,1584,114.893616,1583.1754,0.47,1567320297214
tap2,252,345,1101,402.6272,1098.4279,0.58,1567320298245
tap2,344,966,480,1055.0232,459.76053,0.42999998,1567320299848
tap2,290,345,480,419.61148,482.74857,0.61,1567320301002
tap2,353,966,1101,1011.06384,1132.4102,0.75,1567320302105
tap2,345,966,549,1006.0685,541.71783,0.62,1567320303586
tap2,260,345,1170,437.59482,1169.3909,0.56,1567320304730
tap2,354,966,1170,1027.0491,1184.383,0.57,1567320306313
tap2,298,345,549,420.61053,540.7184,0.64,1567320307426
tap2,346,966,618,1021.05457,625.67413,0.65,1567320308692
tap2,268,345,1239,415.61517,1249.3492,0.77,1567320309724
tap2,355,966,1239,1009.0657,1289.3285,0.65,1567320310765
tap2,306,345,618,433.5985,609.68243,0.74,1567320311929
tap2,314,345,687,423.6078,696.63715,0.75,1567320313298
tap2,356,966,1308,1035.0416,1336.304,0.48,1567320314533
tap2,347,966,687,1048.0297,699.63556,0.52,1567320315779
tap2,276,345,1308,422.6087,1337.3035,0.65999997,1567320316913
tap2,257,483,1101,606.4385,1117.418,0.65,1567320318016
tap2,61,690,135,790.26825,149.9219,0.69,1567320319333
tap2,39,690,1101,778.27936,1089.4326,0.62,1567320320375
tap2,256,483,135,571.4709,150.92139,0.59999996,1567320322193
tap2,258,345,204,425.60593,180.90578,0.53999996,1567320323316
tap2,259,552,1170,601.4431,1225.3618,0.59,1567320324429
tap2,260,345,1170,435.59668,1181.3846,0.35,1567320325287
tap2,261,552,204,617.4283,202.89432,0.76,1567320326727
tap2,157,621,204,715.33765,192.89952,0.45999998,1567320327697
tap2,263,414,1170,487.54858,1148.4019,0.59,1567320328729
tap2,262,414,204,484.55133,230.87975,0.71,1567320330394
tap2,135,621,1170,711.3414,1203.3732,0.68,1567320331435
tap2,244,345,1032,412.61795,1041.4575,0.52,1567320332385
tap2,361,966,1653,1044.0333,1674.128,0.48,1567320334059
tap2,352,966,1032,1029.0472,1038.4591,0.71,1567320335142
tap2,316,345,1653,407.62256,1639.1462,0.53999996,1567320336235
tap2,282,345,411,430.6013,365.80948,0.72999996,1567320337266
tap2,283,552,1377,601.4431,1384.2789,0.61,1567320338512
tap2,284,345,1377,433.5985,1385.2784,0.66999996,1567320339666
tap2,285,552,411,632.4144,424.77875,0.69,1567320341300
tap2,145,621,411,683.36725,449.76575,0.78,1567320342045
tap2,287,414,1377,477.55783,1397.2722,0.59,1567320343332
tap2,193,621,1377,698.3534,1392.2748,0.51,1567320344302
tap2,286,414,411,491.54486,399.79178,0.62,1567320345793
tap2,288,483,411,552.48846,411.78552,0.59999996,1567320346875
tap2,195,690,1377,761.2951,1365.2888,0.5,1567320347805
tap2,289,483,1377,571.4709,1350.2966,0.45999998,1567320348795
tap2,45,690,411,796.2627,384.79956,0.66999996,1567320349806
tap2,31,690,1170,762.2942,1166.3925,0.74,1567320350817
tap2,264,483,204,549.4912,198.89641,0.62,1567320352135
tap2,57,690,204,781.2766,212.88911,0.59999996,1567320353238
tap2,265,483,1170,534.50507,1168.3915,0.61,1567320354300
tap2,300,345,1515,442.5902,1556.1895,0.45,1567320355311
tap2,350,966,894,995.0786,906.52783,0.7,1567320356465
tap2,330,345,894,440.59204,901.53046,0.79999995,1567320357506
tap2,359,966,1515,1025.0509,1538.1989,0.65999997,1567320358875
tap2,351,966,963,1036.0406,988.48517,0.64,1567320359896
tap2,308,345,1584,452.58093,1565.1848,0.48,1567320361020
tap2,360,966,1584,1008.0666,1562.1863,0.42,1567320362848
tap2,334,345,963,399.62997,946.507,0.71,1567320364002
tap2,137,621,549,663.38574,523.72723,0.39999998,1567320365248
tap2,303,414,1515,464.56985,1507.215,0.62,1567320366422
tap2,213,621,1515,685.3654,1479.2295,0.38,1567320367627
tap2,302,414,549,509.52823,538.7194,0.77,1567320368924
tap2,254,414,135,491.54486,118.93805,0.63,1567320370660
tap2,329,552,825,637.4098,826.56946,0.83,1567320371825
tap2,253,552,135,630.41626,152.92035,0.48,1567320373632
tap2,328,414,825,502.5347,807.57935,0.39999998,1567320374612
tap2,334,345,963,436.59573,1003.47736,0.76,1567320375705
tap2,342,966,342,1011.06384,327.82925,0.7,1567320378142
tap2,274,345,342,471.56335,297.84488,0.65,1567320379136
tap2,351,966,963,1054.024,989.4846,0.39999998,1567320380791
tap2,282,345,411,423.6078,405.78864,0.71999997,1567320382282
tap2,352,966,1032,1031.0453,1056.4497,0.57,1567320384192
tap2,343,966,411,1004.0703,432.7746,0.75,1567320385407
tap2,244,345,1032,418.6124,1039.4586,0.65999997,1567320386541
tap2,322,345,756,431.60037,736.61633,0.58,1567320387582
tap2,357,966,1377,1056.0222,1346.2988,0.42,1567320389339
tap2,348,966,756,1039.038,797.5846,0.64,1567320390299
tap2,284,345,1377,437.59482,1378.2821,0.76,1567320391391
tap2,292,345,1446,415.61517,1450.2446,0.63,1567320392689
tap2,349,966,825,1057.0212,793.5867,0.45,1567320393730
tap2,326,345,825,416.61426,831.5669,0.79999995,1567320394793
tap2,358,966,1446,1018.0574,1481.2285,0.52,1567320396828
tap2,131,690,687,782.2757,723.6231,0.84,1567320398020
tap2,321,483,1653,532.50696,1669.1306,0.61,1567320399204
tap2,320,483,687,595.44867,707.6314,0.71999997,1567320400225
tap2,235,690,1653,764.2923,1652.1395,0.52,1567320401359
tap2,362,0,1722,79.925995,1761.0828,0.61,1567320402605
tap2,139,621,1101,696.3552,1090.432,0.75,1567320403667
tap2,140,0,1101,141.86864,1116.4185,0.75,1567320405005
tap2,371,621,1722,674.3756,1718.1051,0.45,1567320406945
tap2,39,690,1101,774.2831,1119.417,0.53,1567320407997
tap2,363,69,1722,148.86217,1710.1093,0.55,1567320409203
tap2,372,690,1722,764.2923,1703.1129,0.42999998,1567320410898
tap2,40,69,1101,143.86679,1138.4071,0.83,1567320412205
tap2,136,0,1170,111.89639,1179.3857,0.71,1567320413308
tap2,386,621,1791,675.37463,1771.0775,0.51,1567320414861
tap2,135,621,1170,700.3515,1188.381,0.77,1567320415933
tap2,377,0,1791,95.911194,1794.0656,0.7,1567320417230
tap2,31,690,1170,782.2757,1147.4023,0.53,1567320418344
tap2,378,69,1791,158.85292,1796.0645,0.45999998,1567320419518
tap2,32,69,1170,132.87697,1162.3945,0.79999995,1567320420754
tap2,387,690,1791,778.27936,1770.078,0.74,1567320422885
tap2,8,138,1101,235.78168,1151.4003,0.93,1567320423981
tap2,373,759,1722,793.2655,1723.1025,0.87,1567320425615
tap2,7,759,1101,805.2544,1114.4196,0.62,1567320427797
tap2,364,138,1722,191.82239,1754.0864,0.62,1567320429016
tap2,374,828,1722,905.16187,1752.0874,0.51,1567320430140
tap2,64,207,1101,234.78261,1077.4388,0.83,1567320431222
tap2,365,207,1722,228.78816,1752.0874,0.63,1567320432285
tap2,63,828,1101,887.1785,1123.4149,0.64,1567320433255
tap2,379,138,1791,188.82516,1813.0557,0.62,1567320434889
tap2,3,759,1170,836.2257,1172.3894,0.71,1567320435808
tap2,4,138,1170,209.80574,1143.4044,0.78,1567320436809
tap2,388,759,1791,824.2368,1779.0734,0.47,1567320438412
tap2,380,207,1791,291.7299,1824.0499,0.53999996,1567320439536
tap2,35,828,1170,909.1582,1164.3936,0.65,1567320440935
tap2,389,828,1791,1017.0583,1707.1108,0.68,1567320442191
tap2,36,207,1170,254.76411,1183.3837,0.76,1567320443223
tap2,100,276,1101,340.68454,1089.4326,0.24,1567320444213
tap2,375,897,1722,974.0981,1761.0828,0.48999998,1567320445561
tap2,99,897,1101,977.0953,1070.4425,0.62,1567320446593
tap2,366,276,1722,366.6605,1734.0968,0.74,1567320447931
tap2,368,414,1722,487.54858,1713.1077,0.45999998,1567320448881
tap2,159,621,756,699.3525,746.61115,0.87,1567320450290
tap2,371,621,1722,672.37744,1737.0952,0.65,1567320451883
tap2,324,414,756,477.55783,781.5929,0.96999997,1567320453965
tap2,96,276,1170,328.69565,1175.3878,0.56,1567320454968
tap2,390,897,1791,987.08606,1792.0665,0.72999996,1567320456020
tap2,95,897,1170,966.10547,1185.3826,0.77,1567320456898
tap2,381,276,1791,326.6975,1776.075,0.61,1567320458011
tap2,385,552,1791,612.4329,1808.0582,0.55,1567320459513
tap2,326,345,825,419.61148,855.5544,0.79999995,1567320460708
tap2,382,345,1791,415.61517,1793.066,0.56,1567320461974
tap2,329,552,825,636.4107,794.5861,0.81,1567320463108
tap2,323,483,756,551.4894,814.57574,0.87,1567320464129
tap2,372,690,1722,804.2553,1736.0957,0.57,1567320465324
tap2,59,690,756,762.2942,788.58923,0.82,1567320467060
tap2,369,483,1722,532.50696,1756.0853,0.68,1567320468265
tap2,353,966,1101,1013.062,1138.4071,0.68,1567320470011
tap2,367,345,1722,390.6383,1741.0931,0.59999996,1567320471145
tap2,252,345,1101,444.58835,1071.4419,0.69,1567320472136
tap2,376,966,1722,1046.0315,1699.115,0.42999998,1567320473718
tap2,383,414,1791,460.57355,1795.0651,0.51,1567320475108
tap2,155,621,825,700.3515,805.5804,0.89,1567320476486
tap2,328,414,825,488.54764,855.5544,0.59,1567320477538
tap2,386,621,1791,641.4061,1823.0504,0.51,1567320478876
tap2,55,690,825,796.2627,843.5606,0.82,1567320480081
tap2,384,483,1791,536.50323,1780.0729,0.55,1567320481205
tap2,327,483,825,548.4921,838.56323,0.84999996,1567320482379
tap2,387,690,1791,879.1859,1696.1166,0.21,1567320483268
tap2,387,690,1791,747.30804,1818.0531,0.53,1567320483584
tap1,2,288,642,409.62073,684.6434,0.66999996,1567320600831
tap1,3,576,930,692.35895,972.49347,0.59,1567320601691
tap1,4,576,642,681.3691,669.6512,0.61,1567320602539
tap1,5,288,930,383.64478,986.4862,0.98999995,1567320603417
tap1,9,288,786,404.62534,831.5669,0.53,1567320604152
tap1,17,576,1074,718.3349,1075.4398,0.64,1567320605009
tap1,16,288,1074,395.63367,1107.4232,0.85999995,1567320605887
tap1,7,576,786,720.333,809.5783,0.82,1567320606633
tap1,4,576,642,670.3793,714.6278,0.83,1567320607378
tap1,10,288,354,402.6272,404.78915,0.44,1567320608460
tap1,2,288,642,403.62628,728.6205,0.74,1567320609399
tap1,11,576,354,638.4089,431.77512,0.85999995,1567320610430
tap1,4,576,642,693.35803,703.6335,0.93,1567320611329
tap1,18,288,1218,400.62906,1301.3221,0.65,1567320612166
tap1,2,288,642,408.62164,713.6283,1.04,1567320613044
tap1,19,576,1218,706.346,1265.341,0.53999996,1567320613993
tap1,13,576,210,712.34045,263.86258,0.84999996,1567320614892
tap1,6,288,498,401.6281,566.70483,0.98999995,1567320615770
tap1,12,288,210,413.61703,246.87141,1.06,1567320616648
tap1,8,576,498,704.34784,564.7059,0.9,1567320617475
tap1,19,576,1218,704.34784,1255.3462,0.68,1567320618322
tap1,22,288,1506,405.62442,1572.1812,0.53,1567320619384
tap1,18,288,1218,419.61148,1270.3384,0.78999996,1567320620211
tap1,23,576,1506,729.3247,1540.1978,0.61,1567320621242
tap1,14,288,66,445.58743,111.941696,0.89,1567320622446
tap1,11,576,354,738.3164,390.79645,0.74,1567320623304
tap1,10,288,354,420.61053,350.81726,0.78,1567320624152
tap1,15,576,66,669.3802,144.92451,0.93,1567320625223
tap1,17,576,1074,692.35895,1150.4008,0.65999997,1567320626091
tap1,20,288,1362,404.62534,1442.2488,0.71,1567320626898
tap1,21,576,1362,710.3423,1431.2545,0.55,1567320627745
tap1,16,288,1074,455.5782,1129.4117,0.77,1567320628501
tap1,9,288,786,379.64847,850.557,1.06,1567320629277
tap1,8,576,498,947.12305,293.84695,0.53,1567320629695
tap1,6,288,498,713.3395,557.70953,1.12,1567320629961
tap1,7,576,786,677.3728,857.55334,0.88,1567320630798
tap1,24,144,66,266.75302,153.91983,0.90999997,1567320631993
tap1,26,432,354,545.49493,431.77512,0.89,1567320632983
tap1,27,144,354,237.77983,440.77042,0.84999996,1567320633943
tap1,25,432,66,535.50415,157.91774,0.90999997,1567320635107
tap1,66,720,1506,828.2331,1578.178,0.9,1567320636026
tap1,41,432,1218,594.4496,1274.3363,0.71999997,1567320636975
tap1,42,432,1506,571.4709,1526.2051,0.65,1567320637914
tap1,65,720,1218,823.23773,1268.3394,0.78,1567320638802
tap1,36,144,786,257.76132,857.55334,1.0799999,1567320639650
tap1,38,432,1074,580.4625,1091.4315,0.71,1567320640497
tap1,39,144,1074,255.76318,1126.4133,0.83,1567320641355
tap1,37,432,786,551.4894,843.5606,0.78,1567320642121
tap1,16,288,1074,371.65588,1157.3972,0.97999996,1567320642937
tap1,56,0,1362,133.87604,1417.2618,0.75,1567320643836
tap1,20,288,1362,381.64664,1416.2623,0.84999996,1567320644530
tap1,53,0,1074,126.882515,1111.4211,0.85999995,1567320645438
tap1,59,720,210,823.23773,266.861,1.01,1567320646368
tap1,30,432,498,539.5005,551.71265,0.90999997,1567320647184
tap1,29,432,210,554.4866,263.86258,1.04,1567320648195
tap1,60,720,498,842.22015,540.7184,0.95,1567320649012
tap1,33,432,642,546.494,716.6267,1.05,1567320649849
tap1,62,720,930,850.21277,1010.4737,1.22,1567320650635
tap1,61,720,642,829.2322,725.6221,1.26,1567320651544
tap1,34,432,930,564.47736,1025.4658,0.87,1567320652330
tap1,6,288,498,401.6281,568.7038,1.04,1567320653249
tap1,48,0,210,104.90287,305.8407,1.0799999,1567320654259
tap1,12,288,210,386.642,283.85214,1.24,1567320655250
tap1,49,0,498,141.86864,595.68976,0.72999996,1567320656169
tap1,51,0,930,129.87975,1001.4784,1.15,1567320657118
tap1,2,288,642,414.6161,693.63873,1.1899999,1567320658017
tap1,5,288,930,429.60223,1007.4752,1.17,1567320658752
tap1,50,0,642,124.88437,707.6314,1.23,1567320659681
tap1,37,432,786,608.43665,866.54865,1.1899999,1567320660457
tap1,64,720,1074,844.2183,1178.3862,0.96,1567320661202
tap1,38,432,1074,564.47736,1151.4003,1.1,1567320661866
tap1,63,720,786,847.2156,872.54553,1.23,1567320662785
tap1,29,432,210,557.4838,291.848,0.96999997,1567320663928
tap1,31,144,498,278.7419,570.70276,0.76,1567320664725
tap1,28,144,210,267.75208,302.84225,0.95,1567320665582
tap1,30,432,498,536.50323,476.75168,0.77,1567320666287
tap1,42,432,1506,560.481,1552.1915,0.7,1567320667195
tap1,40,144,1218,229.78723,1273.3368,0.75,1567320668043
tap1,41,432,1218,590.4533,1244.3519,0.69,1567320668686
tap1,43,144,1506,274.7456,1520.2081,0.63,1567320669472
tap1,45,144,1362,248.76965,1441.2493,0.71999997,1567320670248
tap1,82,432,1650,541.4986,1659.1359,0.59,1567320671034
tap1,80,144,1650,276.74374,1711.1088,0.48999998,1567320671800
tap1,44,432,1362,506.531,1427.2566,0.71,1567320672555
tap1,57,720,66,826.235,94.95055,0.77,1567320673576
tap1,26,432,354,553.4875,440.77042,0.53,1567320674454
tap1,58,720,354,819.24146,428.77667,0.9,1567320675240
tap1,25,432,66,616.42926,156.91827,0.53,1567320676057
tap1,64,720,1074,783.2748,1111.4211,0.69,1567320677017
tap1,44,432,1362,540.4995,1434.2529,0.72999996,1567320677782
tap1,38,432,1074,560.481,1151.4003,0.61,1567320678579
tap1,67,720,1362,800.25903,1430.255,0.93,1567320679436
tap1,9,288,786,363.66327,863.55023,0.94,1567320680324
tap1,53,0,1074,142.86772,1134.4092,0.62,1567320681111
tap1,16,288,1074,431.60037,1103.4253,0.7,1567320682285
tap1,52,0,786,120.88807,860.55176,0.81,1567320683254
tap1,74,864,786,984.0888,849.5575,0.83,1567320684490
tap1,17,576,1074,733.321,1147.4023,0.74,1567320685215
tap1,75,864,1074,942.1277,1151.4003,0.93,1567320686062
tap1,7,576,786,662.38666,847.55853,0.96,1567320686961
tap1,38,288,66,406.6235,167.91254,0.97999996,1567320687961
tap1,45,0,354,121.887146,416.78293,0.84999996,1567320688860
tap1,44,0,66,128.88066,159.9167,0.88,1567320689870
tap1,39,288,354,392.63644,404.78915,0.78999996,1567320690748
tap1,14,288,1506,385.6429,1563.1858,0.66999996,1567320691616
tap1,47,0,1794,89.91675,1876.0228,0.48,1567320692719
tap1,46,0,1506,120.88807,1552.1915,0.56,1567320693454
tap1,10,288,1794,379.64847,1815.0546,0.53,1567320694434
tap1,22,864,210,985.0879,234.87766,0.71,1567320695567
tap1,86,576,498,685.3654,525.7262,0.55,1567320696455
tap1,55,576,210,702.3497,244.87245,0.87,1567320697374
tap1,88,864,498,970.10175,567.7043,0.85999995,1567320698293
tap1,70,864,1362,958.11285,1390.2759,0.57,1567320699089
tap1,8,576,1650,695.35614,1717.1056,0.52,1567320699907
tap1,13,576,1362,702.3497,1413.2639,0.85999995,1567320700601
tap1,71,864,1650,988.0851,1680.1249,0.61,1567320701540
tap1,78,576,1218,639.40796,1292.3269,0.64,1567320702347
tap1,83,864,1506,997.0768,1551.192,0.51,1567320703092
tap1,21,864,1218,990.08325,1283.3315,0.71,1567320703878
tap1,85,576,1506,700.3515,1562.1863,0.66999996,1567320704736
tap1,19,576,66,648.39966,138.92764,0.79999995,1567320705757
tap1,77,864,354,1011.06384,416.78293,0.55,1567320706625
tap1,76,576,354,702.3497,397.79282,0.81,1567320707503
tap1,23,864,66,945.1249,143.92503,0.87,1567320708657
tap1,15,576,1362,685.3654,1428.2561,0.42,1567320709596
tap1,69,864,1074,975.09717,1132.4102,0.53,1567320710444
tap1,11,576,1074,701.3506,1159.3961,0.74,1567320711261
tap1,68,864,1362,926.14246,1474.2322,0.78,1567320712129
tap1,21,0,1218,140.86957,1287.3295,0.81,1567320713047
tap1,75,288,1506,359.667,1667.1317,0.47,1567320713885
tap1,17,288,1218,438.5939,1241.3534,0.39,1567320714681
tap1,78,0,1506,150.86032,1536.1998,0.52,1567320715498
tap1,54,576,642,687.3635,710.6299,0.5,1567320716529
tap1,22,864,930,992.0814,991.4836,0.59999996,1567320717326
tap1,18,864,642,940.1295,687.64185,0.81,1567320718204
tap1,55,576,930,728.3256,977.49084,0.68,1567320719041
tap1,4,576,1794,713.3395,1823.0504,0.55,1567320720082
tap1,73,864,1506,1000.07404,1536.1998,0.65,1567320721062
tap1,72,576,1506,682.36816,1543.1962,0.82,1567320721940
tap1,3,864,1794,1031.0453,1820.052,0.42999998,1567320722900
tap1,90,720,1362,855.2081,1408.2665,0.63,1567320723717
tap1,77,432,1650,532.50696,1666.1322,0.63,1567320724534
tap1,23,720,1650,824.2368,1716.1062,0.59,1567320725350
tap1,92,432,1362,545.49493,1390.2759,0.71999997,1567320726106
tap1,67,432,1074,586.457,1086.4341,0.65,1567320726872
tap1,82,144,1362,268.75116,1406.2676,0.5,1567320727617
tap1,84,432,1362,518.5199,1387.2775,0.65,1567320728464
tap1,44,144,1074,249.76874,1099.4274,0.48,1567320729260
tap1,38,432,1506,511.52637,1496.2207,0.59999996,1567320730046
tap1,45,144,1794,235.78168,1799.063,0.53999996,1567320730822
tap1,44,432,1794,512.52545,1823.0504,0.48999998,1567320731629
tap1,39,144,1506,242.7752,1581.1764,0.58,1567320732405
tap1,42,432,1506,532.50696,1569.1827,0.74,1567320733027
tap1,87,720,1794,857.2063,1767.0796,0.66999996,1567320733711
tap1,89,432,1794,526.5125,1835.0442,0.55,1567320734406
tap1,43,720,1506,802.2572,1560.1874,0.69,1567320735457
tap1,42,0,1362,103.90379,1441.2493,0.62,1567320736315
tap1,91,288,1650,380.64755,1701.114,0.76,1567320737019
tap1,89,288,1362,422.6087,1437.2513,0.59,1567320737734
tap1,66,0,1650,135.87419,1713.1077,0.82,1567320738520
tap1,56,432,642,514.5236,738.6153,1.06,1567320739490
tap1,81,144,930,274.7456,991.4836,0.61,1567320740235
tap1,20,432,930,556.48474,966.4966,0.9,1567320740960
tap1,79,144,642,264.75485,719.6252,0.97999996,1567320741910
drag1,2,341.68362,651.16077,0.5,1043.402924,68.8220574113589
drag1,3,663.38574,911.5252,0.59999996,1858.8584609999998,39.35349726393709
drag1,4,684.5236,683.6439,0.83,1195.537077,60.83180722669557
drag1,5,389.63922,932.5143,0.77,1249.406769,31.027110805379035
drag1,9,406.6235,836.5643,0.79999995,1504.5295389999999,58.9060236725709
drag1,17,646.4015,1064.9453,0.68,1615.392384,36.9273316197518
drag1,16,422.6871,1072.4414,0.65,1472.418307,64.20044606211142
drag1,7,735.3514,786.46136,1.01,1778.5539999999999,94.58272278644401
drag1,4,699.3525,672.64966,0.79999995,1756.274385,84.27091043012801
drag1,10,397.63184,313.83655,0.94,4081.62677,99.94636790768986
drag1,2,370.6568,610.68195,0.77,2153.6053079999997,45.33196281772471
drag1,11,645.4024,386.79852,0.96,2056.686769,71.85083007047749
drag1,4,680.37006,578.6986,0.66999996,1224.026077,68.30039658545849
drag1,18,333.69104,1171.3899,0.65,1319.516462,68.61494087462025
drag1,2,393.98233,639.7687,0.65,1656.576308,110.69880710660166
drag1,19,639.40796,1192.7549,0.53999996,1999.858154,49.341982730761124
drag1,13,634.14716,242.62886,0.59,1974.235538,82.70765619710183
drag1,6,394.24448,484.74753,0.61,1166.541385,37.91120078453744
drag1,12,390.6383,255.86673,0.65,1126.2098469999999,77.43748256855594
drag1,8,650.39777,487.74594,0.69,1227.9853839999998,41.532388014994105
drag1,19,675.37463,1202.3738,0.64,1371.9686159999999,23.309279168843968
drag1,22,404.1258,1478.7297,0.63,1399.602077,33.723028225837304
drag1,18,395.63367,1239.3545,0.61,1012.2993849999999,120.1884391565945
drag1,23,668.3811,1482.228,0.59999996,1163.697924,37.95679840416118
drag1,14,371.02603,72.59263,0.72999996,2290.1610769999998,106.95879618800008
drag1,11,677.3728,326.82977,0.75,1134.870154,44.05086787778437
drag1,10,397.63184,346.81937,1.04,2117.464615,72.99772186000898
drag1,15,685.3654,92.951584,1.06,2293.142539,102.57908226227237
drag1,17,653.395,1076.4393,0.75,1645.973923,30.8989329746249
drag1,20,422.10916,1358.2925,0.75,1185.359076,53.524219564098644
drag1,21,686.3645,1372.2853,0.64,636.3486919999999,104.83415432735431
drag1,16,438.09436,1090.432,0.82,2021.014923,86.50825433750448
drag1,24,225.79094,81.95731,0.71,2425.8625389999997,107.31924342962742
drag1,26,542.4977,377.80322,0.72999996,1267.3615379999999,33.58409805444999
drag1,27,253.76503,349.81778,0.75,1770.72677,58.555423472479966
drag1,25,592.4514,100.94742,1.0,1318.954231,130.58230946482539
drag1,66,782.29974,1493.2223,0.68,2105.964539,61.86111135977456
drag1,41,560.481,1250.3488,0.82,1490.363154,112.15204389354749
drag1,42,553.4875,1475.2316,0.7,1003.629462,35.167668647549185
drag1,65,815.2451,1209.3701,1.12,2381.921692,85.99295299208721
drag1,36,734.32007,1248.3497,0.9,929.098077,615.9859806269121
drag1,38,548.7507,1086.1754,1.17,1991.2245389999998,90.72892643246706
drag1,39,295.7262,1038.4591,0.79999995,2099.203308,69.01900907352737
drag1,37,567.47455,829.56793,0.65,2170.343077,86.29792876136482
drag1,16,380.64755,1072.4414,0.59999996,1267.611385,32.086271135678146
drag1,56,134.69377,1370.2863,0.82,1166.1164609999998,39.31279271670774
drag1,20,374.6531,1391.2754,0.66999996,908.6983849999999,69.27521756571166
drag1,53,129.87975,1111.4211,0.9,1431.385924,102.80151650170518
drag1,59,837.2248,271.8584,0.71,2685.7188459999998,72.62835794844159
drag1,30,550.4903,525.7254,0.89,1497.219308,31.14815852140094
drag1,29,495.54117,580.6975,0.64,40.610769,329.607342151233
drag1,60,571.4709,418.78186,0.66999996,490.04053899999997,330.2680372910402
drag1,33,584.45886,440.77042,0.9,340.391154,284.3817856333278
drag1,62,820.24054,925.51794,0.72999996,1286.234,32.956886591519805
drag1,61,801.2581,681.64496,0.59999996,1289.451231,75.44570120421189
drag1,34,541.4986,892.4638,0.78999996,2755.912154,84.85093071203345
drag1,6,404.62534,513.70544,0.66999996,1684.4791539999999,104.34521193843025
drag1,48,81.92415,205.89276,0.63,1502.434153,130.29977065882696
drag1,12,328.94888,164.40744,0.62,1881.8237689999999,56.590427790211734
drag1,49,74.93062,435.773,0.62,1960.4809229999998,67.35470415401639
drag1,51,119.88899,897.53253,0.69,1775.432462,64.7414309634084
drag1,2,407.62256,665.65326,0.89,1463.9039229999998,100.95612975760655
drag1,5,371.65588,866.5945,0.83,1908.3306149999999,73.43091862437196
drag1,50,101.25563,656.8326,0.61,1625.634077,90.2576665300326
drag1,37,538.5014,797.5846,0.48999998,1607.21,60.60305827357124
drag1,64,789.2692,1044.4559,0.53,1535.514307,68.43593748654483
drag1,38,547.2327,1053.4513,0.91999996,1683.1811539999999,64.97278123450931
drag1,63,811.24884,789.58875,0.93,1900.4099999999999,78.82647396446023
drag1,29,571.4709,216.88704,0.75,1868.421692,115.69198129779474
drag1,31,249.76874,486.7628,0.48999998,1254.641462,33.0578814636239
drag1,28,229.78723,225.88235,0.76,1285.052539,103.08899551180997
drag1,30,488.54764,456.7621,0.66999996,1327.279923,67.71090536216097
drag1,42,519.3169,1513.414,0.71999997,1617.9244609999998,31.35724323385765
drag1,40,258.7604,1239.3545,0.53,1502.070692,89.82284812475113
drag1,41,452.2032,1218.3654,0.63,799.1633079999999,46.26768727510895
drag1,43,257.76132,1469.2347,0.90999997,2471.2282299999997,55.29657930924886
drag1,45,238.02295,1424.2582,0.58,1082.5405389999999,70.90026170118387
drag1,82,504.53284,1613.1598,0.58,1133.332077,55.45091942966891
drag1,80,404.62534,1666.1322,0.61,520.949923,161.40394298328144
drag1,44,560.481,1363.2899,0.76,1030.886077,74.23972312789174
drag1,57,837.01105,75.960434,0.75,2134.810308,89.0450617224622
drag1,26,522.5162,262.8631,0.74,1441.166,117.71343945916757
drag1,58,783.2748,335.82507,0.71999997,1207.779615,60.62782312750836
drag1,25,543.49677,87.954185,0.98999995,1656.976615,84.75992638604517
drag1,64,873.19147,1059.4481,0.66999996,1555.279538,59.951032630869314
drag1,44,518.5199,1355.2941,0.66999996,1799.937538,55.82001469387861
drag1,38,559.48193,1062.4467,0.59,950.1121539999999,145.43776235184862
drag1,67,809.2507,1351.2961,0.65,908.514384,39.74703780517576
drag1,9,374.6531,788.58923,0.77,1581.4240009999999,108.82948945183928
drag1,53,130.87881,1101.4263,0.65999997,930.36177,7.776779426398855
drag1,16,395.63367,1095.4294,0.75,816.748616,68.46603540349528
drag1,52,128.88066,816.5747,0.65,1092.730769,81.85180496841305
drag1,74,578.4644,773.59705,0.71999997,1582.4429229999998,369.1431610967229
drag1,17,662.7996,1030.05,0.59999996,1246.265846,57.4907926747471
drag1,75,938.13135,1083.4357,0.68,1163.865077,69.08314003630235
drag1,7,673.3765,777.595,0.63,1184.3849229999998,108.05787221554047
drag1,70,983.1349,183.9042,0.55,1469.223538,89.73667289997377
drag1,8,677.3728,442.76938,0.94,2112.940847,58.195258316992174
drag1,13,687.3635,212.88911,0.79999995,1615.416616,98.7775974144283
drag1,71,949.1212,524.7267,0.77,2362.499307,20.64370954036718
drag1,78,984.0888,1369.2867,0.62,1491.485308,7.401856922255458
drag1,83,889.1767,1546.1947,0.78,755.418923,243.8999316775114
drag1,21,682.36816,1397.2722,0.66999996,1226.020384,95.70762389846418
drag1,85,942.1277,1667.1317,0.65,908.6269229999999,46.978949877619556
drag1,19,691.99194,1223.6279,0.72999996,1532.660154,101.39690595921466
drag1,77,920.7259,1489.9347,0.85999995,1655.238692,22.660142243592567
drag1,76,911.1564,1187.3816,1.17,1881.3907689999999,81.82126830427937
drag1,23,730.3238,1430.255,0.84,1278.3880769999998,97.01580958804628
drag1,15,649.3987,80.95783,0.87,2518.683462,118.65604460783248
drag1,69,976.0962,359.8126,0.68,1083.792077,99.06685438551517
drag1,11,847.2156,408.78708,0.78999996,494.025539,162.73098706854432
drag1,68,840.22205,351.81674,0.58,662.338539,230.90628889206576
drag1,21,649.1292,1353.1997,0.57,1725.304539,90.78602317879762
drag1,75,948.12213,1114.4196,0.72999996,971.476692,107.48117749708182
drag1,17,734.7877,1093.1752,0.53999996,817.6147689999999,69.5863514360361
drag1,78,941.47327,1357.523,0.63,836.898616,64.84792506211818
drag1,54,154.85661,1259.3441,0.71999997,1101.588461,59.3245202390819
drag1,22,364.66235,1492.2228,0.59999996,683.768616,61.43502237365585
drag1,18,389.13965,1243.3524,0.68,1193.301154,97.20750246069812
drag1,55,427.60406,1285.3306,0.71999997,493.475461,409.4854591854693
drag1,67,789.2692,1362.2904,0.75,1000.2356159999999,74.05398377062919
drag1,82,548.4139,1629.1515,0.79999995,1244.501307,31.5108766899013
drag1,84,777.2803,1656.1373,0.65999997,806.050539,81.88494695144075
drag1,44,576.46625,1385.2784,1.17,1520.243462,112.63582441954877
drag1,38,531.99445,1113.0956,0.71999997,1137.381154,63.40419765933276
drag1,45,306.716,1333.3055,0.51,1867.585693,67.51293799201508
drag1,44,479.55597,1351.2961,1.13,1677.749538,46.61995439931099
drag1,39,245.99055,1048.1091,0.9,1585.543538,122.17126837200543
drag1,56,136.87326,1333.3055,0.72999996,1725.770616,47.0404804621415
drag1,81,363.66327,1633.1494,0.61,1012.767923,53.68220754161501
drag1,20,371.0013,1383.2795,0.83,1083.351077,93.80170504016978
drag1,79,65.93895,1622.155,0.56,1643.881616,48.96831770780054
drag1,33,503.53378,625.67413,0.63,1749.3880769999998,92.45425640187642
drag1,35,239.77798,883.5398,0.42,1276.4356149999999,57.6788270515948
drag1,34,535.50415,925.51794,0.69,745.871231,103.43412225774735
drag1,32,270.7493,642.6653,0.78,1173.746077,69.85981092043569
drag1,9,354.6716,764.60175,0.66999996,714.460923,59.89086184407699
drag1,8,671.37836,530.7236,0.77,938.5866149999999,76.39578390542745
drag1,6,431.60037,466.7569,0.84,1898.396385,89.58935956656234
drag1,7,689.3617,785.5908,0.75,980.988154,94.61828379393191
drag1,14,355.6707,59.968765,0.95,1614.866462,129.53818123874268
drag1,47,103.40425,313.3368,0.69,1534.3780769999998,72.19882793866674
drag1,46,95.911194,121.936485,0.87,1014.121539,86.2725654059477
drag1,10,380.64755,344.8204,0.77,1000.709538,54.10870804578393
drag1,4,627.7992,620.8668,0.82,1695.981,63.01604637390083
drag1,73,905.16187,931.51483,1.03,1562.231538,25.53841303894913
drag1,72,955.5762,642.6653,0.85999995,1011.348539,122.32154350347491
drag1,3,689.3617,866.54865,0.82,1979.8490769999999,80.569842018272
