scale2,25,77.650345,2082.898154
scale2,9,52.756454,1542.556384
scale2,28,79.81821,1746.6806159999999
scale2,10,16.67177,1971.7575379999998
scale2,29,-382.77383,2229.384616
scale2,12,61.852783,1634.406692
scale2,30,35.063316,1635.492231
scale2,13,29.822788,2084.349539
scale2,32,140.1289,1324.8878459999999
scale2,15,-49.627773,1512.3856919999998
scale2,34,-11.323168,2278.5666149999997
scale2,17,21.63252,1797.4869999999999
scale2,1,-38.516342,1724.93823
scale2,20,92.37033,1724.832385
scale2,3,35.84355,1203.143924
scale2,24,48.96524,1338.5993839999999
scale2,16,70.297966,1318.805231
scale2,2,-56.318813,1328.850538
scale2,23,28.461342,1389.640847
scale2,7,46.903557,1449.662615
scale2,11,29.27777,1532.543154
scale2,14,136.16698,1166.2562309999998
scale2,26,-29.080633,1120.212077
scale2,35,1.4950733,949.91477
scale2,21,61.450138,957.486693
scale2,22,69.3345,947.161384
scale2,27,19.637558,1273.917616
scale2,36,-14.6832905,1174.459308
scale2,31,55.946068,1001.8292299999999
scale2,19,-15.450497,1355.2491539999999
scale2,4,11.501673,1327.789384
scale2,8,3.5424042,1255.92577
scale2,5,82.90642,910.113154
scale2,33,-518.2611,1222.262
scale2,18,28.834528,827.7590769999999
scale2,6,-72.86615,814.187
scale1,27,16.342575,1049.085307
scale1,46,29.954498,1171.417
scale1,26,10.539768,937.1329999999999
scale1,4,31.678116,865.3700769999999
scale1,43,6.9388275,763.4112309999999
scale1,25,27.070518,916.7157689999999
scale1,42,4.494713,937.430924
scale1,23,-13.9870205,957.6556929999999
scale1,5,-34.15486,1028.519001
scale1,24,-11.5954,793.6306159999999
scale1,19,0.65296555,764.0696919999999
scale1,2,7.9268074,773.607539
scale1,44,10.977676,611.98477
scale1,65,52.070526,691.372538
scale1,45,5.6355743,610.771076
scale1,28,45.478146,641.320616
scale1,13,30.429623,549.2722309999999
scale1,56,-128.51604,681.804
scale1,40,25.7822,518.137461
scale1,41,51.10222,548.572154
scale1,6,-5.553692,610.582693
scale1,51,0.5816231,692.108308
scale1,36,-7.7464085,804.53877
scale1,21,-8.663578,661.6789229999999
scale1,8,-28.409082,528.205231
scale1,57,28.02523,744.92277
scale1,39,-5.2370796,548.5966159999999
scale1,9,5.1620636,579.399153
scale1,58,0.9651146,772.8205389999999
scale1,47,50.573467,610.272846
scale1,1,33.955444,804.4046159999999
scale1,35,17.21386,692.0419999999999
scale1,3,-10.658403,712.373923
scale1,17,-8.521734,681.366769
scale1,53,40.713547,681.344692
scale1,34,-118.95993,589.0528459999999
scale1,18,-17.589643,630.0567699999999
scale1,50,-12.774061,1500.3153849999999
scale1,62,31.450115,725.964154
scale1,66,55.24911,641.183846
scale1,20,-7.215357,610.207846
scale1,37,-20.62187,549.141
scale1,32,22.526642,742.865461
scale1,31,17.700897,630.9402309999999
scale1,49,-14.933218,641.2443079999999
scale1,7,-40.386757,590.0707689999999
scale1,15,-26.125025,783.884462
scale1,10,-26.188093,722.704308
scale1,60,22.188847,783.920308
scale1,63,-15.601101,784.033385
scale1,59,30.99796,743.155846
scale1,55,15.583866,794.1669999999999
scale1,14,-8.824064,641.4278459999999
scale1,12,20.097977,672.021385
scale1,54,63.050056,732.809231
scale1,52,10.792866,692.13
scale1,48,27.753662,559.251462
scale1,30,13.805008,590.272923
scale1,16,10.391315,569.5559999999999
scale1,11,27.822636,1038.751077
scale1,61,-16.438963,549.395
scale1,38,29.009056,538.7996929999999
scale1,29,21.896027,631.276846
scale1,64,14.464153,508.03684599999997
scale1,22,13.943367,1059.672616
scale1,33,14.441631,589.0620769999999
rotate2,2,1.2420349,1998.820153
rotate2,13,-67.87928,266.40353799999997
rotate2,8,-75.009125,783.913462
rotate2,2,-0.4230957,2540.446
rotate2,13,7.4067917,1838.5587699999999
rotate2,8,-2.059578,1859.692769
rotate2,3,12.435921,1484.4613849999998
rotate2,7,-59.250267,3146.532846
rotate2,2,-0.63762665,2278.351
rotate2,13,6.126007,2018.7474619999998
rotate2,8,-0.7701187,2318.4553849999998
rotate2,3,10.535896,1633.0624619999999
rotate2,7,-3.506607,1950.8943849999998
rotate2,12,-1.3689346,2186.8166149999997
rotate2,1,-30.310886,3369.519307
rotate2,11,-65.80765,3019.910692
rotate2,6,5.706871,1744.808693
rotate2,10,-64.02874,1757.6217689999999
rotate2,5,-66.460434,2164.6644619999997
rotate2,15,9.250305,3616.5018459999997
rotate2,9,-73.24858,2851.418616
rotate2,2,10.109497,2757.734923
rotate2,13,11.454216,2829.389154
rotate2,8,1.5939178,3145.961308
rotate2,3,3.9337769,2248.058923
rotate2,7,-1.5894623,2607.0810779999997
rotate2,12,-2.9593964,2665.785308
rotate2,1,-55.510918,2348.602077
rotate2,11,-55.973644,3184.208846
rotate2,6,6.4933777,2163.037462
rotate2,10,-72.36603,2378.9103849999997
rotate2,5,-12.523132,2280.2256159999997
rotate2,15,49.6277,2421.880769
rotate2,9,49.6277,1571.309693
rotate2,2,8.391846,1989.2577689999998
rotate2,13,13.013657,3305.5599239999997
rotate2,8,-4.341118,2468.513077
rotate2,3,5.28804,2582.6630769999997
rotate2,7,-8.830154,2580.1297689999997
rotate2,12,-3.7740326,2522.241692
rotate2,1,-12.344879,2979.104692
rotate2,11,-58.845917,2470.361231
rotate2,6,3.0536194,2185.5653079999997
rotate2,10,-56.00885,1101.051462
rotate2,5,-22.05154,1752.423077
rotate2,15,13.358627,3643.2485389999997
rotate2,9,-180.1636,2755.9366929999997
rotate2,2,2.9591217,3153.339693
rotate2,13,5.3651123,1897.5162309999998
rotate2,8,-4.938545,1949.1741539999998
rotate2,3,3.655342,1819.3036929999998
rotate2,7,-9.55835,1889.217847
rotate2,12,4.7547836,1910.431615
rotate2,1,-47.89752,2018.4463079999998
rotate2,11,-2.6537628,2143.854154
rotate2,6,-9.007835,2654.783846
rotate2,10,-0.25537872,4216.860846
rotate2,5,-6.32119,2755.269616
rotate2,15,7.4896774,1889.2469239999998
rotate2,9,4.3328934,2094.701923
rotate2,4,4.730995,1816.2483849999999
rotate2,14,-4.725281,2196.4324619999998
rotate1,9,13.696209,768.4919239999999
rotate1,4,4.230997,1642.174923
rotate1,13,-14.794702,777.041385
rotate1,6,5.5769615,1010.881538
rotate1,15,23.056,980.9710769999999
rotate1,2,9.360094,838.6667689999999
rotate1,10,46.972317,1497.569231
rotate1,5,11.844427,794.869077
rotate1,14,8.371822,927.2811529999999
rotate1,8,0.82723045,590.126
rotate1,11,1.6888199,591.221923
rotate1,7,-175.64903,1396.3253069999998
rotate1,1,18.598522,971.116231
rotate1,12,15.229073,736.416384
rotate1,3,5.8388996,702.3750769999999
tap2,6,138,480,159.85199,494.7423,1.61,1567478231155
tap2,6,138,480,214.80112,542.71735,1.76,1567478236813
tap2,7,759,1101,811.24884,1047.4545,1.7099999,1567478237657
tap2,8,138,1101,262.7567,1138.4071,1.53,1567478238487
tap2,9,759,480,853.21,494.7423,1.88,1567478239355
tap2,164,0,687,106.90102,742.6132,1.5799999,1567478240192
tap2,183,621,1308,695.35614,1327.3087,1.81,1567478241049
tap2,182,0,1308,100.90657,1380.2811,1.48,1567478241968
tap2,163,621,687,694.35706,744.6122,1.89,1567478242856
tap2,242,345,66,370.6568,193.899,1.93,1567478243846
tap2,243,552,1032,613.432,1055.4503,1.9,1567478244786
tap2,244,345,1032,442.5902,1105.4242,1.74,1567478245663
tap2,245,552,66,588.45514,138.92764,2.08,1567478246673
tap2,42,69,411,156.85477,412.785,1.81,1567478247970
tap2,43,690,1032,774.2831,1109.4221,1.8299999,1567478248909
tap2,45,690,411,734.32007,375.80426,1.9699999,1567478249776
tap2,44,69,1032,114.893616,1119.417,1.6899999,1567478250573
tap2,322,345,756,422.6087,757.6054,1.65,1567478251440
tap2,321,483,1653,605.4394,1715.1067,1.87,1567478252237
tap2,316,345,1653,402.6272,1640.1458,1.8199999,1567478253176
tap2,323,483,756,518.5199,772.5976,1.63,1567478254053
tap2,2,138,549,232.78445,608.683,1.8199999,1567478254850
tap2,3,759,1170,821.2396,1238.355,1.8399999,1567478255625
tap2,4,138,1170,197.81683,1273.3368,1.43,1567478256442
tap2,5,759,549,862.20166,552.7121,2.0,1567478257300
tap2,11,759,1032,844.2183,1109.4221,1.99,1567478258117
tap2,10,138,411,206.80852,455.7626,1.8299999,1567478258912
tap2,12,138,1032,216.79926,1063.446,1.62,1567478259698
tap2,13,759,411,827.2341,472.75375,2.02,1567478260475
tap2,15,759,963,839.22296,1019.469,1.8499999,1567478261311
tap2,14,138,342,273.74652,409.78656,1.77,1567478262169
tap2,17,759,342,763.2933,349.81778,2.0,1567478262996
tap2,16,138,963,154.85661,993.48254,1.7199999,1567478263914
tap2,122,207,66,283.73727,89.95315,1.8499999,1567478264904
tap2,123,828,687,861.2026,756.6059,1.93,1567478265833
tap2,124,207,687,242.7752,754.60693,1.9599999,1567478266650
tap2,125,828,66,923.14526,73.96148,1.92,1567478267925
tap2,135,621,1170,691.35986,1228.3602,1.91,1567478268814
tap2,134,0,549,114.893616,589.6929,2.02,1567478269549
tap2,136,0,1170,100.90657,1228.3602,1.53,1567478270367
tap2,137,621,549,637.4098,553.7116,2.04,1567478271193
tap2,130,69,66,958.11285,753.6075,0.17,1567478272009
tap2,131,690,687,747.30804,714.6278,2.03,1567478272918
tap2,133,690,66,737.3173,141.92607,2.26,1567478274347
tap2,132,69,687,149.86124,752.608,1.9,1567478275204
tap2,127,759,687,823.23773,705.63245,1.9399999,1567478275960
tap2,126,138,66,1009.0657,428.77667,0.42999998,1567478276818
tap2,128,138,687,194.81961,728.6205,1.78,1567478277695
tap2,129,759,66,770.2868,90.95263,2.1,1567478278655
tap2,18,138,273,240.77705,325.8303,1.74,1567478279635
tap2,19,759,894,815.2451,943.50854,1.78,1567478280462
tap2,20,138,894,230.78632,936.5122,1.78,1567478281350
tap2,21,759,273,823.23773,309.83862,2.06,1567478282116
tap2,35,828,1170,914.15356,1247.3503,1.8199999,1567478282912
tap2,34,207,549,318.7049,617.6783,1.7099999,1567478283616
tap2,36,207,1170,251.76688,1215.367,1.63,1567478284413
tap2,37,828,549,945.1249,540.7184,1.8499999,1567478285178
tap2,26,138,135,245.77243,247.8709,1.87,1567478286148
tap2,27,759,756,745.3099,817.57416,1.88,1567478287118
tap2,28,138,756,175.83719,758.60486,1.7099999,1567478287955
tap2,29,759,135,776.28125,175.90837,2.18,1567478288976
tap2,43,690,1032,745.3099,1086.4341,1.73,1567478289803
tap2,42,69,411,126.882515,414.78397,1.99,1567478290630
tap2,45,690,411,702.3497,480.7496,2.08,1567478291468
tap2,44,69,1032,189.82423,1036.4602,1.73,1567478292253
tap2,24,138,825,219.79648,886.53827,1.8199999,1567478293152
tap2,25,759,204,790.26825,313.83655,2.11,1567478293989
tap2,22,138,204,189.82423,235.87714,1.9399999,1567478294878
tap2,23,759,825,789.2692,900.53094,2.1,1567478295765
tap2,38,69,480,189.82423,537.7199,1.8199999,1567478296612
tap2,39,690,1101,726.32745,1128.4122,1.66,1567478297419
tap2,40,69,1101,142.86772,1166.3925,1.37,1567478298174
tap2,41,690,480,758.29785,483.74805,1.8,1567478299022
tap2,33,690,549,755.30066,498.74023,2.05,1567478299757
tap2,32,69,1170,139.87048,1223.3628,1.5999999,1567478300737
tap2,30,69,549,158.85292,586.6944,1.62,1567478301645
tap2,31,690,1170,837.2248,1207.3711,1.93,1567478302421
tap2,46,69,342,162.84921,349.81778,1.89,1567478303299
tap2,47,690,963,806.2535,1055.4503,1.92,1567478303973
tap2,48,69,963,188.82516,1131.4106,1.5799999,1567478304749
tap2,49,690,342,725.3284,339.823,2.23,1567478305617
tap2,108,276,963,336.68826,1006.47577,1.42,1567478306545
tap2,231,897,1584,908.1591,1606.1635,1.7199999,1567478307546
tap2,230,276,1584,308.71414,1668.1311,1.43,1567478308588
tap2,107,897,963,903.16376,1003.47736,1.78,1567478309373
tap2,143,621,1032,691.35986,1111.4211,1.5999999,1567478310170
tap2,232,0,1653,89.91675,1698.1155,1.1999999,1567478311027
tap2,233,621,1653,642.4052,1741.0931,1.53,1567478311813
tap2,144,0,1032,84.92137,1008.47473,1.36,1567478312773
tap2,44,69,1032,164.84737,1044.4559,1.36,1567478313713
tap2,235,690,1653,701.3506,1704.1124,1.5899999,1567478314713
tap2,43,690,1032,797.2618,1022.46747,1.63,1567478315550
tap2,234,69,1653,116.89177,1634.1488,1.01,1567478316408
tap2,12,138,1032,188.82516,1076.4393,1.2099999,1567478317357
tap2,237,759,1653,843.21924,1662.1343,1.4699999,1567478318103
tap2,11,759,1032,868.1961,1079.4377,1.43,1567478319001
tap2,236,138,1653,188.82516,1736.0957,1.26,1567478319859
tap2,238,207,1653,265.75394,1697.1161,1.2099999,1567478320767
tap2,67,828,1032,860.2035,1061.4471,1.49,1567478321635
tap2,68,207,1032,284.73636,1074.4404,1.23,1567478322472
tap2,239,828,1653,886.17944,1632.1499,1.49,1567478323350
tap2,104,276,1032,330.69382,1089.4326,1.18,1567478324197
tap2,241,897,1653,952.1184,1613.1598,1.17,1567478325004
tap2,240,276,1653,315.70767,1734.0968,1.26,1567478325852
tap2,103,897,1032,965.1064,1016.4706,1.27,1567478326872
tap2,50,69,273,227.7891,373.8053,1.12,1567478327873
tap2,51,690,894,723.33026,890.53613,1.75,1567478329017
tap2,52,69,894,108.89917,932.5143,1.42,1567478330068
tap2,53,690,273,766.29047,263.86258,1.63,1567478331141
tap2,55,690,825,733.321,856.55383,1.62,1567478332060
tap2,54,69,204,178.83441,260.86414,1.5799999,1567478333040
tap2,56,69,825,91.914894,820.5726,1.49,1567478334193
tap2,57,690,204,699.3525,249.86986,1.76,1567478335174
tap2,59,690,756,716.33673,781.5929,1.73,1567478336154
tap2,58,69,135,1002.07214,374.80478,0.65999997,1567478337124
tap2,61,690,135,763.2933,202.89432,1.9,1567478338288
tap2,60,69,756,227.7891,761.60333,1.5699999,1567478339279
tap2,62,207,480,276.74374,495.7418,1.74,1567478340484
tap2,63,828,1101,905.16187,1084.4352,1.5699999,1567478341270
tap2,64,207,1101,206.80852,1172.3894,1.43,1567478342036
tap2,65,828,480,897.1693,515.7314,1.5799999,1567478342801
tap2,290,345,480,413.61703,501.73868,1.42,1567478343639
tap2,291,552,1446,639.40796,1469.2347,1.39,1567478344425
tap2,293,552,480,670.3793,554.71106,1.41,1567478345242
tap2,292,345,1446,368.65866,1490.2238,1.4,1567478346110
tap2,141,621,480,677.3728,517.73035,1.54,1567478346855
tap2,295,414,1446,473.56152,1427.2566,1.49,1567478347651
tap2,294,414,480,509.52823,512.7329,1.4599999,1567478348499
tap2,203,621,1446,699.3525,1470.2343,1.5,1567478349326
tap2,297,483,1446,538.5014,1433.2534,1.4399999,1567478350214
tap2,41,690,480,764.2923,528.7246,1.55,1567478351082
tap2,296,483,480,547.49304,550.71313,1.31,1567478351981
tap2,205,690,1446,745.3099,1498.2196,1.48,1567478352797
tap2,319,414,1653,449.5837,1662.1343,1.22,1567478353696
tap2,325,552,756,611.43384,723.6231,1.4699999,1567478354441
tap2,324,414,756,515.52264,759.6044,1.27,1567478355248
tap2,315,552,1653,638.4089,1682.1239,1.43,1567478356116
tap2,298,345,549,445.58743,591.69183,1.4499999,1567478356963
tap2,299,552,1515,630.41626,1554.1904,1.4499999,1567478357770
tap2,301,552,549,641.4061,584.69543,1.4499999,1567478358627
tap2,300,345,1515,461.57263,1570.1821,1.14,1567478359587
tap2,326,345,825,406.6235,851.55646,1.25,1567478360628
tap2,256,483,135,563.4783,178.90681,1.75,1567478361506
tap2,250,345,135,406.6235,173.90942,1.81,1567478362517
tap2,327,483,825,520.51807,865.5492,1.4599999,1567478363477
tap2,67,828,1032,875.18964,1060.4476,1.2099999,1567478364344
tap2,66,207,411,249.76874,480.7496,1.4399999,1567478365345
tap2,68,207,1032,312.71045,1052.4518,1.4599999,1567478366254
tap2,69,828,411,818.2424,491.74387,1.63,1567478367223
tap2,72,207,963,272.74747,1004.4768,1.41,1567478368132
tap2,73,828,342,877.1878,345.8199,1.5899999,1567478369041
tap2,70,207,342,225.79094,365.80948,1.5699999,1567478369990
tap2,71,828,963,893.173,987.48566,1.5799999,1567478370919
tap2,76,207,894,310.7123,906.52783,1.49,1567478371716
tap2,77,828,273,848.2146,314.83603,1.7199999,1567478372615
tap2,74,207,273,242.7752,332.82663,1.27,1567478373564
tap2,75,828,894,926.14246,922.5195,1.51,1567478374381
tap2,80,207,825,307.7151,802.582,1.39,1567478375187
tap2,81,828,204,906.16095,229.88026,1.73,1567478376107
tap2,78,207,204,247.77058,261.86362,1.5999999,1567478377036
tap2,79,828,825,915.15265,836.5643,1.63,1567478377842
tap2,84,207,756,365.66144,810.5778,0.98999995,1567478378628
tap2,85,828,135,888.1776,130.93181,1.73,1567478379598
tap2,82,207,135,291.7299,152.92035,1.5,1567478380680
tap2,83,828,756,924.1443,819.5731,1.53,1567478381538
tap2,89,621,618,710.3423,677.64703,1.41,1567478382446
tap2,88,0,1239,94.91212,1241.3534,1.29,1567478383396
tap2,87,621,1239,659.38947,1259.3441,1.51,1567478384468
tap2,86,0,618,81.92415,662.65485,1.41,1567478385540
tap2,305,483,1515,522.5162,1498.2196,1.23,1567478386500
tap2,33,690,549,802.2572,587.6939,1.6999999,1567478387419
tap2,304,483,549,552.48846,608.683,1.42,1567478388225
tap2,215,690,1515,775.28217,1549.1931,1.66,1567478389063
tap2,309,552,618,669.3802,631.67096,1.5,1567478389808
tap2,308,345,1584,409.62073,1631.1504,1.52,1567478390645
tap2,307,552,1584,620.42554,1622.155,1.5999999,1567478391574
tap2,306,345,618,408.62164,670.6507,1.5899999,1567478392411
tap2,258,345,204,372.65494,235.87714,1.62,1567478393350
tap2,331,483,894,550.4903,926.5174,1.38,1567478394177
tap2,330,345,894,458.5754,898.532,1.3199999,1567478394984
tap2,264,483,204,535.50415,286.8506,1.8499999,1567478395974
tap2,223,621,1584,694.35706,1642.1447,1.67,1567478396842
tap2,310,414,618,469.56522,604.68506,1.53,1567478397679
tap2,89,621,618,728.3256,642.6653,1.7099999,1567478398475
tap2,311,414,1584,454.5791,1627.1525,1.6999999,1567478399303
tap2,261,552,204,654.3941,253.86777,1.56,1567478400098
tap2,322,345,756,366.6605,777.595,1.62,1567478400956
tap2,262,414,204,505.53192,239.87506,1.8199999,1567478401835
tap2,333,552,894,616.42926,952.5039,1.64,1567478402774
tap2,312,483,618,555.48566,639.6668,1.67,1567478403652
tap2,225,690,1584,724.32935,1617.1577,1.5899999,1567478404540
tap2,93,690,618,741.3136,635.6689,1.75,1567478405327
tap2,313,483,1584,575.46716,1590.1718,1.4599999,1567478406123
tap2,91,690,1239,724.32935,1213.368,1.09,1567478407082
tap2,90,69,618,174.83812,731.61896,1.06,1567478408124
tap2,93,690,618,760.296,660.6559,1.06,1567478409104
tap2,92,69,1239,111.89639,1367.2878,1.29,1567478410002
tap2,108,276,963,284.73636,1046.455,1.51,1567478410830
tap2,109,897,342,952.1184,391.79593,1.53,1567478411657
tap2,106,276,342,333.69104,381.80115,1.15,1567478412636
tap2,107,897,963,940.1295,974.49243,1.61,1567478413678
tap2,100,276,1101,342.6827,1138.4071,1.39,1567478414535
tap2,101,897,480,968.10364,496.74127,1.51,1567478415373
tap2,99,897,1101,919.1489,1103.4253,1.49,1567478416332
tap2,98,276,480,351.67438,534.7215,1.61,1567478417159
tap2,105,897,411,946.12396,446.7673,1.68,1567478418129
tap2,104,276,1032,366.6605,1123.4149,1.4399999,1567478418946
tap2,102,276,411,353.67252,454.76312,1.67,1567478419895
tap2,103,897,1032,946.12396,1043.4565,1.51,1567478420773
tap2,97,897,549,976.0962,611.6814,1.4699999,1567478421682
tap2,96,276,1170,373.65402,1174.3883,1.56,1567478422519
tap2,94,276,549,356.66974,590.6923,1.6899999,1567478423305
tap2,95,897,1170,949.1212,1177.3867,1.66,1567478424091
tap2,111,897,894,952.1184,979.4898,1.41,1567478424979
tap2,110,276,273,341.68362,305.8407,1.5699999,1567478425888
tap2,112,276,894,352.67346,933.5138,1.27,1567478426776
tap2,113,897,273,960.111,343.82092,1.5699999,1567478427664
tap2,116,276,825,328.69565,844.5601,1.43,1567478428491
tap2,117,897,204,966.10547,271.8584,1.56,1567478429359
tap2,114,276,204,333.69104,262.8631,1.5799999,1567478430258
tap2,115,897,825,991.08234,891.53564,1.48,1567478431074
tap2,119,897,756,987.08606,812.5768,1.53,1567478431911
tap2,118,276,135,324.69934,183.9042,1.76,1567478432830
tap2,121,897,135,963.1082,167.91254,1.74,1567478433841
tap2,120,276,756,348.67715,779.59393,1.5799999,1567478434647
tap2,152,0,894,124.88437,930.5153,1.5999999,1567478435535
tap2,213,621,1515,675.37463,1595.1692,1.36,1567478436413
tap2,212,0,1515,93.91304,1551.192,1.4399999,1567478437628
tap2,151,621,894,690.3608,938.51117,1.54,1567478438547
tap2,56,69,825,111.89639,850.557,1.49,1567478439384
tap2,205,690,1446,737.3173,1478.2301,1.41,1567478440262
tap2,204,69,1446,170.84181,1475.2316,1.39,1567478441089
tap2,55,690,825,720.333,881.54083,1.5999999,1567478441876
tap2,24,138,825,220.79556,879.5419,1.4699999,1567478442703
tap2,207,759,1446,841.22107,1469.2347,1.5699999,1567478443560
tap2,206,138,1446,204.81036,1452.2435,1.31,1567478444398
tap2,23,759,825,868.1961,814.57574,1.3399999,1567478445265
tap2,80,207,825,259.7595,841.56165,1.37,1567478446133
tap2,209,828,1446,853.21,1508.2145,1.61,1567478446960
tap2,208,207,1446,278.7419,1468.2352,1.3299999,1567478447746
tap2,79,828,825,879.1859,860.55176,1.3,1567478448563
tap2,115,897,825,954.1166,855.5544,1.5,1567478449421
tap2,210,276,1446,351.67438,1482.228,1.22,1567478450268
tap2,116,276,825,366.6605,891.53564,1.4599999,1567478451126
tap2,211,897,1446,923.14526,1476.2311,1.56,1567478451943
tap2,203,621,1446,646.4015,1426.2571,1.41,1567478452841
tap2,156,0,825,98.90842,868.5476,1.4599999,1567478453781
tap2,202,0,1446,87.918594,1488.2249,1.3,1567478454822
tap2,155,621,825,671.37836,837.5637,1.48,1567478455741
tap2,52,69,894,165.84644,963.49817,1.42,1567478456609
tap2,215,690,1515,779.27844,1551.192,1.54,1567478457487
tap2,51,690,894,760.296,888.5372,1.4599999,1567478458385
tap2,214,69,1515,151.85939,1540.1978,1.28,1567478459283
tap2,216,138,1515,204.81036,1533.2014,1.31,1567478460243
tap2,19,759,894,855.2081,939.5106,1.4399999,1567478461111
tap2,217,759,1515,818.2424,1548.1936,1.41,1567478461979
tap2,20,138,894,230.78632,917.5221,1.3199999,1567478462796
tap2,141,621,480,661.38763,579.69806,1.4699999,1567478463745
tap2,140,0,1101,69.93524,1096.429,1.11,1567478464694
tap2,138,0,480,76.92877,544.7163,1.48,1567478465777
tap2,139,621,1101,703.34875,1130.4113,1.39,1567478466716
tap2,142,0,411,79.925995,405.78864,1.5,1567478467656
tap2,143,621,1032,704.34784,1067.444,1.56,1567478468534
tap2,144,0,1032,70.93432,1075.4398,1.23,1567478469371
tap2,145,621,411,718.3349,459.76053,1.63,1567478470229
tap2,148,0,963,73.93155,1008.47473,1.29,1567478471127
tap2,149,621,342,681.3691,398.7923,1.67,1567478472128
tap2,147,621,963,670.3793,1005.4763,1.49,1567478473057
tap2,146,0,342,75.929695,397.79282,1.49,1567478473976
tap2,153,621,273,632.4144,273.85736,1.56,1567478474885
tap2,152,0,894,59.944496,874.5445,1.15,1567478475844
tap2,150,0,273,95.911194,337.82404,1.53,1567478476865
tap2,151,621,894,700.3515,950.50494,1.37,1567478477754
tap2,266,345,273,402.6272,338.82352,1.5699999,1567478478714
tap2,267,552,1239,642.4052,1282.332,1.4399999,1567478479541
tap2,269,552,273,620.42554,310.8381,1.7099999,1567478480439
tap2,268,345,1239,438.5939,1251.3483,1.43,1567478481246
tap2,271,414,1239,522.5162,1245.3513,1.43,1567478481920
tap2,153,621,273,779.27844,314.83603,1.66,1567478482798
tap2,270,414,273,450.5828,284.85162,1.5699999,1567478483768
tap2,87,621,1239,671.37836,1296.3248,1.26,1567478484554
tap2,91,690,1239,761.2951,1297.3242,1.43,1567478485330
tap2,272,483,273,549.4912,301.84277,1.54,1567478486229
tap2,273,483,1239,521.5171,1266.3405,1.49,1567478487097
tap2,53,690,273,747.30804,310.8381,1.61,1567478487883
tap2,277,552,342,621.4246,352.81622,1.66,1567478488863
tap2,276,345,1308,415.61517,1322.3113,1.49,1567478489751
tap2,274,345,342,404.62534,378.8027,1.55,1567478490538
tap2,275,552,1308,621.4246,1336.304,1.38,1567478491324
tap2,183,621,1308,667.3821,1332.306,1.4,1567478492141
tap2,278,414,342,494.54208,389.79697,1.61,1567478493009
tap2,149,621,342,712.34045,362.81104,1.56,1567478493826
tap2,279,414,1308,557.4838,1370.2863,1.36,1567478494612
tap2,281,483,1308,530.5088,1387.2775,1.49,1567478495388
tap2,49,690,342,708.3441,371.80634,1.68,1567478496297
tap2,280,483,342,586.457,365.80948,1.67,1567478497083
tap2,185,690,1308,747.30804,1336.304,1.5,1567478497818
tap2,156,0,825,76.92877,879.5419,1.37,1567478498614
tap2,157,621,204,645.4024,284.85162,1.78,1567478499574
tap2,155,621,825,656.3922,875.54395,1.62,1567478500361
tap2,154,0,204,88.91767,231.87923,1.66,1567478501259
tap2,158,0,135,56.947273,184.90369,1.36,1567478502259
tap2,159,621,756,738.3164,755.60645,1.51,1567478503056
tap2,160,0,756,91.914894,781.5929,1.5899999,1567478503873
tap2,161,621,135,637.4098,190.90057,1.8,1567478504731
tap2,162,0,66,38.96392,146.92348,1.13,1567478506231
tap2,163,621,687,679.371,697.63666,1.56,1567478507099
tap2,164,0,687,76.92877,697.63666,1.54,1567478507967
tap2,165,621,66,635.4117,109.94273,1.81,1567478508968
tap2,169,897,66,870.1943,99.947945,1.79,1567478510213
tap2,168,276,687,320.70306,696.63715,1.7099999,1567478511082
tap2,166,276,66,357.66882,158.91722,1.79,1567478512011
tap2,167,897,687,944.1258,661.6554,1.5999999,1567478512878
tap2,170,138,618,240.77705,602.6861,1.75,1567478513705
tap2,171,759,1239,834.2276,1280.3331,1.56,1567478514563
tap2,173,759,618,807.25256,616.6788,1.65,1567478515564
tap2,172,138,1239,230.78632,1266.3405,1.53,1567478516350
tap2,177,828,618,887.1785,668.65173,1.5799999,1567478517116
tap2,176,207,1239,250.7678,1298.3237,1.5999999,1567478517912
tap2,174,207,618,232.78445,618.67773,1.68,1567478518770
tap2,175,828,1239,898.1684,1294.3258,1.63,1567478519556
tap2,133,690,66,755.30066,136.92868,1.92,1567478520812
tap2,249,483,1032,555.48566,1029.4637,1.49,1567478521567
tap2,43,690,1032,755.30066,1068.4435,1.3299999,1567478522415
tap2,248,483,66,560.481,110.942215,1.8,1567478523323
tap2,251,552,1101,599.44495,1054.4508,1.62,1567478524089
tap2,250,345,135,400.62906,167.91254,1.65,1567478525049
tap2,252,345,1101,406.6235,1147.4023,1.4699999,1567478525876
tap2,253,552,135,642.4052,171.91046,1.6899999,1567478526734
tap2,254,414,135,462.5717,139.92712,1.7199999,1567478527622
tap2,139,621,1101,669.3802,1119.417,1.4599999,1567478528449
tap2,161,621,135,679.371,183.9042,1.67,1567478529368
tap2,255,414,1101,485.5504,1065.4451,1.5799999,1567478530164
tap2,178,276,618,280.74005,601.6866,1.67,1567478531012
tap2,179,897,1239,927.14154,1299.3232,1.39,1567478531982
tap2,181,897,618,1001.07306,590.6923,1.4499999,1567478532839
tap2,180,276,1239,333.69104,1258.3446,1.4599999,1567478533646
tap2,132,69,687,174.83812,740.61426,1.49,1567478534657
tap2,185,690,1308,767.28955,1294.3258,1.3,1567478535647
tap2,184,69,1308,144.86586,1379.2816,1.35,1567478536546
tap2,131,690,687,800.25903,761.60333,1.4599999,1567478537352
tap2,127,759,687,822.23865,695.6377,1.4,1567478538281
tap2,187,759,1308,814.2461,1312.3165,1.4699999,1567478539170
tap2,186,138,1308,157.85384,1361.291,1.25,1567478540017
tap2,126,138,66,178.83441,138.92764,1.6999999,1567478541160
tap2,123,828,687,881.1841,701.6345,1.41,1567478542273
tap2,188,207,1308,311.71136,1371.2858,1.23,1567478543172
tap2,124,207,687,234.78261,754.60693,1.22,1567478544081
tap2,189,828,1308,844.2183,1273.3368,1.36,1567478544938
tap2,317,552,687,600.44403,705.63245,1.39,1567478545868
tap2,316,345,1653,396.63275,1688.1207,1.3399999,1567478546715
tap2,314,345,687,398.6309,688.6413,1.4,1567478547573
tap2,315,552,1653,582.4607,1695.1171,1.37,1567478548441
tap2,266,345,273,496.54025,323.83133,1.0699999,1567478549380
tap2,335,483,963,562.4792,1012.47266,1.4,1567478550422
tap2,272,483,273,562.4792,361.81155,1.41,1567478551412
tap2,334,345,963,437.59482,965.49713,1.51,1567478552301
tap2,318,414,687,488.54764,698.6361,1.39,1567478553168
tap2,233,621,1653,684.36633,1688.1207,1.48,1567478554118
tap2,163,621,687,677.3728,716.6267,1.4399999,1567478554904
tap2,319,414,1653,490.5458,1666.1322,1.29,1567478555741
tap2,269,552,273,630.41626,307.83966,1.5899999,1567478556579
tap2,336,414,963,476.55875,965.49713,1.4599999,1567478557467
tap2,337,552,963,632.4144,997.48047,1.48,1567478558273
tap2,270,414,273,461.57263,327.82925,1.5799999,1567478559152
tap2,168,276,687,346.67902,668.65173,1.49,1567478560101
tap2,191,897,1308,919.1489,1343.3003,1.43,1567478561010
tap2,167,897,687,907.16003,710.6299,1.49,1567478561980
tap2,190,276,1308,326.6975,1310.3175,1.49,1567478562807
tap2,192,0,1377,114.893616,1417.2618,1.53,1567478563930
tap2,160,0,756,83.922295,819.5731,1.48,1567478564982
tap2,193,621,1377,687.3635,1389.2764,1.48,1567478566064
tap2,159,621,756,688.3626,784.5914,1.61,1567478566973
tap2,194,69,1377,133.87604,1430.255,1.5,1567478567881
tap2,59,690,756,789.2692,801.5825,1.41,1567478568791
tap2,60,69,756,135.87419,801.5825,1.31,1567478569781
tap2,195,690,1377,714.33856,1391.2754,1.43,1567478570750
tap2,28,138,756,221.79463,770.59863,1.3399999,1567478571639
tap2,197,759,1377,770.2868,1396.2727,1.27,1567478572568
tap2,27,759,756,782.2757,781.5929,1.55,1567478573579
tap2,196,138,1377,193.82054,1454.2426,1.3,1567478574395
tap2,84,207,756,229.78723,784.5914,1.5,1567478575366
tap2,199,828,1377,902.1647,1312.3165,1.17,1567478576182
tap2,83,828,756,848.2146,790.5882,1.49,1567478577203
tap2,198,207,1377,286.7345,1409.266,1.4699999,1567478578040
tap2,200,276,1377,327.6966,1419.2607,1.3399999,1567478578939
tap2,119,897,756,935.13416,759.6044,1.5699999,1567478579796
tap2,120,276,756,331.69287,772.5976,1.3399999,1567478580654
tap2,201,897,1377,933.136,1384.2789,1.51,1567478581543
tap2,242,345,66,441.59113,165.91359,1.61,1567478582635
tap2,347,966,687,953.1175,659.65643,1.55,1567478583646
tap2,338,966,66,983.0897,149.9219,1.64,1567478584953
tap2,314,345,687,420.61053,696.63715,1.4699999,1567478585973
tap2,322,345,756,417.6133,771.5981,1.51,1567478586892
tap2,339,966,135,977.0953,189.9011,1.67,1567478588005
tap2,348,966,756,1033.0435,797.5846,1.03,1567478588975
tap2,250,345,135,427.60406,159.9167,1.5999999,1567478590047
tap2,258,345,204,364.66235,277.8553,1.68,1567478591170
tap2,349,966,825,1049.0287,785.5908,0.89,1567478592221
tap2,340,966,204,911.1564,245.87193,1.73,1567478593182
tap2,326,345,825,379.64847,831.5669,1.68,1567478594121
tap2,330,345,894,396.63275,908.5268,1.43,1567478594978
tap2,341,966,273,1026.0499,385.79904,1.16,1567478595938
tap2,266,345,273,396.63275,284.85162,1.6899999,1567478597030
tap2,350,966,894,1006.0685,906.52783,1.35,1567478597837
tap2,76,207,894,274.7456,867.54816,1.5699999,1567478598582
tap2,219,828,1515,838.2239,1486.2258,1.41,1567478599440
tap2,218,207,1515,220.79556,1571.1816,1.36,1567478600308
tap2,75,828,894,878.1869,922.5195,1.4499999,1567478601114
tap2,220,276,1515,332.69196,1548.1936,1.28,1567478601992
tap2,111,897,894,980.0925,904.5289,1.17,1567478602747
tap2,112,276,894,362.6642,936.5122,1.3199999,1567478603554
tap2,221,897,1515,914.15356,1540.1978,1.39,1567478604442
tap2,225,690,1584,808.25165,1591.1713,1.06,1567478605330
tap2,48,69,963,177.83534,977.49084,1.4399999,1567478606249
tap2,47,690,963,778.27936,1017.47003,1.27,1567478607066
tap2,224,69,1584,135.87419,1670.1301,1.14,1567478607934
tap2,165,621,66,681.3691,98.94846,1.53,1567478609588
tap2,247,414,1032,462.5717,1093.4304,0.65999997,1567478610425
tap2,143,621,1032,671.37836,1067.444,1.26,1567478611303
tap2,246,414,66,533.50604,137.92816,1.56,1567478612303
tap2,15,759,963,853.21,976.4914,1.42,1567478613263
tap2,226,138,1584,198.81592,1650.1405,1.28,1567478614049
tap2,227,759,1584,779.27844,1661.1348,1.39,1567478615070
tap2,16,138,963,187.82608,1005.4763,1.36,1567478615927
tap2,72,207,963,201.81314,960.4997,1.39,1567478616744
tap2,229,828,1584,852.21094,1574.18,1.63,1567478617715
tap2,71,828,963,881.1841,1081.4368,1.26,1567478618470
tap2,228,207,1584,282.73822,1585.1743,1.24,1567478619317
tap2,242,345,66,395.63367,135.9292,1.56,1567478620359
tap2,243,552,1032,654.3941,1033.4617,1.24,1567478621165
tap2,244,345,1032,441.59113,1012.47266,1.3199999,1567478621992
tap2,245,552,66,632.4144,134.92972,1.4499999,1567478623023
tap2,148,0,963,59.944496,961.4992,1.05,1567478623962
tap2,223,621,1584,714.33856,1597.1681,1.4,1567478624790
tap2,147,621,963,650.39777,1035.4607,1.26,1567478625688
tap2,222,0,1584,92.91397,1613.1598,1.28,1567478627179
tap2,252,345,1101,413.61703,1130.4113,1.35,1567478628047
tap2,344,966,480,1001.07306,496.74127,1.35,1567478629037
tap2,290,345,480,373.65402,530.7236,1.4,1567478630017
tap2,353,966,1101,1027.0491,1088.4331,1.0799999,1567478630895
tap2,345,966,549,1003.0712,617.6783,1.3199999,1567478631854
tap2,260,345,1170,417.6133,1183.3837,1.28,1567478632671
tap2,354,966,1170,991.08234,1210.3696,1.38,1567478633519
tap2,298,345,549,396.63275,568.7038,1.43,1567478634376
tap2,346,966,618,1020.0555,646.6632,1.16,1567478635172
tap2,268,345,1239,469.56522,1284.331,1.39,1567478635959
tap2,355,966,1239,1035.0416,1274.3363,0.87,1567478636929
tap2,306,345,618,406.6235,671.65015,1.26,1567478637756
tap2,314,345,687,418.6124,711.62933,1.4,1567478638603
tap2,356,966,1308,975.09717,1355.2941,1.41,1567478639430
tap2,347,966,687,1013.062,718.6257,1.12,1567478640318
tap2,276,345,1308,440.59204,1317.3138,1.42,1567478641115
tap2,257,483,1101,553.4875,1119.417,1.3199999,1567478641952
tap2,61,690,135,762.2942,173.90942,1.5,1567478642891
tap2,39,690,1101,730.3238,1152.3998,1.28,1567478643708
tap2,256,483,135,531.5079,196.89745,1.56,1567478644535
tap2,258,345,204,449.5837,263.86258,1.55,1567478645566
tap2,259,552,1170,608.43665,1217.366,1.35,1567478646342
tap2,260,345,1170,456.57724,1198.3759,1.37,1567478647118
tap2,261,552,204,624.4218,225.88235,1.63,1567478648058
tap2,157,621,204,677.3728,269.85944,1.22,1567478648935
tap2,263,414,1170,465.5689,1215.367,1.16,1567478649803
tap2,262,414,204,516.5217,265.8615,1.37,1567478650671
tap2,135,621,1170,640.40704,1248.3497,1.1899999,1567478651467
tap2,244,345,1032,383.64478,1077.4388,1.0699999,1567478652284
tap2,361,966,1653,1027.0491,1696.1166,0.87,1567478653530
tap2,352,966,1032,1022.05365,1093.4304,1.01,1567478654428
tap2,316,345,1653,444.58835,1681.1244,1.04,1567478655347
tap2,282,345,411,340.68454,435.773,1.25,1567478656317
tap2,283,552,1377,596.44775,1397.2722,0.98999995,1567478657206
tap2,284,345,1377,387.64108,1424.2582,1.0699999,1567478658074
tap2,285,552,411,663.38574,428.77667,1.29,1567478658952
tap2,145,621,411,643.40424,395.79385,1.3399999,1567478659840
tap2,287,414,1377,468.56613,1414.2634,1.04,1567478660718
tap2,193,621,1377,707.34503,1466.2363,0.96,1567478661555
tap2,286,414,411,485.5504,424.77875,1.39,1567478662474
tap2,288,483,411,538.5014,399.79178,1.3299999,1567478663474
tap2,195,690,1377,679.371,1395.2733,1.28,1567478664352
tap2,289,483,1377,529.5097,1420.2603,1.18,1567478665312
tap2,45,690,411,750.3053,437.77197,1.39,1567478666230
tap2,31,690,1170,771.2858,1195.3773,1.13,1567478667006
tap2,264,483,204,675.37463,221.88443,1.04,1567478667935
tap2,57,690,204,757.2988,261.86362,1.35,1567478668977
tap2,265,483,1170,520.51807,1220.3644,1.1,1567478669763
tap2,300,345,1515,392.63644,1514.2113,0.93,1567478670671
tap2,350,966,894,990.08325,979.4898,1.0699999,1567478671682
tap2,330,345,894,367.65958,894.53406,1.2099999,1567478672489
tap2,359,966,1515,1004.0703,1499.2191,1.0,1567478673336
tap2,351,966,963,1054.024,1038.4591,0.64,1567478674245
tap2,308,345,1584,412.61795,1619.1566,1.1,1567478675113
tap2,360,966,1584,1017.0583,1556.1895,0.84999996,1567478676430
tap2,334,345,963,349.67624,1003.47736,1.29,1567478677318
tap2,137,621,549,705.3469,513.7324,1.39,1567478678104
tap2,303,414,1515,441.59113,1521.2076,1.1899999,1567478678921
tap2,213,621,1515,701.3506,1580.177,1.04,1567478679779
tap2,302,414,549,481.5541,544.7163,1.09,1567478680596
tap2,254,414,135,491.54486,180.90578,1.54,1567478681525
tap2,329,552,825,616.42926,843.5606,1.28,1567478682331
tap2,253,552,135,690.3608,169.9115,0.91999996,1567478683301
tap2,328,414,825,476.55875,828.5684,1.48,1567478684363
tap2,334,345,963,412.61795,987.48566,1.3,1567478685333
tap2,342,966,342,1030.0463,372.80582,1.0699999,1567478686221
tap2,274,345,342,410.6198,341.82196,1.5,1567478687110
tap2,351,966,963,1011.06384,932.5143,1.17,1567478687937
tap2,282,345,411,423.6078,483.74805,1.49,1567478688785
tap2,352,966,1032,993.0805,985.4867,1.1,1567478689734
tap2,343,966,411,1008.0666,458.76105,1.3,1567478690694
tap2,244,345,1032,422.6087,1088.4331,1.4399999,1567478691459
tap2,322,345,756,408.62164,802.582,1.43,1567478692256
tap2,357,966,1377,996.0777,1452.2435,1.4,1567478693216
tap2,348,966,756,1012.0629,800.583,1.17,1567478694175
tap2,284,345,1377,434.5976,1377.2826,1.36,1567478695043
tap2,292,345,1446,397.63184,1519.2087,1.03,1567478696095
tap2,349,966,825,989.08417,912.5247,1.3399999,1567478697045
tap2,326,345,825,389.63922,839.5627,1.41,1567478697851
tap2,358,966,1446,1041.0361,1468.2352,0.83,1567478698750
tap2,131,690,687,789.2692,719.6252,1.17,1567478699587
tap2,321,483,1653,561.4801,1690.1196,0.9,1567478700486
tap2,320,483,687,521.5171,752.608,1.41,1567478701384
tap2,235,690,1653,729.3247,1687.1212,1.23,1567478702283
tap2,362,0,1722,169.84274,1738.0947,0.96999997,1567478703232
tap2,139,621,1101,664.3848,1216.3665,1.22,1567478704427
tap2,140,0,1101,88.91767,1044.4559,1.1899999,1567478705376
tap2,371,621,1722,645.4024,1807.0588,1.13,1567478706530
tap2,39,690,1101,767.28955,1118.4175,1.22,1567478707521
tap2,363,69,1722,85.92044,1764.0812,1.01,1567478708440
tap2,372,690,1722,713.3395,1758.0842,1.01,1567478709603
tap2,40,69,1101,163.8483,1136.4081,1.28,1567478710543
tap2,136,0,1170,87.918594,1216.3665,1.13,1567478711472
tap2,386,621,1791,662.38666,1808.0582,1.17,1567478712595
tap2,135,621,1170,632.4144,1225.3618,1.43,1567478713442
tap2,377,0,1791,95.911194,1781.0723,1.23,1567478714402
tap2,31,690,1170,770.2868,1193.3784,1.3,1567478715413
tap2,378,69,1791,136.87326,1823.0504,1.06,1567478716301
tap2,32,69,1170,134.87512,1220.3644,1.23,1567478717210
tap2,387,690,1791,736.31824,1794.0656,1.11,1567478718138
tap2,8,138,1101,171.84088,1172.3894,1.15,1567478719068
tap2,373,759,1722,766.29047,1756.0853,1.14,1567478720099
tap2,7,759,1101,826.235,1156.3977,1.0799999,1567478720956
tap2,364,138,1722,193.82054,1721.1035,1.09,1567478721896
tap2,374,828,1722,878.1869,1766.0801,1.16,1567478722845
tap2,64,207,1101,287.73358,1154.3987,1.24,1567478723662
tap2,365,207,1722,263.7558,1763.0817,1.03,1567478724540
tap2,63,828,1101,921.1471,1072.4414,1.25,1567478725275
tap2,379,138,1791,157.85384,1810.0573,1.0,1567478726051
tap2,3,759,1170,771.2858,1205.3722,1.16,1567478726888
tap2,4,138,1170,191.82239,1133.4097,1.3299999,1567478727664
tap2,388,759,1791,859.20447,1740.0936,0.82,1567478728512
tap2,380,207,1791,272.74747,1831.0463,0.89,1567478729441
tap2,35,828,1170,895.17114,1252.3477,1.0799999,1567478730145
tap2,389,828,1791,918.14984,1810.0573,0.98999995,1567478730992
tap2,36,207,1170,323.7003,1165.393,1.3199999,1567478731901
tap2,100,276,1101,336.68826,1140.406,1.18,1567478732740
tap2,375,897,1722,956.1147,1721.1035,1.13,1567478733586
tap2,99,897,1101,934.1351,1187.3816,1.1999999,1567478734484
tap2,366,276,1722,334.6901,1737.0952,0.85999995,1567478735301
tap2,368,414,1722,483.55228,1762.0822,0.84999996,1567478736159
tap2,159,621,756,681.3691,783.59186,1.2099999,1567478737088
tap2,371,621,1722,657.3913,1785.0702,1.06,1567478737935
tap2,324,414,756,533.50604,771.5981,1.05,1567478738691
tap2,96,276,1170,310.7123,1176.3873,1.31,1567478739661
tap2,390,897,1791,984.0888,1752.0874,0.97999996,1567478740396
tap2,95,897,1170,977.0953,1254.3467,1.05,1567478741325
tap2,381,276,1791,325.69843,1840.0416,0.84999996,1567478742182
tap2,385,552,1791,566.47546,1833.0453,0.85999995,1567478743265
tap2,326,345,825,342.6827,877.5429,1.17,1567478744092
tap2,382,345,1791,410.6198,1817.0536,0.96,1567478744960
tap2,329,552,825,605.4394,838.56323,1.31,1567478745757
tap2,323,483,756,538.5014,781.5929,1.3199999,1567478746573
tap2,372,690,1722,774.2831,1727.1005,1.0699999,1567478747564
tap2,59,690,756,686.3645,840.5622,1.3199999,1567478748503
tap2,369,483,1722,608.43665,1718.1051,0.98999995,1567478749351
tap2,353,966,1101,1014.06104,1216.3665,1.0699999,1567478750362
tap2,367,345,1722,379.64847,1721.1035,1.36,1567478751342
tap2,252,345,1101,362.6642,1142.405,1.31,1567478752169
tap2,376,966,1722,999.07495,1690.1196,1.16,1567478753200
tap2,383,414,1791,472.56244,1847.038,1.02,1567478754232
tap2,155,621,825,649.3987,851.55646,1.3199999,1567478754977
tap2,328,414,825,504.53284,882.54034,1.28,1567478755753
tap2,386,621,1791,665.3839,1851.0359,1.03,1567478756652
tap2,55,690,825,763.2933,874.5445,1.29,1567478757469
tap2,384,483,1791,541.4986,1827.0483,1.1999999,1567478758306
tap2,327,483,825,607.43756,852.55597,1.29,1567478759174
tap2,387,690,1791,777.2803,1768.0791,1.16,1567478760144
tap1,2,288,642,379.64847,756.6059,1.14,1567478852461
tap1,3,576,930,656.3922,983.48773,0.98999995,1567478853210
tap1,4,576,642,681.3691,711.62933,1.01,1567478853924
tap1,5,288,930,385.6429,1007.4752,1.0,1567478854659
tap1,9,288,786,386.642,866.54865,0.91999996,1567478855343
tap1,17,576,1074,647.4006,1110.4216,1.13,1567478855966
tap1,16,288,1074,365.66144,1162.3945,0.90999997,1567478856650
tap1,7,576,786,661.38763,894.53406,1.01,1567478857282
tap1,4,576,642,675.37463,714.6278,1.04,1567478858028
tap1,10,288,354,423.6078,417.7824,1.02,1567478858752
tap1,2,288,642,368.65866,710.6299,0.95,1567478859426
tap1,11,576,354,671.37836,443.76886,0.78999996,1567478860111
tap1,4,576,642,672.37744,668.65173,0.83,1567478860723
tap1,18,288,1218,353.67252,1290.3279,1.09,1567478861458
tap1,2,288,642,378.6494,733.61786,1.03,1567478862193
tap1,19,576,1218,645.4024,1283.3315,1.1899999,1567478862907
tap1,13,576,210,647.4006,326.82977,1.05,1567478863642
tap1,6,288,498,367.65958,570.70276,0.93,1567478864367
tap1,12,288,210,408.62164,306.84018,0.89,1567478865020
tap1,8,576,498,663.38574,558.709,1.12,1567478865745
tap1,19,576,1218,648.39966,1283.3315,1.0799999,1567478866460
tap1,22,288,1506,358.6679,1543.1962,0.89,1567478867195
tap1,18,288,1218,364.66235,1252.3477,0.90999997,1567478867879
tap1,23,576,1506,654.3941,1553.191,1.12,1567478868654
tap1,14,288,66,327.6966,177.90733,1.04,1567478869501
tap1,11,576,354,700.3515,373.8053,1.02,1567478870093
tap1,10,288,354,386.642,439.77094,1.04,1567478870839
tap1,15,576,66,661.38763,151.92087,1.13,1567478871716
tap1,17,576,1074,654.3941,1159.3961,1.09,1567478872400
tap1,20,288,1362,340.68454,1421.2598,0.90999997,1567478873023
tap1,21,576,1362,648.39966,1381.2805,1.0,1567478873737
tap1,16,288,1074,335.68918,1161.395,1.0,1567478874401
tap1,9,288,786,388.64014,870.5466,1.1,1567478875003
tap1,8,576,498,667.3821,545.71576,1.16,1567478875585
tap1,6,288,498,413.61703,565.7053,1.15,1567478876280
tap1,7,576,786,686.3645,857.55334,1.09,1567478876912
tap1,24,144,66,217.79834,192.89952,1.27,1567478877790
tap1,26,432,354,524.51434,367.8084,1.06,1567478878535
tap1,27,144,354,226.79001,404.78915,1.02,1567478879311
tap1,25,432,66,512.52545,155.9188,1.24,1567478880209
tap1,66,720,1506,796.2627,1576.1791,0.93,1567478880995
tap1,41,432,1218,478.5569,1297.3242,0.98999995,1567478881751
tap1,42,432,1506,523.51526,1543.1962,1.03,1567478882526
tap1,65,720,1218,826.235,1301.3221,0.93,1567478883200
tap1,36,144,786,233.78354,840.5622,1.0799999,1567478883966
tap1,38,432,1074,547.49304,1131.4106,1.13,1567478884660
tap1,39,144,1074,253.76503,1136.4081,0.85999995,1567478885426
tap1,37,432,786,517.5208,725.6221,1.03,1567478886079
tap1,16,288,1074,366.6605,1179.3857,1.14,1567478886824
tap1,56,0,1362,143.86679,1443.2483,1.15,1567478887569
tap1,20,288,1362,390.6383,1431.2545,1.02,1567478888345
tap1,53,0,1074,136.87326,1162.3945,1.01,1567478889090
tap1,59,720,210,882.18317,196.89745,1.27,1567478889825
tap1,30,432,498,546.494,566.70483,1.3,1567478890540
tap1,29,432,210,510.52728,289.84903,1.25,1567478891295
tap1,60,720,498,795.2637,577.6991,1.26,1567478891928
tap1,33,432,642,510.52728,715.62726,1.18,1567478892653
tap1,62,720,930,820.24054,991.4836,1.16,1567478893306
tap1,61,720,642,826.235,678.64655,0.98999995,1567478894031
tap1,34,432,930,502.5347,1011.47314,1.26,1567478894745
tap1,6,288,498,353.67252,578.6986,1.3399999,1567478895501
tap1,48,0,210,90.91582,310.8381,1.13,1567478896256
tap1,12,288,210,408.62164,265.8615,1.27,1567478896961
tap1,49,0,498,106.90102,569.70325,1.22,1567478897726
tap1,51,0,930,114.893616,1051.4524,1.02,1567478898430
tap1,2,288,642,349.67624,678.64655,1.28,1567478899227
tap1,5,288,930,362.6642,1000.4789,1.22,1567478899921
tap1,50,0,642,128.88066,710.6299,1.17,1567478900737
tap1,37,432,786,530.5088,833.56586,1.23,1567478901473
tap1,64,720,1074,766.29047,1135.4086,1.3299999,1567478902167
tap1,38,432,1074,523.51526,1154.3987,1.27,1567478902769
tap1,63,720,786,779.27844,897.53253,1.3199999,1567478903484
tap1,29,432,210,564.47736,237.8761,1.3399999,1567478904239
tap1,31,144,498,204.81036,592.6913,1.16,1567478905005
tap1,28,144,210,250.7678,311.8376,1.16,1567478905760
tap1,30,432,498,590.4533,464.75793,1.05,1567478906403
tap1,42,432,1506,505.53192,1553.191,1.36,1567478907291
tap1,40,144,1218,192.82146,1314.3154,1.0,1567478908057
tap1,41,432,1218,555.48566,1274.3363,1.35,1567478908710
tap1,43,144,1506,255.76318,1572.1812,1.0799999,1567478909476
tap1,45,144,1362,261.75763,1401.2701,1.12,1567478910221
tap1,82,432,1650,506.531,1706.1113,1.1999999,1567478910936
tap1,80,144,1650,247.77058,1725.1014,1.17,1567478911620
tap1,44,432,1362,502.5347,1458.2405,1.23,1567478912212
tap1,57,720,66,789.2692,145.924,1.36,1567478913202
tap1,26,432,354,541.4986,434.77356,1.13,1567478913967
tap1,58,720,354,810.24976,407.7876,1.31,1567478914631
tap1,25,432,66,565.47644,88.95367,1.3299999,1567478915468
tap1,64,720,1074,795.2637,1130.4113,1.29,1567478916234
tap1,44,432,1362,487.54858,1455.2421,1.27,1567478916897
tap1,38,432,1074,511.52637,1146.4028,1.24,1567478917643
tap1,67,720,1362,824.2368,1444.2478,1.36,1567478918398
tap1,9,288,786,401.6281,829.56793,1.3299999,1567478919174
tap1,53,0,1074,136.87326,1167.392,1.29,1567478919919
tap1,16,288,1074,397.63184,1130.4113,1.22,1567478920614
tap1,52,0,786,87.918594,835.5648,1.0799999,1567478921461
tap1,74,864,786,977.0953,893.5346,1.01,1567478922227
tap1,17,576,1074,664.3848,1129.4117,1.2099999,1567478922941
tap1,75,864,1074,955.11566,1131.4106,1.11,1567478923646
tap1,7,576,786,704.34784,846.5591,1.14,1567478924411
tap1,38,288,66,374.6531,134.92972,1.0699999,1567478925218
tap1,45,0,354,79.925995,431.77512,1.12,1567478926045
tap1,44,0,66,114.893616,186.90265,1.25,1567478926791
tap1,39,288,354,404.62534,381.80115,1.0,1567478927555
tap1,14,288,1506,401.6281,1546.1947,1.1999999,1567478928393
tap1,47,0,1794,123.88529,1841.0411,1.02,1567478929128
tap1,46,0,1506,105.90195,1605.164,1.11,1567478929893
tap1,10,288,1794,385.6429,1796.0645,1.1899999,1567478930618
tap1,22,864,210,890.1758,285.8511,1.5899999,1567478931547
tap1,86,576,498,702.3497,520.72876,1.29,1567478932211
tap1,55,576,210,684.36633,283.85214,1.4,1567478932987
tap1,88,864,498,918.14984,581.697,1.22,1567478933640
tap1,70,864,1362,938.13135,1474.2322,1.4599999,1567478934395
tap1,8,576,1650,674.3756,1724.1019,1.11,1567478935079
tap1,13,576,1362,680.37006,1427.2566,1.16,1567478935835
tap1,71,864,1650,934.1351,1708.1104,1.02,1567478936560
tap1,78,576,1218,661.38763,1325.3097,1.1999999,1567478937295
tap1,83,864,1506,953.1175,1560.1874,1.1899999,1567478938122
tap1,21,864,1218,943.1267,1315.315,1.18,1567478938816
tap1,85,576,1506,718.3349,1593.1702,1.0699999,1567478939530
tap1,19,576,66,645.4024,155.9188,1.29,1567478940510
tap1,77,864,354,920.148,403.78967,1.04,1567478941204
tap1,76,576,354,659.38947,417.7824,1.13,1567478942021
tap1,23,864,66,961.1101,123.93545,1.36,1567478943246
tap1,15,576,1362,628.41815,1497.2202,1.1899999,1567478944022
tap1,69,864,1074,913.1545,1199.3752,1.25,1567478944798
tap1,11,576,1074,696.3552,1090.432,1.1899999,1567478945605
tap1,68,864,1362,949.1212,1421.2598,0.85999995,1567478946370
tap1,21,0,1218,99.90749,1325.3097,1.29,1567478947207
tap1,75,288,1506,359.667,1540.1978,0.93,1567478947983
tap1,17,288,1218,376.65125,1286.33,0.97999996,1567478948677
tap1,78,0,1506,94.91212,1592.1707,0.90999997,1567478949402
tap1,54,576,642,672.37744,736.61633,1.31,1567478950280
tap1,22,864,930,950.12024,1052.4518,1.26,1567478950964
tap1,18,864,642,948.12213,656.65796,1.26,1567478951689
tap1,55,576,930,671.37836,985.4867,1.06,1567478952444
tap1,4,576,1794,720.333,1797.064,1.22,1567478953220
tap1,73,864,1506,926.14246,1560.1874,1.26,1567478954026
tap1,72,576,1506,682.36816,1601.166,1.1,1567478954792
tap1,3,864,1794,940.1295,1820.052,1.0799999,1567478955547
tap1,90,720,1362,840.22205,1424.2582,1.2099999,1567478956242
tap1,77,432,1650,532.50696,1747.09,1.1899999,1567478956915
tap1,23,720,1650,802.2572,1716.1062,1.18,1567478957640
tap1,92,432,1362,565.47644,1433.2534,1.13,1567478958324
tap1,67,432,1074,545.49493,1111.4211,1.14,1567478959029
tap1,82,144,1362,242.7752,1421.2598,1.11,1567478959773
tap1,84,432,1362,529.5097,1420.2603,1.15,1567478960488
tap1,44,144,1074,287.73358,1131.4106,1.03,1567478961233
tap1,38,432,1506,537.5023,1531.2025,1.09,1567478961948
tap1,45,144,1794,238.77892,1844.0396,0.89,1567478962683
tap1,44,432,1794,491.54486,1872.0249,0.71999997,1567478963520
tap1,39,144,1506,242.7752,1547.1941,1.0,1567478964255
tap1,42,432,1506,519.519,1523.2067,1.28,1567478964868
tap1,87,720,1794,780.2775,1813.0557,1.22,1567478965572
tap1,89,432,1794,510.52728,1846.0385,1.03,1567478966266
tap1,43,720,1506,796.2627,1595.1692,1.16,1567478966940
tap1,42,0,1362,125.88344,1472.2332,1.02,1567478967747
tap1,91,288,1650,357.66882,1670.1301,1.06,1567478968441
tap1,89,288,1362,372.65494,1433.2534,0.98999995,1567478969155
tap1,66,0,1650,118.889915,1690.1196,1.02,1567478969880
tap1,56,432,642,548.4921,719.6252,1.3299999,1567478970687
tap1,81,144,930,227.7891,988.48517,1.15,1567478971524
tap1,20,432,930,548.4921,1028.4644,1.15,1567478972157
tap1,79,144,642,227.7891,714.6278,1.22,1567478972963
drag1,2,435.59668,595.68976,0.79999995,2020.4589999999998,100.35421267796897
drag1,3,689.3617,924.51843,0.59999996,1716.232231,59.41456628509986
drag1,4,682.08264,633.3843,0.64,1411.521847,107.89590388830118
drag1,5,409.62073,921.0203,0.62,1858.3676919999998,57.29779629328146
drag1,9,370.6568,796.5851,0.66999996,1307.720077,81.26962197192591
drag1,17,658.3904,1048.4539,0.59999996,1593.943308,68.71636068055344
drag1,16,477.55783,1151.4003,0.56,493.696308,94.04768824455955
drag1,7,657.3913,777.595,0.84,1244.822846,110.38020389237049
drag1,4,684.39014,662.65485,0.64,1614.446692,65.94283311599027
drag1,10,557.5562,640.27515,0.89,1051.438615,268.69862359345774
drag1,2,397.63184,623.6752,0.69,2119.8868469999998,69.7224610535014
drag1,11,663.38574,330.8277,0.74,1824.661846,106.81008795268654
drag1,4,656.5885,648.6621,0.62,867.871847,66.83238358075596
drag1,18,391.6374,1184.383,0.58,1816.159385,70.36280225439222
drag1,2,370.6568,638.1676,0.57,1959.587615,106.16621401528853
drag1,19,664.3848,1169.3909,0.76,2941.8874619999997,60.35008252992731
drag1,13,666.383,271.31888,0.59999996,3218.1433079999997,47.98666510409696
drag1,6,392.63644,460.76,0.7,2907.547231,92.19121141895704
drag1,12,407.62256,241.87402,0.87,2027.028231,73.83243221560375
drag1,8,664.3848,519.7293,0.64,2046.398847,68.45013737532194
drag1,19,687.3635,1226.3612,0.51,1502.233462,63.62715771818419
drag1,22,414.6161,1507.2861,0.57,2019.577,75.38961117808913
drag1,18,393.63553,1162.3945,0.66999996,1910.390308,103.80589307769569
drag1,23,636.4107,1456.2415,0.82,2505.654461,82.9827203740079
drag1,14,577.46533,1385.2784,0.7,460.272539,1243.923031745973
drag1,11,690.3608,358.8131,0.82,2856.81677,62.81987564712215
drag1,10,378.49258,378.8027,0.79999995,1848.470846,52.13815170368171
drag1,15,656.3922,76.959915,0.82,2121.831077,100.85764660301825
drag1,17,698.3534,538.2196,0.68,552.172693,584.734195347365
drag1,20,340.68454,1357.2931,0.81,2140.884769,72.05680939830494
drag1,21,690.3608,1324.3102,0.57,1389.576,64.18605341309664
drag1,16,342.29108,1075.4398,0.76,1951.291692,82.55243768565823
drag1,24,224.79185,82.69739,0.64,2277.356077,73.72747776489109
drag1,26,560.481,349.81778,0.68,2269.665154,77.92441870585253
drag1,27,550.4903,360.81207,0.39999998,80.07361499999999,304.19894805866767
drag1,25,512.52545,105.94482,0.68,1683.763307,75.35336866989198
drag1,66,800.25903,1525.2056,0.64,1698.216846,29.414525963385618
drag1,41,551.4894,1165.393,0.53999996,1879.6056919999999,110.69254276124177
drag1,42,535.50415,1476.2311,0.61,1246.8129999999999,60.27508651102541
drag1,65,789.2692,1233.3575,0.62,2126.060154,72.97162349370964
drag1,36,260.75854,811.5773,0.68,2445.094769,70.15618318172768
drag1,38,554.4866,1067.444,0.57,1818.401308,56.364498672044746
drag1,39,259.25995,1082.4362,0.64,1398.617385,64.26217403129428
drag1,37,541.4986,807.57935,0.57,1881.7291539999999,87.61302165435562
drag1,16,391.6374,1071.4419,0.63,2481.305077,64.26091334563048
drag1,56,89.36494,1349.1926,0.64,2199.522231,79.06239094812699
drag1,20,405.62442,1331.3065,0.55,1452.4487689999999,74.6026771269252
drag1,53,127.88159,1076.4384,0.66999996,2646.1462309999997,74.99865179678618
drag1,59,761.29333,254.86725,0.71,2311.471154,54.04704063514353
drag1,30,510.52728,510.7154,0.83,1949.561692,77.3689066480328
drag1,29,531.5079,237.8761,0.75,1501.4811539999998,82.81906995676965
drag1,60,755.30066,488.74542,0.66999996,1442.1479239999999,64.04859751160593
drag1,33,565.47644,636.6684,0.61,2028.3919999999998,47.15558180946279
drag1,62,822.23865,901.53046,0.53999996,1910.799615,78.18905929079563
drag1,61,852.21094,660.6559,0.56,1594.980769,78.97405747994043
drag1,34,571.4709,937.5117,0.65,1943.319847,52.149546666868865
drag1,6,377.65033,484.74753,0.61,1868.528538,92.61508954923315
drag1,48,117.89084,222.88391,0.7,1931.7609229999998,87.0428913359462
drag1,12,393.136,180.90578,0.61,1276.975,69.99660478920468
drag1,49,98.90842,481.74908,0.75,1554.4762309999999,67.23037651765192
drag1,51,102.1673,924.04254,0.59,1239.4253079999999,33.58601894649756
drag1,2,403.62628,632.6705,0.65,1798.847,77.68235516300456
drag1,5,418.6124,888.5372,0.7,1174.009538,54.8676642858277
drag1,50,307.7151,757.60535,0.75,712.909,204.63082721843867
drag1,37,554.48724,857.886,0.66999996,2002.5694609999998,64.92449291728694
drag1,64,836.2257,1048.4539,0.58,3190.1169999999997,79.17544028284358
drag1,38,552.48846,1005.4763,0.77,1685.266539,93.29372069956193
drag1,63,820.24054,794.3897,0.74,1571.887693,74.32525742556834
drag1,29,496.54025,217.91139,0.59999996,1585.986385,86.46906842875865
drag1,31,286.7345,450.76523,0.63,3435.218923,93.13852026557858
drag1,28,261.75763,220.88495,0.69,2378.7222309999997,81.56650578301654
drag1,30,484.55133,289.84903,0.61,408.85999999999996,305.1576138023024
drag1,42,577.46533,671.65015,0.48999998,622.364769,848.376008382842
drag1,40,201.81314,1218.3654,0.71999997,1764.7306159999998,60.287772434655636
drag1,41,523.51526,1144.4039,0.62,2841.2566159999997,130.02596682310735
drag1,43,289.73172,1513.7115,0.65999997,2184.944384,71.83635683788424
drag1,45,257.76132,1370.1555,0.48999998,1542.333539,75.34474133897461
drag1,82,544.1052,1611.747,0.53999996,1144.826769,95.36259819534686
drag1,80,386.642,1698.1155,0.34,632.753462,172.38639838787424
drag1,44,552.48016,1488.7537,0.52,714.5973839999999,37.60293037221841
drag1,57,599.44495,1400.2706,0.53,335.912461,1211.2710918302666
drag1,26,537.5023,375.80426,0.55,2831.5093079999997,65.5859024835292
drag1,58,797.2618,357.20905,0.63,1594.8790769999998,83.25885514984883
drag1,25,519.519,84.932014,0.62,2816.308923,95.83255839894825
drag1,64,848.487,1070.9877,0.64,2018.4180769999998,59.956528526078436
drag1,44,561.4801,1345.2993,0.53999996,1757.740462,66.44807303896145
drag1,38,568.47363,1264.8435,0.55,696.79723,99.33854696016816
drag1,67,827.2341,1381.2805,0.59,1900.6994619999998,59.363368705234016
drag1,9,397.63184,824.5705,0.76,3775.6102309999997,68.8107861137925
drag1,53,105.90195,1086.4341,0.62,2312.824615,61.66711442560792
drag1,16,417.6133,1036.721,0.59999996,1329.9682309999998,84.69555186637311
drag1,52,45.957447,838.56323,0.68,1932.9379239999998,78.68997623484617
drag1,74,988.0851,805.5804,0.53,1410.411308,66.33018073964243
drag1,17,660.38855,1073.4409,0.45999998,1860.537077,65.13585249469209
drag1,75,955.3114,1041.2617,0.53,1780.738461,82.635948121389
drag1,7,684.36633,787.5898,0.52,2159.408539,84.81773724339774
drag1,70,799.25995,691.6398,0.63,398.984385,415.51015266499303
drag1,8,684.36633,482.74857,0.69,3166.826847,79.87669073565054
drag1,13,686.3645,265.8615,0.63,1686.001307,70.88383088391484
drag1,71,988.0851,483.5523,0.65999997,2784.746615,77.91758668730039
drag1,78,941.1286,1350.2966,0.63,3439.635769,70.61434238046138
drag1,83,679.371,1655.8077,0.61,2133.4694609999997,69.44831600224177
drag1,21,688.3626,1393.2743,0.7,2369.540385,82.02884194602096
drag1,85,983.0897,1678.126,0.65,1932.0342309999999,59.12806690883167
drag1,19,720.57635,1252.5911,0.7,2508.407154,56.60758067232721
drag1,77,952.1184,1479.9648,0.63,2131.628462,71.64627507509404
drag1,76,983.0897,1241.3534,0.66999996,1350.046693,74.98036346517586
drag1,23,1002.07214,1219.3649,0.56,90.457154,416.5009003591709
drag1,15,936.13324,1258.3446,0.84,744.919307,1160.1934265580744
drag1,69,949.1212,370.80685,0.81,1827.4503849999999,94.66601174521948
drag1,11,639.40796,353.4494,0.64,1073.516308,82.75921329912504
drag1,68,1001.07306,102.94638,0.56,1063.586462,79.57443603373532
drag1,21,671.37836,1339.3024,0.69,2429.985001,73.15485848613667
drag1,75,938.13135,1033.9614,0.65,2139.742385,115.43536700592645
drag1,17,682.36816,1055.4503,0.65999997,1695.6497689999999,65.24402333628598
drag1,78,940.1295,1380.2811,0.48,1574.297,59.13196594894432
drag1,54,95.911194,1232.3582,0.47,1155.289616,51.05616566594814
drag1,22,68.93617,1237.3555,0.32,202.536,394.08755372378863
drag1,18,498.5384,1148.4019,0.5,1510.790384,137.60355957144267
drag1,55,78.92692,1516.294,0.55,1350.389,64.34798967340546
drag1,67,843.21924,1345.2993,0.59999996,1706.4463079999998,87.50013655600792
drag1,82,649.8982,1688.1207,0.53999996,1164.3646919999999,99.3673507390255
drag1,84,835.30853,1672.129,0.29999998,1336.3485389999998,70.52687516853071
drag1,44,544.49585,1364.2894,0.71999997,2352.255769,64.04285234244105
drag1,38,538.5014,1133.4097,0.59,1430.896231,79.4292872263005
drag1,45,256.66983,1330.3071,0.89,1686.706923,52.70751352485517
drag1,44,578.4644,1355.2941,0.71999997,1062.293385,80.51937621637978
drag1,39,230.78632,1095.4294,0.72999996,1919.465385,81.99698069768645
drag1,56,113.89455,1387.3517,0.48999998,1738.312461,59.8722063902559
drag1,81,396.63275,1672.129,0.61,2313.3533079999997,74.99597540592912
drag1,20,374.6531,1370.2063,0.62,1707.2383849999999,80.99001538514331
drag1,79,18.982424,1696.1166,0.53,3109.065846,63.54304715142514
drag1,33,281.73914,1598.1676,0.53999996,491.91023099999995,894.7359883994505
drag1,35,230.78632,959.50024,0.65999997,3468.0696159999998,92.96592775846027
drag1,34,520.6885,933.5138,0.58,1441.850616,69.00451464901728
drag1,32,219.38123,701.8422,0.82,2296.114,64.9127709400215
drag1,9,391.6374,782.5924,0.61,1953.605077,72.37157009704286
drag1,8,644.4033,501.73868,0.58,1830.2636149999998,73.3374890158011
drag1,6,363.66327,518.7298,0.7,1931.2993849999998,63.777644115405884
drag1,7,665.3839,777.595,0.65,2312.027769,61.65807410803701
drag1,14,405.77866,45.821762,0.78999996,2672.7773079999997,119.73904721634659
drag1,47,104.90287,329.82822,0.9,2110.9072309999997,60.92368447679645
drag1,46,92.91397,67.9646,0.90999997,1899.6992309999998,79.81155129249993
drag1,10,403.62628,362.81104,0.62,1685.757924,45.11832303530699
drag1,4,675.37463,609.84735,0.65,2410.8373079999997,63.439909553101444
drag1,73,957.1138,920.52057,0.72999996,2226.491924,79.30527639506256
drag1,72,929.6393,673.6491,0.65999997,1390.182462,95.91281951549192
drag1,3,704.34784,939.5106,0.78999996,1757.907847,44.455574601238794
