drag1,2,392.63644,673.1494,0.55,2490.80377,62.424038728016356
drag1,3,663.38574,929.51587,0.65,3121.5016929999997,79.10710757686897
drag1,4,653.89453,656.65796,0.59999996,2693.261462,58.19080961908328
drag1,5,374.6531,905.5283,0.7,1907.868154,72.23384275358026
drag1,9,373.65402,811.5773,0.59,1724.978385,76.42042367485598
drag1,17,635.4117,1059.4481,0.65,2613.2759229999997,66.63374100008129
drag1,16,349.67624,1093.4469,0.5,2337.40577,70.04745007256581
drag1,7,658.3904,798.58405,0.61,2442.023462,65.40242630776714
drag1,4,660.38855,681.64496,0.63,1845.9292309999998,76.54076577932103
drag1,10,379.64847,404.77158,0.74,3663.331308,55.8899533691109
drag1,2,326.6975,643.66473,0.65999997,2781.577077,67.01726793838249
drag1,11,657.3913,356.81415,0.79999995,2285.948692,63.821350158711894
drag1,4,648.39966,645.6637,0.71,2357.509154,66.114501953125
drag1,18,371.65588,1208.3706,0.58,2031.819,68.31948978832229
drag1,2,375.65216,637.66785,0.58,2117.396923,74.76944400801221
drag1,19,718.3349,1243.3524,0.59999996,3402.860615,60.3886631191717
drag1,13,696.3552,214.88808,0.72999996,3135.500538,66.55797845184135
drag1,6,396.63275,534.7215,0.65,2588.00323,60.20787239050196
drag1,12,372.65494,250.86934,0.7,2194.433231,65.09051531610854
drag1,8,653.395,498.75922,0.78,1735.9988469999998,72.74643290162255
drag1,19,662.38666,1235.3566,0.63,2022.366,67.46148334123862
drag1,22,417.6133,1502.2175,0.63,2623.695308,75.26089102702879
drag1,18,372.65494,1242.8927,0.65999997,1857.267077,65.4030510205154
drag1,23,662.0351,1495.2212,0.79999995,2797.526538,61.4745300949652
drag1,14,363.66327,86.95471,0.69,2531.628846,84.234250647305
drag1,11,662.38666,374.80478,0.88,2292.821923,69.31388452951252
drag1,10,364.66235,369.80737,0.71,2123.468461,74.97363082138358
drag1,15,665.3839,76.959915,0.69,2123.185923,65.40563097185228
drag1,17,641.4061,1103.4253,0.72999996,2666.136616,67.67339258406946
drag1,20,388.64014,1348.2977,0.64,3052.8830009999997,66.51346704143168
drag1,21,666.383,1365.2888,0.71999997,2024.490077,68.96856038026881
drag1,16,375.65216,1067.444,0.65999997,2261.8292309999997,78.98600271721598
drag1,24,223.79279,91.9521,0.65999997,2308.7393079999997,78.59110239608819
drag1,26,525.5134,355.81467,0.77,2633.2660769999998,64.29045520512516
drag1,27,232.78445,375.80426,0.79999995,2503.848231,66.53918354023247
drag1,25,540.9878,80.95783,0.75,2483.013846,62.95818937230429
drag1,66,833.2285,1511.2129,0.71999997,3183.683385,66.81813689934086
drag1,41,800.25903,1562.1863,0.58,572.940077,422.685218994601
drag1,42,560.0892,1530.8105,0.75,1794.921077,76.6087996315167
drag1,65,806.265,1247.3503,0.71,2192.546,59.82510451729968
drag1,36,230.78632,803.5814,0.65999997,2870.796692,70.04032250593784
drag1,38,524.51434,1065.4451,0.72999996,2298.223462,65.15733666966052
drag1,39,220.79556,1089.4326,0.74,2441.209769,79.9616341252176
drag1,37,509.52823,793.2012,0.87,2378.566154,64.31766181483232
drag1,16,380.64755,1066.4446,0.71999997,1774.343846,61.239406519183404
drag1,56,91.914894,1343.3003,0.63,2094.623154,71.1635194727373
drag1,20,380.148,1327.8083,0.69,2317.798769,76.6419295834812
drag1,53,100.90657,1084.4352,0.69,2038.0019229999998,69.10444660985159
drag1,59,827.2341,227.8813,0.78999996,3394.0440009999998,57.545464839061516
drag1,30,543.49677,522.7277,0.78,2717.634384,59.20497017959018
drag1,29,547.49304,234.58392,0.78999996,2542.1549999999997,72.13096852276347
drag1,60,806.2535,488.74542,0.75,1939.357231,75.03666813521419
drag1,33,553.4875,636.6684,0.63,2110.6898459999998,74.0642976755209
drag1,62,792.2664,933.5138,0.7,1663.503692,76.16387152877756
drag1,61,772.2849,673.6491,0.65,2485.737231,60.232184468599975
drag1,34,530.5088,937.5117,0.72999996,2068.0061539999997,70.02239547343275
drag1,6,375.65216,495.7418,0.59999996,2115.068077,73.83926806967487
drag1,48,92.91397,201.89484,0.69,2466.6920769999997,71.01219542860389
drag1,12,396.63275,216.88704,0.7,1993.607231,63.71693967202595
drag1,49,99.90749,467.75638,0.84,1899.492,65.6372421287013
drag1,51,99.90749,942.5091,0.66999996,1715.7513079999999,49.66674662918304
drag1,2,405.62442,661.6554,0.7,2583.047154,73.83746987356528
drag1,5,365.66144,901.53046,0.68,1900.335308,75.1217318269916
drag1,50,116.89177,652.66003,0.65,1991.57377,64.86095214497064
drag1,37,508.52914,776.5955,0.77,2042.515385,68.1236513844537
drag1,64,794.57715,1055.1377,0.72999996,2428.225077,62.50571657287308
drag1,38,543.49677,1064.4456,0.65,1951.7546149999998,69.34390035729442
drag1,63,787.27106,800.583,0.82,2541.329077,70.24211170411796
drag1,29,522.5162,222.85173,0.75,2195.434077,79.02802563781911
drag1,31,227.7891,522.22797,0.78,2459.9845379999997,73.08786122010396
drag1,28,229.78723,229.48979,0.88,2520.6183849999998,68.20881692979032
drag1,30,517.5208,490.7444,0.74,2595.428692,70.43702469525121
drag1,42,454.5791,1512.2124,0.59,4343.082385,79.51145664060964
drag1,40,269.75024,1230.3591,0.71,3752.170307,66.1147961011067
drag1,41,492.54395,1212.8684,0.74,1969.299231,70.56164183867709
drag1,43,227.7891,1494.3512,0.74,3153.174846,78.1599237504964
drag1,45,241.83806,1388.2769,0.62,1635.364231,73.45397340261852
drag1,82,489.54672,1660.1353,0.74,1929.912153,65.57746878448562
drag1,80,225.79094,1637.1473,0.65999997,2885.449231,74.14881953772306
drag1,44,485.5504,1369.2867,0.64,2506.931846,63.90408039432352
drag1,57,786.272,107.94378,0.66999996,3017.1740769999997,65.46062930188177
drag1,26,516.5217,377.80322,0.77,2359.259693,73.57735848498416
drag1,58,780.2775,361.77594,0.64,2451.962461,54.08102272563287
drag1,25,523.51526,57.969807,0.84,2867.7736919999998,60.813194629538486
drag1,64,792.22815,1086.3958,0.64,2523.368846,69.90660622599876
drag1,44,512.52545,1355.2941,0.65999997,2175.358384,69.49556401151463
drag1,38,502.5347,1095.3734,0.7,2287.794308,65.79973562332769
drag1,67,818.2424,1361.291,0.69,2216.632846,63.71808024419725
drag1,9,348.67715,789.58875,0.65,2370.399693,68.66441431671146
drag1,53,89.91675,1057.4492,0.81,2738.9612309999998,64.42311218809924
drag1,16,365.66144,1066.4446,0.74,2114.143692,59.972683298149214
drag1,52,89.962746,794.5401,0.75,2450.794923,61.22688232052713
drag1,74,932.1369,792.08746,0.75,2858.811769,55.481459873384146
drag1,17,643.40424,1063.446,0.63,2380.421308,68.11330576082565
drag1,75,928.1406,1064.4456,0.64,1818.905615,77.17434585058668
drag1,7,635.4117,818.57367,0.74,2297.730846,57.82625784413234
drag1,70,926.49915,248.2277,0.82,2140.838154,72.30936886712311
drag1,8,656.3922,501.73868,0.79999995,2683.582077,64.2618351735519
drag1,13,653.395,231.87923,0.77,2808.156,59.89350953790775
drag1,71,891.17487,519.7293,0.61,2917.1880779999997,69.49085191043767
drag1,78,940.1295,1379.2816,0.64,2298.4522309999998,69.14105171634979
drag1,83,661.38763,1652.1395,0.68,1951.237308,60.35078757495331
drag1,21,650.39777,1378.2821,0.58,1727.653615,79.51093256989701
drag1,85,647.4006,1390.2759,0.45,70.090462,398.78440290462714
drag1,19,681.3691,1247.1768,0.71999997,1694.517846,66.09902819689734
drag1,77,918.14984,1510.2134,0.69,1910.666385,65.46294524308357
drag1,76,911.7651,1215.976,0.59,2359.558462,61.25522999549169
drag1,23,701.3506,1475.2316,0.62,2203.650077,71.84651356569627
drag1,15,687.86304,91.45236,0.9,3379.568539,66.73532810638784
drag1,69,931.1378,360.68164,0.87,2389.1927689999998,54.35028159742007
drag1,11,686.3645,362.31128,0.76,3143.6442309999998,70.53035123195097
drag1,68,944.1258,81.45757,0.69,2165.058924,61.38140698381633
drag1,21,673.3765,1378.2821,0.74,2591.962923,69.91777109817438
drag1,75,959.11194,1107.923,0.65,2073.255077,73.25919124084491
drag1,17,659.38947,1080.4373,0.61,1968.3656919999999,69.00527804609406
drag1,78,903.16376,1384.2789,0.69,1428.161923,63.13142162099537
drag1,54,74.431076,1228.3602,0.65999997,2061.632923,66.68809093549815
drag1,22,390.6383,1494.2217,0.68,1420.131154,57.13790231257215
drag1,18,395.63367,1226.3612,0.66999996,1776.519,65.93282045218491
drag1,55,85.92044,1502.2175,0.61,1521.957307,56.166670322971726
drag1,67,810.24976,1367.2878,0.65999997,1930.7607699999999,59.003362795982866
drag1,82,525.5134,1621.1556,0.59,1418.536462,66.9023335976581
drag1,84,795.66077,1674.128,0.48,947.0520769999999,36.71011950134972
drag1,44,549.4912,1334.8047,0.62,1644.6731539999998,77.67787940973425
drag1,38,523.51526,1064.4456,0.55,1560.4109999999998,74.1477166785862
drag1,45,230.78632,1318.3134,0.66999996,1498.804385,69.35464874296854
drag1,44,508.52914,1319.3129,0.64,1227.543385,68.4037805847426
drag1,39,268.75116,1074.4404,0.64,1623.570154,70.48665019806874
drag1,56,124.88437,1332.306,0.57,1089.8475389999999,74.36706791063233
drag1,81,393.63553,1592.1707,0.68,1355.947308,70.13968319769398
drag1,20,375.65216,1372.7849,0.58,1315.888,65.32622985045751
drag1,79,95.911194,1627.1525,0.61,1296.725692,77.6635451280474
drag1,33,524.51434,669.6512,0.59,1867.694616,59.08008083627531
drag1,35,269.27167,914.0449,0.65999997,1765.3153849999999,69.77064896293702
drag1,34,515.52264,928.51636,0.59999996,1317.986692,61.98199386439886
drag1,32,228.78816,670.6507,0.7,2423.667615,72.86125942255778
drag1,9,360.66605,742.6132,0.64,909.261847,64.15030226867603
drag1,8,645.4024,530.7236,0.59,1399.8047689999999,73.81093056901982
drag1,6,376.65125,509.7345,0.7,1553.281692,66.10730400354447
drag1,7,643.7955,759.9958,0.84,1150.399077,77.77082453466751
drag1,14,362.6642,88.95367,0.62,1982.232462,64.73791560141346
drag1,47,102.90472,352.81622,0.66999996,1543.1982309999999,68.15177120348768
drag1,46,105.90195,106.80445,0.71,1460.035461,66.43983991278476
drag1,10,361.66513,377.80322,0.71,1275.8984619999999,53.122950465868946
drag1,4,618.42737,635.6689,0.62,1315.8446159999999,56.46286239489383
drag1,73,888.1776,933.5138,0.74,2033.204385,58.271652416359665
drag1,72,940.1295,683.6439,0.64,1369.164769,64.82039370275398
drag1,3,654.3941,941.5096,0.57,1111.833846,67.12645850717612
scale1,27,0.6259117,1563.202231
scale1,46,-12.389694,1859.628385
scale1,26,-8.4801235,1245.4195379999999
scale1,4,3.4438705,1194.2926929999999
scale1,43,-8.736362,1214.627616
scale1,25,-7.3487377,1142.480462
scale1,42,-6.3142033,1598.1575389999998
scale1,23,4.0481186,929.6931539999999
scale1,5,-10.579903,1142.138461
scale1,24,-4.561798,957.825615
scale1,19,6.3487587,948.254384
scale1,2,6.3487587,816.0778459999999
scale1,44,6.3487587,141.165462
scale1,27,-15.050222,2019.115308
scale1,46,-11.091557,1470.5996149999999
scale1,26,-1.4930248,1427.158154
scale1,4,-13.422461,1236.7459999999999
scale1,43,-11.977432,1533.757384
scale1,25,14.035618,809.638231
scale1,42,-14.37513,1703.1024619999998
scale1,23,-18.189342,2585.848924
scale1,5,15.553894,941.526
scale1,24,-13.019863,1969.450615
scale1,19,19.407864,867.479308
scale1,2,-8.473549,3287.803693
scale1,44,-7.873558,1307.7349239999999
scale1,65,-6.9313602,2169.027769
scale1,45,-8.887304,1399.281462
scale1,28,-8.868216,999.1514609999999
scale1,13,27.394547,950.7643069999999
scale1,56,-12.186979,1274.8619999999999
scale1,40,-14.319563,1429.5059999999999
scale1,41,-6.8390923,1869.660923
scale1,6,-106.40691,1399.727154
scale1,51,-1.8400383,1522.738461
scale1,36,4.880024,1685.2135389999999
scale1,21,55.54248,728.504539
scale1,8,-1.2892628,1120.898231
scale1,57,-3.2896156,1887.119231
scale1,39,-5.4887695,1136.376769
scale1,9,-6.4927826,1448.593539
scale1,58,-10.929731,1309.031462
scale1,47,-7.7281437,1274.622923
scale1,1,-10.567183,1859.982
scale1,35,-8.366175,1410.7444619999999
scale1,3,0.16596222,1628.282923
scale1,17,-9.082294,1638.973
scale1,53,11.568089,1033.0659229999999
scale1,34,-13.247091,1743.879385
scale1,18,25.05312,1020.8935389999999
scale1,50,0.32286072,1530.380692
scale1,62,-3.2020168,979.8566159999999
scale1,66,-16.031576,1305.813924
scale1,20,1.5922623,967.945615
scale1,37,-5.1075954,1336.29423
scale1,32,14.16124,778.03977
scale1,31,-10.504406,1366.774154
scale1,49,2.6016655,1330.230308
scale1,7,11.052452,1389.5363849999999
scale1,15,12.180473,727.656154
scale1,10,-14.828934,1427.7167689999999
scale1,60,-12.400612,1267.616153
scale1,63,-11.590593,1039.629923
scale1,59,-143.27737,1192.991231
scale1,55,0.6667328,825.270077
scale1,14,-7.90559,1512.898769
scale1,12,-12.683836,1983.321923
scale1,54,-13.536942,1422.161154
scale1,52,-16.919632,1183.752847
scale1,48,-11.359812,1542.127385
scale1,30,23.120796,727.380462
scale1,16,-18.691006,1162.834923
scale1,11,11.72073,815.310154
scale1,61,3.0981445,1072.4896919999999
scale1,38,-11.60091,1050.097692
scale1,29,-19.670008,1274.418846
scale1,64,-10.788042,1008.991847
scale1,22,-6.5268917,1314.879154
scale1,33,-6.51412,1512.0803079999998
scale2,25,-7.4775066,4220.293076999999
scale2,9,0.47112465,5007.241462
scale2,28,-17.606844,4006.512385
scale2,10,2.1936722,5691.7250779999995
scale2,29,-10.682098,6510.157924
scale2,12,-9.395679,4557.350230999999
scale2,30,-21.458988,5923.924846999999
scale2,13,-20.717148,5639.76977
scale2,32,-13.388689,4394.412846
scale2,15,-8.154768,4831.294385
scale2,34,-20.33175,5129.0753079999995
scale2,17,-13.473347,5546.598308
scale2,1,-8.682163,5621.497308
scale2,20,-16.306263,5886.629308
scale2,3,-12.86891,4493.461539
scale2,24,-6.54558,2902.959462
scale2,16,-15.362881,5069.817846999999
scale2,2,-10.454309,5099.303308
scale2,23,-12.299595,5066.161537999999
scale2,7,-13.940695,5599.539922999999
scale2,11,-22.014204,5375.930539
scale2,14,-12.12216,4414.190154
scale2,26,-20.407911,4363.333077
scale2,35,-24.921015,4081.300539
scale2,21,-15.605902,5189.408230999999
scale2,22,-19.262295,5006.812154
scale2,27,-8.903217,4239.933462
scale2,36,-9.107655,4290.869847
scale2,31,103.26857,2268.040923
scale2,19,-14.280018,3993.8303079999996
scale2,4,-12.272718,5720.741384999999
scale2,8,1.6545696,2808.857615
scale2,5,-444.4722,2932.1307699999998
scale2,33,-30.478209,4577.932385
scale2,18,-7.053652,4997.169385
scale2,6,0.6783943,4259.853231
rotate1,9,0.60179234,1953.653769
rotate1,4,4.1696987,2780.02823
rotate1,13,0.21553516,1572.562846
rotate1,6,1.4589138,1881.7240769999999
rotate1,15,2.264494,1565.215385
rotate1,2,0.24414825,1523.0653849999999
rotate1,10,2.1742039,1442.193846
rotate1,5,-0.97289276,1349.160616
rotate1,14,3.3874874,1257.2881539999998
rotate1,8,0.5289669,1439.7583069999998
rotate1,11,5.688917,1747.292
rotate1,7,2.209301,1206.6175389999999
rotate1,1,0.56711006,1625.286692
rotate1,12,2.9869823,1331.6392309999999
rotate1,3,-3.9429913,1317.754923
rotate2,2,-3.782341,2729.86677
rotate2,13,5.161606,1931.8829999999998
rotate2,8,6.0331726,1951.0961539999998
rotate2,3,-3.069992,2647.1981539999997
rotate2,7,0.34072113,2347.770462
rotate2,12,0.41703796,2063.013
rotate2,1,-0.04512024,2052.140846
rotate2,11,-0.04512024,7376.652615
rotate2,6,-1.8270493,2573.5214619999997
rotate2,10,-1.8270493,7600.661155
rotate2,5,-0.9930115,3300.397924
rotate2,15,3.6165009,3229.091923
rotate2,9,-4.7644196,3699.324616
rotate2,4,4.8959885,2190.7959229999997
rotate2,14,2.5631332,2341.8656929999997
rotate2,2,1.2414932,2117.629384
rotate2,13,-1.2985382,1563.64377
rotate2,8,-1.7820435,2963.9661539999997
rotate2,3,3.8779373,2297.946846
rotate2,7,0.711792,2574.803539
rotate2,12,-2.6077118,2542.685
rotate2,1,0.15016174,2032.614539
rotate2,11,-1.2919693,3504.7145379999997
rotate2,6,0.32047272,2178.520385
rotate2,10,1.1374207,2841.096693
rotate2,5,-3.0546722,1797.2069999999999
rotate2,15,-1.2882385,2451.955308
rotate2,9,-1.5904617,1655.038
rotate2,4,-0.67303467,1709.4543079999999
rotate2,14,-1.463768,1829.2528459999999
tap1,2,288,642,380.64755,662.65485,0.44,1567306647846
tap1,3,576,930,655.3932,994.482,0.52,1567306648819
tap1,4,576,642,626.42,711.62933,0.61,1567306649667
tap1,5,288,930,355.6707,993.48254,0.57,1567306650546
tap1,9,288,786,390.6383,832.56635,0.55,1567306651424
tap1,17,576,1074,704.34784,1125.4138,0.48,1567306652343
tap1,16,288,1074,332.69196,1143.4044,0.68,1567306653140
tap1,7,576,786,657.3913,858.5528,0.64,1567306654019
tap1,4,576,642,647.4006,707.6314,0.69,1567306654724
tap1,10,288,354,349.67624,409.78656,0.65,1567306655653
tap1,2,288,642,380.64755,678.64655,0.65999997,1567306656460
tap1,11,576,354,666.383,412.785,0.71,1567306657186
tap1,4,576,642,682.36816,698.6361,0.64,1567306658064
tap1,18,288,1218,378.6494,1271.3378,0.68,1567306658994
tap1,2,288,642,348.67715,690.64026,0.65,1567306660230
tap1,19,576,1218,657.3913,1291.3274,0.66999996,1567306661119
tap1,13,576,210,681.3691,254.86725,0.57,1567306662150
tap1,6,288,498,374.6531,576.69965,0.56,1567306662978
tap1,12,288,210,342.6827,235.87714,0.69,1567306663816
tap1,8,576,498,655.3932,562.7069,0.65,1567306664633
tap1,19,576,1218,659.38947,1266.3405,0.59999996,1567306665624
tap1,22,288,1506,376.65125,1559.1879,0.63,1567306666421
tap1,18,288,1218,344.68085,1251.3483,0.7,1567306667167
tap1,23,576,1506,681.3691,1556.1895,0.63,1567306667932
tap1,14,288,66,359.667,117.93857,0.57,1567306669209
tap1,11,576,354,665.3839,418.78186,0.65,1567306670078
tap1,10,288,354,356.66974,425.77823,0.72999996,1567306670967
tap1,15,576,66,682.36816,97.94898,0.65,1567306672039
tap1,17,576,1074,671.37836,1120.4164,0.53999996,1567306672969
tap1,20,288,1362,390.6383,1409.266,0.58,1567306673796
tap1,21,576,1362,665.3839,1428.2561,0.65999997,1567306674491
tap1,16,288,1074,381.64664,1115.4191,0.64,1567306675298
tap1,9,288,786,384.64386,846.5591,0.68,1567306676136
tap1,8,576,498,673.3765,556.71,0.66999996,1567306676902
tap1,6,288,498,366.6605,552.7121,0.76,1567306677678
tap1,7,576,786,669.3802,851.55646,0.65,1567306678536
tap1,24,144,66,227.7891,126.93388,0.55,1567306679966
tap1,26,432,354,542.4977,426.7777,0.71,1567306680794
tap1,27,144,354,223.79279,379.8022,0.77,1567306681590
tap1,25,432,66,508.52914,91.9521,0.71,1567306682561
tap1,66,720,1506,821.2396,1601.166,0.63,1567306683541
tap1,41,432,1218,510.52728,1246.3508,0.78999996,1567306684216
tap1,42,432,1506,499.53748,1569.1827,0.77,1567306684962
tap1,65,720,1218,790.26825,1313.3159,0.77,1567306685830
tap1,36,144,786,221.79463,810.5778,0.72999996,1567306686770
tap1,38,432,1074,487.54858,1149.4014,0.77,1567306687618
tap1,39,144,1074,211.8039,1144.4039,0.69,1567306688455
tap1,37,432,786,501.5356,843.5606,0.56,1567306689191
tap1,16,288,1074,430.6013,1101.4263,0.72999996,1567306689885
tap1,56,0,1362,72.93247,1395.2733,0.62,1567306690794
tap1,20,288,1362,373.65402,1449.2451,0.68,1567306691591
tap1,53,0,1074,101.90564,1124.4143,0.61,1567306692552
tap1,59,720,210,843.21924,278.85477,0.71,1567306693584
tap1,30,432,498,521.5171,556.71,0.72999996,1567306694493
tap1,29,432,210,507.53006,257.8657,0.77,1567306695382
tap1,60,720,498,826.235,543.7168,0.74,1567306696168
tap1,33,432,642,528.5106,690.64026,0.65999997,1567306697016
tap1,62,720,930,796.2627,972.49347,0.65999997,1567306697895
tap1,61,720,642,839.22296,702.63403,0.69,1567306698722
tap1,34,432,930,537.5023,971.494,0.64,1567306699550
tap1,6,288,498,379.64847,550.71313,0.7,1567306700439
tap1,48,0,210,68.93617,269.85944,0.64,1567306701378
tap1,12,288,210,364.66235,266.861,0.7,1567306702114
tap1,49,0,498,86.91952,551.71265,0.65,1567306703013
tap1,51,0,930,98.90842,951.5044,0.5,1567306703973
tap1,2,288,642,355.6707,704.633,0.68,1567306704801
tap1,5,288,930,373.65402,977.49084,0.65,1567306705537
tap1,50,0,642,85.92044,694.6382,0.57,1567306706476
tap1,37,432,786,506.531,866.54865,0.64,1567306707273
tap1,64,720,1074,808.25165,1126.4133,0.52,1567306708090
tap1,38,432,1074,522.5162,1128.4122,0.81,1567306708907
tap1,63,720,786,817.2433,835.5648,0.75,1567306709766
tap1,29,432,210,509.52823,262.8631,0.7,1567306710656
tap1,31,144,498,244.77336,554.71106,0.59,1567306711492
tap1,28,144,210,218.79741,262.8631,0.66999996,1567306712370
tap1,30,432,498,540.4995,557.70953,0.53999996,1567306713198
tap1,42,432,1506,534.50507,1575.1796,0.59,1567306714199
tap1,40,144,1218,231.78539,1265.341,0.65,1567306715037
tap1,41,432,1218,504.53284,1296.3248,0.69,1567306715711
tap1,43,144,1506,233.78354,1556.1895,0.63,1567306716477
tap1,45,144,1362,221.79463,1428.2561,0.59999996,1567306717243
tap1,82,432,1650,531.5079,1705.1119,0.57,1567306718020
tap1,80,144,1650,209.80574,1721.1035,0.66999996,1567306718796
tap1,44,432,1362,539.5005,1415.2628,0.66999996,1567306719511
tap1,57,720,66,817.2433,143.92503,0.56,1567306720931
tap1,26,432,354,539.5005,389.79697,0.65,1567306721676
tap1,58,720,354,841.22107,394.79437,0.62,1567306722463
tap1,25,432,66,528.5106,113.94065,0.58,1567306723474
tap1,64,720,1074,822.23865,1137.4076,0.48,1567306724455
tap1,44,432,1362,555.48566,1398.2717,0.44,1567306725231
tap1,38,432,1074,523.51526,1131.4106,0.72999996,1567306726110
tap1,67,720,1362,800.25903,1445.2472,0.71,1567306726938
tap1,9,288,786,354.6716,845.5596,0.71999997,1567306727867
tap1,53,0,1074,85.92044,1136.4081,0.57,1567306728776
tap1,16,288,1074,358.6679,1126.4133,0.65999997,1567306729471
tap1,52,0,786,74.93062,823.57104,0.62,1567306730319
tap1,74,864,786,986.087,821.5721,0.59999996,1567306731320
tap1,17,576,1074,662.38666,1157.3972,0.75,1567306732127
tap1,75,864,1074,938.13135,1145.4034,0.63,1567306732995
tap1,7,576,786,644.4033,841.56165,0.79999995,1567306733884
tap1,38,288,66,396.63275,135.9292,0.72999996,1567306734997
tap1,45,0,354,76.92877,399.79178,0.72999996,1567306735886
tap1,44,0,66,91.914894,117.93857,0.69,1567306736928
tap1,39,288,354,393.63553,412.785,0.63,1567306737704
tap1,14,288,1506,379.64847,1556.1895,0.65999997,1567306738757
tap1,47,0,1794,84.92137,1809.0577,0.62,1567306739696
tap1,46,0,1506,69.93524,1589.1722,0.64,1567306740575
tap1,10,288,1794,355.6707,1860.0311,0.53999996,1567306741515
tap1,22,864,210,917.1508,285.8511,0.76,1567306742659
tap1,86,576,498,681.3691,515.7314,0.65999997,1567306743415
tap1,55,576,210,685.3654,211.88963,0.74,1567306744252
tap1,88,864,498,975.09717,565.7053,0.69,1567306745029
tap1,70,864,1362,966.10547,1408.2665,0.55,1567306745958
tap1,8,576,1650,650.39777,1698.1155,0.64,1567306746786
tap1,13,576,1362,692.35895,1414.2634,0.56,1567306747491
tap1,71,864,1650,938.13135,1712.1083,0.59999996,1567306748318
tap1,78,576,1218,685.3654,1244.3519,0.78999996,1567306749074
tap1,83,864,1506,957.1138,1557.189,0.64,1567306749871
tap1,21,864,1218,981.0916,1274.3363,0.55,1567306750524
tap1,85,576,1506,658.3904,1567.1837,0.71,1567306751291
tap1,19,576,66,673.3765,105.94482,0.59,1567306752710
tap1,77,864,354,953.1175,434.77356,0.64,1567306753528
tap1,76,576,354,659.38947,418.78186,0.7,1567306754314
tap1,23,864,66,983.0897,109.94273,0.68,1567306755438
tap1,15,576,1362,674.3756,1421.2598,0.71999997,1567306756367
tap1,69,864,1074,946.12396,1170.3904,0.59999996,1567306757144
tap1,11,576,1074,638.4089,1125.4138,0.69,1567306757798
tap1,68,864,1362,989.08417,1399.2711,0.47,1567306758604
tap1,21,0,1218,68.93617,1264.3414,0.59999996,1567306759595
tap1,75,288,1506,376.65125,1577.1785,0.51,1567306760423
tap1,17,288,1218,379.64847,1268.3394,0.7,1567306761261
tap1,78,0,1506,79.925995,1564.1853,0.42,1567306762139
tap1,54,576,642,651.39685,696.63715,0.77,1567306762967
tap1,22,864,930,940.1295,995.4815,0.57,1567306763764
tap1,18,864,642,964.1073,694.6382,0.66999996,1567306764468
tap1,55,576,930,656.3922,1014.4716,0.63,1567306765204
tap1,4,576,1794,662.38666,1840.0416,0.51,1567306766133
tap1,73,864,1506,935.13416,1597.1681,0.71999997,1567306767002
tap1,72,576,1506,681.3691,1591.1713,0.71999997,1567306767676
tap1,3,864,1794,943.1267,1857.0327,0.63,1567306768473
tap1,90,720,1362,839.22296,1429.2556,0.77,1567306769106
tap1,77,432,1650,504.53284,1705.1119,0.71999997,1567306769821
tap1,23,720,1650,787.27106,1709.1097,0.71,1567306770618
tap1,92,432,1362,505.53192,1411.2649,0.78,1567306771477
tap1,67,432,1074,530.5088,1132.4102,0.65,1567306772324
tap1,82,144,1362,215.80019,1425.2577,0.7,1567306773121
tap1,84,432,1362,488.54764,1416.2623,0.75,1567306773836
tap1,44,144,1074,240.77705,1154.3987,0.64,1567306774704
tap1,38,432,1506,515.52264,1545.1952,0.77,1567306775440
tap1,45,144,1794,202.81221,1823.0504,0.66999996,1567306776308
tap1,44,432,1794,496.54025,1825.0494,0.68,1567306777054
tap1,39,144,1506,238.77892,1583.1754,0.71,1567306777831
tap1,42,432,1506,506.531,1592.1707,0.84,1567306778454
tap1,87,720,1794,797.2618,1829.0474,0.62,1567306779312
tap1,89,432,1794,528.5106,1821.0515,0.51,1567306780017
tap1,43,720,1506,839.22296,1533.2014,0.84,1567306780783
tap1,42,0,1362,88.91767,1400.2706,0.58,1567306781753
tap1,91,288,1650,389.63922,1700.1145,0.72999996,1567306782448
tap1,89,288,1362,386.642,1383.2795,0.77,1567306783214
tap1,66,0,1650,80.92507,1685.1223,0.59999996,1567306784021
tap1,56,432,642,513.52454,717.6262,0.65999997,1567306785063
tap1,81,144,930,221.79463,980.4893,0.7,1567306785757
tap1,20,432,930,526.5125,956.5018,0.78999996,1567306786442
tap1,79,144,642,239.77798,710.6299,0.81,1567306787239
tap2,6,138,480,182.83072,511.73346,0.84999996,1567306810157
tap2,7,759,1101,795.2637,1129.4117,0.59999996,1567306811354
tap2,8,138,1101,197.81683,1129.4117,0.63,1567306812355
tap2,9,759,480,800.25903,493.74283,0.56,1567306813377
tap2,164,0,687,31.970398,705.63245,0.51,1567306814490
tap2,183,621,1308,684.36633,1327.3087,0.59,1567306816524
tap2,182,0,1308,71.933395,1279.3336,0.48,1567306817504
tap2,163,621,687,657.3913,713.6283,0.61,1567306818638
tap2,242,345,66,378.6494,85.95523,0.56,1567306819914
tap2,243,552,1032,587.45605,1067.444,0.66999996,1567306820865
tap2,244,345,1032,353.67252,1055.4503,0.65999997,1567306821683
tap2,245,552,66,574.4681,73.96148,0.59,1567306822928
tap2,42,69,411,115.89269,454.76312,0.64,1567306824021
tap2,43,690,1032,762.2942,1051.4524,0.58,1567306825155
tap2,45,690,411,761.2951,410.78604,0.7,1567306826115
tap2,44,69,1032,99.90749,1046.455,0.56,1567306827035
tap2,322,345,756,367.65958,759.6044,0.71999997,1567306827954
tap2,321,483,1653,519.519,1702.1134,0.57,1567306828955
tap2,316,345,1653,390.6383,1670.1301,0.58,1567306829834
tap2,323,483,756,506.531,778.5945,0.69,1567306830845
tap2,2,138,549,183.82979,549.7137,0.7,1567306831856
tap2,3,759,1170,826.235,1205.3722,0.71999997,1567306832939
tap2,4,138,1170,182.83072,1158.3966,0.65,1567306833890
tap2,5,759,549,842.22015,532.72253,0.66999996,1567306834931
tap2,11,759,1032,784.2738,1084.4352,0.65999997,1567306836556
tap2,10,138,411,156.85477,419.78134,0.68,1567306837853
tap2,12,138,1032,193.82054,1028.4644,0.63,1567306838844
tap2,13,759,411,800.25903,421.7803,0.65,1567306839886
tap2,15,759,963,793.2655,998.4799,0.68,1567306840908
tap2,14,138,342,174.83812,371.80634,0.71,1567306842011
tap2,17,759,342,816.2442,383.8001,0.7,1567306842971
tap2,16,138,963,196.81776,977.49084,0.44,1567306843931
tap2,122,207,66,241.77614,72.962,0.66999996,1567306845576
tap2,123,828,687,878.1869,725.6221,0.71,1567306846771
tap2,124,207,687,228.78816,687.64185,0.69,1567306847824
tap2,125,828,66,863.20074,98.94846,0.69,1567306849274
tap2,135,621,1170,677.3728,1193.3784,0.63,1567306850357
tap2,134,0,549,42.96022,557.70953,0.56,1567306851460
tap2,136,0,1170,53.950047,1162.3945,0.56,1567306852625
tap2,137,621,549,689.3617,527.72516,0.69,1567306853524
tap2,130,69,66,120.88807,73.96148,0.65999997,1567306854862
tap2,131,690,687,750.3053,717.6262,0.62,1567306855833
tap2,133,690,66,704.34784,70.963036,0.69,1567306857130
tap2,132,69,687,94.91212,705.63245,0.61,1567306858152
tap2,127,759,687,809.2507,701.6345,0.58,1567306859133
tap2,126,138,66,157.85384,71.96252,0.66999996,1567306860389
tap2,128,138,687,184.82886,694.6382,0.53999996,1567306861421
tap2,129,759,66,787.27106,78.95887,0.62,1567306862565
tap2,18,138,273,151.85939,296.8454,0.65,1567306863607
tap2,19,759,894,845.2174,914.5237,0.51,1567306864659
tap2,20,138,894,176.83626,887.5377,0.64,1567306865681
tap2,21,759,273,830.23126,251.8688,0.62,1567306866723
tap2,35,828,1170,859.20447,1221.3639,0.48999998,1567306867857
tap2,34,207,549,226.79001,569.70325,0.56,1567306868930
tap2,36,207,1170,246.77151,1186.3821,0.62,1567306869829
tap2,37,828,549,909.1582,577.6991,0.45999998,1567306870667
tap2,26,138,135,214.80112,153.91983,0.42,1567306872107
tap2,27,759,756,822.23865,775.596,0.55,1567306873098
tap2,28,138,756,153.85754,777.595,0.62,1567306874069
tap2,29,759,135,782.2757,119.93753,0.65,1567306875172
tap2,43,690,1032,751.3043,1064.4456,0.56,1567306876245
tap2,42,69,411,119.88899,421.7803,0.61,1567306877246
tap2,45,690,411,760.296,405.78864,0.58,1567306878196
tap2,44,69,1032,119.88899,1028.4644,0.62,1567306879146
tap2,24,138,825,146.86401,879.5419,0.56,1567306880055
tap2,25,759,204,784.2738,182.90474,0.7,1567306880954
tap2,22,138,204,168.84366,205.89276,0.63,1567306881976
tap2,23,759,825,808.25165,866.54865,0.63,1567306883059
tap2,38,69,480,110.897316,477.75116,0.63,1567306883958
tap2,39,690,1101,739.3154,1135.4086,0.61,1567306885174
tap2,40,69,1101,96.91027,1105.4242,0.59,1567306886042
tap2,41,690,480,793.2655,480.7496,0.59999996,1567306886931
tap2,33,690,549,724.32935,580.6975,0.76,1567306887789
tap2,32,69,1170,98.90842,1184.383,0.56,1567306888749
tap2,30,69,549,123.88529,533.722,0.58,1567306889679
tap2,31,690,1170,734.32007,1214.3674,0.63,1567306890792
tap2,46,69,342,107.90009,351.81674,0.62,1567306891845
tap2,47,690,963,753.3025,980.4893,0.61,1567306893030
tap2,48,69,963,91.914894,988.48517,0.55,1567306893959
tap2,49,690,342,747.30804,341.82196,0.61,1567306894838
tap2,108,276,963,325.69843,984.48724,0.57,1567306895768
tap2,231,897,1584,941.1286,1619.1566,0.59999996,1567306896850
tap2,230,276,1584,312.71045,1607.1628,0.56,1567306897698
tap2,107,897,963,936.13324,1008.47473,0.59,1567306898618
tap2,143,621,1032,708.3441,1072.4414,0.58,1567306899384
tap2,232,0,1653,50.95282,1657.1368,0.53999996,1567306900457
tap2,233,621,1653,681.3691,1661.1348,0.51,1567306901387
tap2,144,0,1032,35.966698,1022.46747,0.58,1567306903287
tap2,44,69,1032,116.89177,1068.4435,0.55,1567306904288
tap2,235,690,1653,727.32654,1665.1327,0.65999997,1567306905320
tap2,43,690,1032,779.27844,1048.4539,0.71999997,1567306906240
tap2,234,69,1653,122.886215,1672.129,0.53999996,1567306907169
tap2,12,138,1032,175.83719,1037.4596,0.63,1567306908119
tap2,237,759,1653,800.25903,1671.1296,0.53999996,1567306909049
tap2,11,759,1032,824.2368,1060.4476,0.71999997,1567306910142
tap2,236,138,1653,161.85014,1692.1187,0.62,1567306911174
tap2,238,207,1653,245.77243,1687.1212,0.57,1567306912093
tap2,67,828,1032,913.1545,1029.4637,0.41,1567306913493
tap2,68,207,1032,243.77429,1025.4658,0.62,1567306914524
tap2,239,828,1653,885.1804,1676.127,0.57,1567306915618
tap2,104,276,1032,351.67438,1057.4492,0.59999996,1567306916537
tap2,241,897,1653,939.13043,1680.1249,0.62,1567306917610
tap2,240,276,1653,322.7012,1659.1359,0.63,1567306918427
tap2,103,897,1032,978.09436,1030.4633,0.66999996,1567306919551
tap2,50,69,273,109.89824,275.85632,0.72999996,1567306920920
tap2,51,690,894,764.2923,929.51587,0.59,1567306921880
tap2,52,69,894,103.90379,889.5367,0.57,1567306922902
tap2,53,690,273,726.32745,301.84277,0.66999996,1567306924302
tap2,55,690,825,733.321,884.5393,0.65999997,1567306925201
tap2,54,69,204,113.89455,174.90889,0.65999997,1567306926314
tap2,56,69,825,113.89455,831.5669,0.62,1567306927347
tap2,57,690,204,736.31824,176.90785,0.68,1567306928440
tap2,59,690,756,737.3173,817.57416,0.72999996,1567306929318
tap2,58,69,135,129.87975,128.93285,0.72999996,1567306930432
tap2,61,690,135,753.3025,170.91098,0.71,1567306931474
tap2,60,69,756,118.889915,773.59705,0.66999996,1567306932496
tap2,62,207,480,232.78445,470.7548,0.65999997,1567306933426
tap2,63,828,1101,889.1767,1128.4122,0.55,1567306934447
tap2,64,207,1101,267.75208,1098.4279,0.53999996,1567306935316
tap2,65,828,480,882.18317,506.73605,0.61,1567306936266
tap2,290,345,480,415.61517,491.74387,0.68,1567306937155
tap2,291,552,1446,608.43665,1464.2373,0.61,1567306938146
tap2,293,552,480,619.42645,499.73972,0.59,1567306939178
tap2,292,345,1446,393.63553,1449.2451,0.58,1567306940139
tap2,141,621,480,653.395,489.7449,0.71999997,1567306940997
tap2,295,414,1446,484.55133,1464.2373,0.55,1567306941916
tap2,294,414,480,470.5643,488.74542,0.7,1567306942825
tap2,203,621,1446,653.395,1470.2343,0.56,1567306943837
tap2,297,483,1446,539.5005,1500.2186,0.61,1567306944562
tap2,41,690,480,734.32007,507.73553,0.7,1567306945594
tap2,296,483,480,523.51526,495.7418,0.55,1567306946565
tap2,205,690,1446,761.2951,1456.2415,0.45,1567306947658
tap2,319,414,1653,455.5782,1656.1373,0.53999996,1567306948619
tap2,325,552,756,620.42554,769.5991,0.59999996,1567306949569
tap2,324,414,756,475.55966,775.596,0.25,1567306950396
tap2,315,552,1653,613.432,1667.1317,0.56,1567306951357
tap2,298,345,549,423.6078,528.7246,0.74,1567306952297
tap2,299,552,1515,540.4995,1535.2004,0.71,1567306953237
tap2,301,552,549,605.4394,565.7053,0.59,1567306954279
tap2,300,345,1515,426.605,1543.1962,0.56,1567306955311
tap2,326,345,825,423.6078,845.5596,0.59999996,1567306956210
tap2,256,483,135,529.5097,127.933365,0.66999996,1567306957334
tap2,250,345,135,398.6309,143.92503,0.64,1567306958294
tap2,327,483,825,531.5079,860.55176,0.59999996,1567306959296
tap2,67,828,1032,856.2072,1018.46954,0.52,1567306960277
tap2,66,207,411,266.75302,418.78186,0.78,1567306961288
tap2,68,207,1032,278.7419,1053.4513,0.48999998,1567306962197
tap2,69,828,411,855.2081,472.75375,0.59,1567306963291
tap2,72,207,963,229.78723,982.4883,0.56,1567306964159
tap2,73,828,342,890.1758,368.8079,0.53999996,1567306964936
tap2,70,207,342,263.7558,355.81467,0.62,1567306965866
tap2,71,828,963,891.17487,985.4867,0.47,1567306966795
tap2,76,207,894,256.76227,886.53827,0.62,1567306967633
tap2,77,828,273,887.1785,272.85788,0.71,1567306968523
tap2,74,207,273,257.76132,297.84488,0.68,1567306969514
tap2,75,828,894,859.20447,899.5315,0.71,1567306971251
tap2,80,207,825,220.79556,830.5674,0.77,1567306972099
tap2,81,828,204,909.1582,190.90057,0.81,1567306973008
tap2,78,207,204,253.76503,229.88026,0.74,1567306973979
tap2,79,828,825,868.1961,841.56165,0.76,1567306974837
tap2,84,207,756,247.77058,768.5997,0.64,1567306975695
tap2,85,828,135,880.185,133.93024,0.59,1567306976840
tap2,82,207,135,222.79372,174.90889,0.74,1567306977841
tap2,83,828,756,850.21277,756.6059,0.84,1567306979323
tap2,89,621,618,698.3534,632.6705,0.66999996,1567306980048
tap2,88,0,1239,33.968548,1251.3483,0.47,1567306980998
tap2,87,621,1239,666.383,1260.3435,0.62,1567306982010
tap2,86,0,618,26.975023,617.6783,0.52,1567306983031
tap2,305,483,1515,581.4616,1552.1915,0.56,1567306984135
tap2,33,690,549,746.30896,542.71735,0.81,1567306985064
tap2,304,483,549,544.49585,596.6892,0.71999997,1567306985872
tap2,215,690,1515,741.3136,1536.1998,0.68,1567306986894
tap2,309,552,618,603.4413,653.65955,0.81,1567306987711
tap2,308,345,1584,401.6281,1573.1805,0.58,1567306988621
tap2,307,552,1584,564.47736,1596.1686,0.64,1567306989611
tap2,306,345,618,408.62164,635.6689,0.61,1567306990623
tap2,258,345,204,394.6346,226.88182,0.75,1567306991543
tap2,331,483,894,557.4838,891.53564,0.71999997,1567306992360
tap2,330,345,894,391.6374,920.52057,0.7,1567306993157
tap2,264,483,204,533.50604,202.89432,0.78999996,1567306994056
tap2,223,621,1584,675.37463,1586.1738,0.59,1567306995170
tap2,310,414,618,452.58093,659.65643,0.71999997,1567306996018
tap2,89,621,618,696.3552,620.6767,0.72999996,1567306996723
tap2,311,414,1584,478.5569,1584.1749,0.62,1567306997745
tap2,261,552,204,616.42926,232.87871,0.63,1567306998900
tap2,322,345,756,399.62997,767.6002,0.69,1567306999738
tap2,262,414,204,448.58466,215.88756,0.74,1567307000637
tap2,333,552,894,613.432,913.5242,0.56,1567307001546
tap2,312,483,618,543.49677,642.6653,0.72999996,1567307002312
tap2,225,690,1584,733.321,1600.1665,0.59999996,1567307003416
tap2,93,690,618,762.2942,646.6632,0.79999995,1567307004244
tap2,313,483,1584,546.494,1607.1628,0.58,1567307005194
tap2,91,690,1239,734.32007,1257.3451,0.45,1567307006083
tap2,90,69,618,127.88159,624.6746,0.5,1567307007237
tap2,93,690,618,738.3164,649.6616,0.64,1567307008218
tap2,92,69,1239,108.89917,1278.3342,0.48,1567307009209
tap2,108,276,963,327.6966,973.4929,0.74,1567307010027
tap2,109,897,342,921.1471,387.798,0.64,1567307011181
tap2,106,276,342,304.71786,362.81104,0.66999996,1567307012060
tap2,107,897,963,958.11285,983.48773,0.53999996,1567307013184
tap2,100,276,1101,300.72156,1123.4149,0.45999998,1567307014104
tap2,101,897,480,981.0916,467.75638,0.72999996,1567307015023
tap2,99,897,1101,952.1184,1120.4164,0.47,1567307016188
tap2,98,276,480,358.6679,487.74594,0.55,1567307017026
tap2,105,897,411,942.1277,425.77823,0.77,1567307017874
tap2,104,276,1032,307.7151,1073.4409,0.63,1567307018742
tap2,102,276,411,361.66513,435.773,0.63,1567307019733
tap2,103,897,1032,999.07495,1069.443,0.53,1567307020888
tap2,97,897,549,912.1554,588.69336,0.59,1567307021777
tap2,96,276,1170,301.72064,1179.3857,0.53999996,1567307022696
tap2,94,276,549,310.7123,572.7017,0.78999996,1567307023585
tap2,95,897,1170,983.0897,1151.4003,0.59,1567307024515
tap2,111,897,894,913.1545,904.5289,0.65999997,1567307025373
tap2,110,276,273,340.68454,280.85373,0.78,1567307026354
tap2,112,276,894,329.69473,916.52264,0.68,1567307027294
tap2,113,897,273,932.1369,281.85318,0.77,1567307028132
tap2,116,276,825,322.7012,834.5653,0.62,1567307028980
tap2,117,897,204,938.13135,215.88756,0.76,1567307029838
tap2,114,276,204,321.70212,233.87819,0.83,1567307030737
tap2,115,897,825,936.13324,815.5752,0.59999996,1567307031565
tap2,119,897,756,903.16376,801.5825,0.5,1567307032474
tap2,118,276,135,333.69104,159.9167,0.77,1567307033424
tap2,121,897,135,979.09344,130.93181,0.69,1567307034436
tap2,120,276,756,303.71878,801.5825,0.5,1567307035437
tap2,152,0,894,46.95652,937.5117,0.42,1567307036326
tap2,213,621,1515,658.3904,1528.204,0.42,1567307037297
tap2,212,0,1515,39.962997,1533.2014,0.51,1567307038247
tap2,151,621,894,654.3941,902.5299,0.75,1567307039136
tap2,56,69,825,120.88807,811.5773,0.56,1567307040066
tap2,205,690,1446,774.2831,1448.2457,0.45999998,1567307041088
tap2,204,69,1446,84.92137,1476.2311,0.59999996,1567307042068
tap2,55,690,825,762.2942,814.57574,0.53999996,1567307042865
tap2,24,138,825,178.83441,849.5575,0.59999996,1567307043775
tap2,207,759,1446,782.2757,1510.2134,0.61,1567307044745
tap2,206,138,1446,174.83812,1474.2322,0.57,1567307045552
tap2,23,759,825,825.2359,858.5528,0.71999997,1567307046390
tap2,80,207,825,243.77429,825.57,0.72999996,1567307047238
tap2,209,828,1446,897.1693,1477.2306,0.57,1567307048372
tap2,208,207,1446,227.7891,1473.2327,0.68,1567307049149
tap2,79,828,825,909.1582,814.57574,0.59,1567307050017
tap2,115,897,825,960.111,834.5653,0.61,1567307050927
tap2,210,276,1446,301.72064,1475.2316,0.62,1567307051734
tap2,116,276,825,289.73172,836.5643,0.72999996,1567307052613
tap2,211,897,1446,930.1388,1481.2285,0.48999998,1567307053563
tap2,203,621,1446,681.3691,1475.2316,0.55,1567307054421
tap2,156,0,825,62.94172,840.5622,0.63,1567307055504
tap2,202,0,1446,67.937096,1464.2373,0.53999996,1567307056484
tap2,155,621,825,689.3617,818.57367,0.78999996,1567307057496
tap2,52,69,894,102.90472,917.5221,0.71999997,1567307058344
tap2,215,690,1515,743.31177,1538.1989,0.38,1567307059325
tap2,51,690,894,793.2655,916.52264,0.65,1567307060081
tap2,214,69,1515,74.93062,1545.1952,0.59999996,1567307060929
tap2,216,138,1515,147.8631,1555.19,0.69,1567307061767
tap2,19,759,894,790.26825,889.5367,0.78,1567307062635
tap2,217,759,1515,820.24054,1540.1978,0.51,1567307063636
tap2,20,138,894,187.82608,922.5195,0.75,1567307064546
tap2,141,621,480,677.3728,498.74023,0.66999996,1567307065526
tap2,140,0,1101,44.958374,1116.4185,0.37,1567307066528
tap2,138,0,480,58.94542,489.7449,0.53,1567307067795
tap2,139,621,1101,681.3691,1118.4175,0.66999996,1567307068888
tap2,142,0,411,68.93617,409.78656,0.71,1567307070002
tap2,143,621,1032,676.3737,1045.4554,0.65,1567307070921
tap2,144,0,1032,63.940796,1050.4529,0.59,1567307071800
tap2,145,621,411,638.4089,398.7923,0.63,1567307072781
tap2,148,0,963,69.93524,1004.4768,0.53,1567307073782
tap2,149,621,342,684.36633,340.82248,0.69,1567307074722
tap2,147,621,963,670.3793,976.4914,0.62,1567307075642
tap2,146,0,342,65.93895,359.8126,0.59999996,1567307076714
tap2,153,621,273,692.35895,259.86465,0.64,1567307077634
tap2,152,0,894,27.974098,931.51483,0.55,1567307078533
tap2,150,0,273,46.95652,289.84903,0.56,1567307079596
tap2,151,621,894,669.3802,918.5216,0.63,1567307080607
tap2,266,345,273,376.65125,288.84955,0.84,1567307081527
tap2,267,552,1239,610.4348,1268.3394,0.51,1567307082456
tap2,269,552,273,626.42,290.8485,0.71,1567307083478
tap2,268,345,1239,397.63184,1257.3451,0.38,1567307084449
tap2,271,414,1239,451.58188,1261.343,0.59999996,1567307085389
tap2,153,621,273,665.3839,298.84433,0.78,1567307086329
tap2,270,414,273,473.56152,274.85684,0.65999997,1567307087187
tap2,87,621,1239,651.39685,1262.3425,0.42,1567307088270
tap2,91,690,1239,716.33673,1231.3586,0.5,1567307089251
tap2,272,483,273,560.481,312.83707,0.61,1567307090201
tap2,273,483,1239,539.5005,1249.3492,0.48,1567307091100
tap2,53,690,273,722.3312,290.8485,0.65999997,1567307092040
tap2,277,552,342,664.3848,380.80167,0.65,1567307093093
tap2,276,345,1308,382.6457,1340.3019,0.51,1567307094023
tap2,274,345,342,396.63275,340.82248,0.62,1567307094891
tap2,275,552,1308,601.4431,1316.3143,0.57,1567307095882
tap2,183,621,1308,649.3987,1328.3081,0.55,1567307096863
tap2,278,414,342,438.5939,379.8022,0.64,1567307097844
tap2,149,621,342,696.3552,336.82455,0.71999997,1567307098631
tap2,279,414,1308,446.5865,1344.2998,0.52,1567307099550
tap2,281,483,1308,500.53653,1298.3237,0.47,1567307100531
tap2,49,690,342,717.3358,380.80167,0.65,1567307101410
tap2,280,483,342,532.50696,345.8199,0.69,1567307102289
tap2,185,690,1308,751.3043,1322.3113,0.55,1567307103290
tap2,156,0,825,40.962074,844.5601,0.61,1567307104403
tap2,157,621,204,652.39594,208.8912,0.74,1567307105364
tap2,155,621,825,664.3848,845.5596,0.66999996,1567307106242
tap2,154,0,204,83.922295,195.89796,0.68,1567307107591
tap2,158,0,135,66.93802,130.93181,0.65,1567307108756
tap2,159,621,756,680.37006,778.5945,0.56,1567307109594
tap2,160,0,756,51.951897,795.58563,0.62,1567307110523
tap2,161,621,135,667.3821,134.92972,0.65999997,1567307111361
tap2,162,0,66,35.966698,88.95367,0.61,1567307113657
tap2,163,621,687,677.3728,691.6398,0.58,1567307114620
tap2,164,0,687,60.943573,692.6392,0.64,1567307115499
tap2,165,621,66,651.39685,88.95367,0.78,1567307117491
tap2,169,897,66,937.13226,94.95055,0.7,1567307118636
tap2,168,276,687,364.66235,679.646,0.76,1567307119545
tap2,166,276,66,322.7012,68.96408,0.76,1567307120597
tap2,167,897,687,951.1193,696.63715,0.68,1567307121445
tap2,170,138,618,194.81961,623.6752,0.7,1567307122416
tap2,171,759,1239,807.25256,1261.343,0.47,1567307123366
tap2,173,759,618,855.2081,622.67566,0.77,1567307124143
tap2,172,138,1239,165.84644,1262.3425,0.59999996,1567307125124
tap2,177,828,618,866.198,650.6611,0.71,1567307125951
tap2,176,207,1239,259.7595,1235.3566,0.71999997,1567307127647
tap2,174,207,618,255.76318,630.6715,0.71999997,1567307128628
tap2,175,828,1239,876.1887,1278.3342,0.53,1567307129599
tap2,133,690,66,730.3238,106.9443,0.76,1567307131856
tap2,249,483,1032,544.49585,1059.4481,0.64,1567307132714
tap2,43,690,1032,768.28864,1013.4721,0.59,1567307133511
tap2,248,483,66,546.494,67.9646,0.62,1567307134717
tap2,251,552,1101,601.4431,1142.405,0.7,1567307135647
tap2,250,345,135,406.6235,150.92139,0.78999996,1567307136617
tap2,252,345,1101,394.6346,1128.4122,0.69,1567307137517
tap2,253,552,135,594.4496,152.92035,0.71999997,1567307138416
tap2,254,414,135,487.54858,149.9219,0.74,1567307139325
tap2,139,621,1101,648.39966,1126.4133,0.68,1567307140306
tap2,161,621,135,675.37463,124.93493,0.78,1567307141123
tap2,255,414,1101,451.58188,1137.4076,0.72999996,1567307141971
tap2,178,276,618,321.70212,619.67725,0.75,1567307142798
tap2,179,897,1239,963.1082,1269.3389,0.57,1567307143841
tap2,181,897,618,937.13226,653.65955,0.69,1567307144811
tap2,180,276,1239,299.72247,1238.355,0.69,1567307145660
tap2,132,69,687,131.8779,681.64496,0.66999996,1567307146528
tap2,185,690,1308,752.3034,1322.3113,0.65,1567307147529
tap2,184,69,1308,129.87975,1312.3165,0.72999996,1567307148439
tap2,131,690,687,769.2877,719.6252,0.64,1567307149481
tap2,127,759,687,791.26733,711.62933,0.56,1567307150421
tap2,187,759,1308,818.2424,1297.3242,0.56,1567307151361
tap2,186,138,1308,229.78723,1300.3228,0.71,1567307152229
tap2,126,138,66,203.81128,96.9495,0.62,1567307153475
tap2,123,828,687,908.1591,692.6392,0.59,1567307154415
tap2,188,207,1308,221.79463,1337.3035,0.69,1567307155284
tap2,124,207,687,237.77983,707.6314,0.57,1567307156183
tap2,189,828,1308,875.18964,1344.2998,0.62,1567307157072
tap2,317,552,687,611.43384,686.64233,0.76,1567307157869
tap2,316,345,1653,383.64478,1684.1228,0.58,1567307158686
tap2,314,345,687,342.6827,683.6439,0.72999996,1567307159494
tap2,315,552,1653,591.4524,1697.1161,0.56,1567307160362
tap2,266,345,273,381.64664,281.85318,0.82,1567307161312
tap2,335,483,963,531.5079,996.48096,0.78,1567307162089
tap2,272,483,273,560.481,307.83966,0.75,1567307162957
tap2,334,345,963,394.6346,991.4836,0.69,1567307163856
tap2,318,414,687,473.56152,702.63403,0.83,1567307164633
tap2,233,621,1653,676.3737,1694.1176,0.42,1567307165552
tap2,163,621,687,692.35895,684.6434,0.79999995,1567307166298
tap2,319,414,1653,470.5643,1673.1285,0.59999996,1567307167167
tap2,269,552,273,567.47455,297.84488,0.75,1567307168127
tap2,336,414,963,471.56335,950.50494,0.72999996,1567307168935
tap2,337,552,963,620.42554,909.52625,0.63,1567307169670
tap2,270,414,273,445.58743,275.85632,0.85999995,1567307170569
tap2,168,276,687,312.71045,717.6262,0.68,1567307171336
tap2,191,897,1308,956.1147,1324.3102,0.62,1567307172276
tap2,167,897,687,906.16095,751.6085,0.68,1567307173195
tap2,190,276,1308,265.75394,1343.3003,0.74,1567307174023
tap2,192,0,1377,45.957447,1404.2686,0.55,1567307174922
tap2,160,0,756,55.948196,781.5929,0.66999996,1567307175913
tap2,193,621,1377,663.38574,1421.2598,0.65999997,1567307176853
tap2,159,621,756,691.35986,749.60956,0.64,1567307177578
tap2,194,69,1377,55.948196,1417.2618,0.58,1567307178467
tap2,59,690,756,723.33026,788.58923,0.64,1567307179326
tap2,60,69,756,114.893616,750.609,0.65999997,1567307180225
tap2,195,690,1377,763.2933,1422.2592,0.63,1567307181093
tap2,28,138,756,161.85014,761.60333,0.74,1567307181911
tap2,197,759,1377,846.2165,1382.28,0.53,1567307182820
tap2,27,759,756,793.2655,812.5768,0.66999996,1567307183678
tap2,196,138,1377,138.87141,1393.2743,0.63,1567307184516
tap2,84,207,756,242.7752,752.608,0.72999996,1567307185333
tap2,199,828,1377,879.1859,1404.2686,0.68,1567307186222
tap2,83,828,756,873.19147,810.5778,0.76,1567307186927
tap2,198,207,1377,221.79463,1432.254,0.71999997,1567307187745
tap2,200,276,1377,285.73544,1412.2644,0.72999996,1567307188531
tap2,119,897,756,942.1277,777.595,0.68,1567307189410
tap2,120,276,756,317.70584,762.6028,0.57,1567307190309
tap2,201,897,1377,945.1249,1390.2759,0.5,1567307191239
tap2,242,345,66,389.63922,77.9594,0.71,1567307193783
tap2,347,966,687,1033.0435,706.63196,0.58,1567307194631
tap2,338,966,66,1019.05646,80.95783,0.61,1567307195969
tap2,314,345,687,380.64755,700.6351,0.75,1567307196889
tap2,322,345,756,401.6281,746.61115,0.74,1567307197696
tap2,339,966,135,997.0768,120.93701,0.74,1567307198666
tap2,348,966,756,1026.0499,784.5914,0.55,1567307199617
tap2,250,345,135,399.62997,163.91463,0.79999995,1567307200587
tap2,258,345,204,391.6374,208.8912,0.77,1567307201640
tap2,349,966,825,1036.0406,843.5606,0.48999998,1567307202580
tap2,340,966,204,994.0796,216.88704,0.71,1567307203489
tap2,326,345,825,407.62256,845.5596,0.63,1567307204317
tap2,330,345,894,365.66144,919.52106,0.77,1567307205165
tap2,341,966,273,986.087,311.8376,0.66999996,1567307206033
tap2,266,345,273,377.65033,288.84955,0.64,1567307206902
tap2,350,966,894,1002.07214,909.52625,0.59999996,1567307207760
tap2,76,207,894,218.79741,902.5299,0.68,1567307208547
tap2,219,828,1515,888.1776,1570.1821,0.61,1567307209436
tap2,218,207,1515,223.79279,1556.1895,0.62,1567307210407
tap2,75,828,894,860.2035,915.52313,0.71,1567307211183
tap2,220,276,1515,325.69843,1558.1884,0.62,1567307211950
tap2,111,897,894,921.1471,942.5091,0.42999998,1567307212767
tap2,112,276,894,311.71136,931.51483,0.76,1567307213585
tap2,221,897,1515,961.1101,1530.203,0.65999997,1567307214586
tap2,225,690,1584,733.321,1619.1566,0.66999996,1567307215404
tap2,48,69,963,133.87604,985.4867,0.59999996,1567307216395
tap2,47,690,963,762.2942,982.4883,0.71999997,1567307217222
tap2,224,69,1584,75.929695,1603.165,0.64,1567307218101
tap2,165,621,66,656.3922,89.95315,0.71999997,1567307219695
tap2,247,414,1032,490.5458,1046.455,0.47,1567307220584
tap2,143,621,1032,666.383,1040.4581,0.59,1567307221544
tap2,246,414,66,462.5717,106.9443,0.68,1567307222443
tap2,15,759,963,839.22296,930.5153,0.68,1567307223291
tap2,226,138,1584,130.87881,1616.1582,0.64,1567307224242
tap2,227,759,1584,773.284,1631.1504,0.63,1567307225151
tap2,16,138,963,203.81128,983.48773,0.71999997,1567307226030
tap2,72,207,963,231.78539,978.49036,0.32999998,1567307226918
tap2,229,828,1584,867.197,1599.1671,0.66999996,1567307227899
tap2,71,828,963,868.1961,990.4841,0.65999997,1567307228778
tap2,228,207,1584,214.80112,1618.1572,0.7,1567307229646
tap2,242,345,66,380.64755,66.96512,0.78,1567307231792
tap2,243,552,1032,650.39777,1054.4508,0.56,1567307232681
tap2,244,345,1032,404.62534,1060.4476,0.69,1567307233437
tap2,245,552,66,595.44867,88.95367,0.72999996,1567307234448
tap2,148,0,963,69.93524,982.4883,0.47,1567307235470
tap2,223,621,1584,681.3691,1617.1577,0.59999996,1567307236481
tap2,147,621,963,688.3626,957.5013,0.71,1567307237217
tap2,222,0,1584,35.966698,1638.1467,0.51,1567307238126
tap2,252,345,1101,375.65216,1126.4133,0.65,1567307238974
tap2,344,966,480,1029.0472,479.75012,0.59,1567307240017
tap2,290,345,480,402.6272,516.73083,0.63,1567307240946
tap2,353,966,1101,1009.0657,1132.4102,0.53999996,1567307241927
tap2,345,966,549,1011.06384,563.70636,0.59999996,1567307242918
tap2,260,345,1170,400.62906,1162.3945,0.53999996,1567307243746
tap2,354,966,1170,1008.0666,1201.3743,0.48999998,1567307244696
tap2,298,345,549,390.6383,583.696,0.65999997,1567307245575
tap2,346,966,618,992.0814,670.6507,0.56,1567307246402
tap2,268,345,1239,348.67715,1263.3419,0.68,1567307247250
tap2,355,966,1239,1024.0518,1255.3462,0.47,1567307248119
tap2,306,345,618,383.64478,633.6699,0.81,1567307249049
tap2,314,345,687,389.63922,717.6262,0.76,1567307249907
tap2,356,966,1308,1014.06104,1339.3024,0.58,1567307250847
tap2,347,966,687,990.08325,705.63245,0.71999997,1567307251746
tap2,276,345,1308,357.66882,1333.3055,0.78,1567307252574
tap2,257,483,1101,515.52264,1133.4097,0.62,1567307253422
tap2,61,690,135,739.3154,136.92868,0.75,1567307254352
tap2,39,690,1101,749.3062,1124.4143,0.59,1567307255230
tap2,256,483,135,555.48566,169.9115,0.61,1567307256272
tap2,258,345,204,405.62442,218.88599,0.77,1567307257151
tap2,259,552,1170,588.45514,1223.3628,0.51,1567307258050
tap2,260,345,1170,377.65033,1222.3633,0.62,1567307258858
tap2,261,552,204,564.47736,192.89952,0.68,1567307259767
tap2,157,621,204,683.36725,203.8938,0.84,1567307260563
tap2,263,414,1170,453.58002,1192.3789,0.42,1567307261422
tap2,262,414,204,416.61426,201.89484,0.75,1567307262311
tap2,135,621,1170,680.37006,1194.3779,0.69,1567307263118
tap2,244,345,1032,385.6429,1055.4503,0.69,1567307263894
tap2,361,966,1653,1021.05457,1634.1488,0.45999998,1567307264916
tap2,352,966,1032,1001.07306,1046.455,0.71999997,1567307266009
tap2,316,345,1653,374.6531,1700.1145,0.64,1567307267358
tap2,282,345,411,398.6309,444.76834,0.7,1567307268328
tap2,283,552,1377,629.41724,1377.2826,0.59999996,1567307269146
tap2,284,345,1377,392.63644,1407.267,0.66999996,1567307269963
tap2,285,552,411,613.432,426.7777,0.71999997,1567307270781
tap2,145,621,411,694.35706,424.77875,0.74,1567307271536
tap2,287,414,1377,457.57632,1420.2603,0.55,1567307272374
tap2,193,621,1377,678.3719,1400.2706,0.48999998,1567307273161
tap2,286,414,411,437.59482,471.75427,0.78999996,1567307274009
tap2,288,483,411,594.4496,422.7798,0.66999996,1567307274837
tap2,195,690,1377,748.3071,1409.266,0.59999996,1567307275726
tap2,289,483,1377,534.50507,1399.2711,0.53999996,1567307276512
tap2,45,690,411,724.32935,401.7907,0.81,1567307277360
tap2,31,690,1170,715.33765,1212.3685,0.59,1567307278147
tap2,264,483,204,512.52545,240.87454,0.77,1567307279036
tap2,57,690,204,739.3154,209.89067,0.82,1567307279853
tap2,265,483,1170,535.50415,1224.3623,0.65,1567307280681
tap2,300,345,1515,396.63275,1551.192,0.59,1567307281539
tap2,350,966,894,985.0879,920.52057,0.69,1567307282489
tap2,330,345,894,439.59296,919.52106,0.76,1567307283276
tap2,359,966,1515,1017.0583,1551.192,0.53,1567307284175
tap2,351,966,963,1009.0657,998.4799,0.75,1567307284982
tap2,308,345,1584,368.65866,1600.1665,0.68,1567307285810
tap2,360,966,1584,994.0796,1614.1593,0.58,1567307286801
tap2,334,345,963,379.64847,984.48724,0.74,1567307287619
tap2,137,621,549,656.3922,588.69336,0.76,1567307288487
tap2,303,414,1515,434.5976,1549.1931,0.52,1567307289386
tap2,213,621,1515,623.4227,1569.1827,0.59999996,1567307290255
tap2,302,414,549,514.5236,552.7121,0.68,1567307291093
tap2,254,414,135,490.5458,185.90317,0.52,1567307292043
tap2,329,552,825,607.43756,815.5752,0.65999997,1567307292870
tap2,253,552,135,587.45605,184.90369,0.74,1567307293862
tap2,328,414,825,468.56613,830.5674,0.69,1567307294730
tap2,334,345,963,390.6383,959.50024,0.69,1567307295609
tap2,342,966,342,1042.0352,350.81726,0.45,1567307296835
tap2,274,345,342,390.6383,374.80478,0.87,1567307297693
tap2,351,966,963,1043.0342,959.50024,0.41,1567307298758
tap2,282,345,411,385.6429,412.785,0.76,1567307299717
tap2,352,966,1032,1012.0629,1035.4607,0.44,1567307300616
tap2,343,966,411,1020.0555,428.77667,0.59,1567307301505
tap2,244,345,1032,338.6864,1073.4409,0.72999996,1567307302363
tap2,322,345,756,365.66144,787.5898,0.74,1567307303109
tap2,357,966,1377,988.0851,1419.2607,0.52,1567307304161
tap2,348,966,756,998.07587,776.5955,0.59999996,1567307304979
tap2,284,345,1377,369.6577,1417.2618,0.71,1567307305745
tap2,292,345,1446,367.65958,1482.228,0.61,1567307306593
tap2,349,966,825,1004.0703,879.5419,0.56,1567307307492
tap2,326,345,825,415.61517,854.5549,0.7,1567307308290
tap2,358,966,1446,991.08234,1480.229,0.42999998,1567307309240
tap2,131,690,687,762.2942,695.6377,0.71,1567307310037
tap2,321,483,1653,538.5014,1678.126,0.69,1567307310895
tap2,320,483,687,559.48193,719.6252,0.62,1567307311733
tap2,235,690,1653,744.31085,1681.1244,0.53999996,1567307312663
tap2,362,0,1722,34.96762,1740.0936,0.45999998,1567307313858
tap2,139,621,1101,649.3987,1162.3945,0.57,1567307314666
tap2,140,0,1101,76.92877,1115.4191,0.61,1567307315565
tap2,371,621,1722,657.3913,1758.0842,0.56,1567307316648
tap2,39,690,1101,742.3127,1167.392,0.62,1567307317384
tap2,363,69,1722,129.87975,1708.1104,0.63,1567307318222
tap2,372,690,1722,724.32935,1736.0957,0.41,1567307319131
tap2,40,69,1101,122.886215,1139.4065,0.65,1567307319989
tap2,136,0,1170,39.962997,1215.367,0.61,1567307320837
tap2,386,621,1791,637.4098,1775.0754,0.59999996,1567307321808
tap2,135,621,1170,644.4033,1232.3582,0.55,1567307322513
tap2,377,0,1791,50.95282,1767.0796,0.62,1567307323422
tap2,31,690,1170,734.32007,1190.38,0.62,1567307324179
tap2,378,69,1791,75.929695,1816.0541,0.69,1567307325027
tap2,32,69,1170,105.90195,1231.3586,0.79999995,1567307325834
tap2,387,690,1791,747.30804,1809.0577,0.39999998,1567307326784
tap2,8,138,1101,218.79741,1124.4143,0.66999996,1567307327561
tap2,373,759,1722,804.2553,1738.0947,0.56,1567307328429
tap2,7,759,1101,836.2257,1116.4185,0.66999996,1567307329237
tap2,364,138,1722,166.84552,1746.0906,0.78999996,1567307329983
tap2,374,828,1722,865.1989,1765.0807,0.55,1567307330820
tap2,64,207,1101,251.76688,1134.4092,0.71,1567307331587
tap2,365,207,1722,194.81961,1747.09,0.66999996,1567307332384
tap2,63,828,1101,918.14984,1071.4419,0.63,1567307333201
tap2,379,138,1791,144.86586,1808.0582,0.72999996,1567307334008
tap2,3,759,1170,811.24884,1215.367,0.65999997,1567307334764
tap2,4,138,1170,183.82979,1209.3701,0.65999997,1567307335674
tap2,388,759,1791,794.2646,1815.0546,0.53,1567307336604
tap2,380,207,1791,242.7752,1795.0651,0.68,1567307337513
tap2,35,828,1170,925.1434,1220.3644,0.51,1567307338299
tap2,389,828,1791,864.1998,1812.0562,0.55,1567307339311
tap2,36,207,1170,234.78261,1221.3639,0.62,1567307340190
tap2,100,276,1101,298.72342,1107.4232,0.59,1567307340997
tap2,375,897,1722,919.1489,1747.09,0.52,1567307341876
tap2,99,897,1101,952.1184,1110.4216,0.66999996,1567307342683
tap2,366,276,1722,298.72342,1726.101,0.66999996,1567307343480
tap2,368,414,1722,471.56335,1742.0927,0.63,1567307344307
tap2,159,621,756,663.38574,797.5846,0.59999996,1567307345227
tap2,371,621,1722,645.4024,1736.0957,0.59999996,1567307346055
tap2,324,414,756,442.5902,758.60486,0.61,1567307346831
tap2,96,276,1170,306.716,1207.3711,0.68,1567307347608
tap2,390,897,1791,909.1582,1814.0552,0.55,1567307348599
tap2,95,897,1170,957.1138,1174.3883,0.58,1567307349396
tap2,381,276,1791,325.69843,1793.066,0.65999997,1567307350203
tap2,385,552,1791,589.4542,1799.063,0.55,1567307351122
tap2,326,345,825,385.6429,821.5721,0.7,1567307351991
tap2,382,345,1791,373.65402,1799.063,0.63,1567307352880
tap2,329,552,825,584.45886,826.56946,0.59,1567307353605
tap2,323,483,756,531.5079,771.5981,0.59,1567307354494
tap2,372,690,1722,756.29974,1740.0936,0.41,1567307355352
tap2,59,690,756,744.31085,777.595,0.58,1567307356149
tap2,369,483,1722,504.53284,1757.0848,0.53,1567307356967
tap2,353,966,1101,1028.0481,1129.4117,0.53999996,1567307357917
tap2,367,345,1722,387.64108,1743.092,0.64,1567307358703
tap2,252,345,1101,400.62906,1117.418,0.65999997,1567307359480
tap2,376,966,1722,978.09436,1737.0952,0.48999998,1567307360440
tap2,383,414,1791,458.5754,1824.0499,0.63,1567307361309
tap2,155,621,825,643.40424,862.5507,0.51,1567307362157
tap2,328,414,825,455.5782,835.5648,0.52,1567307362954
tap2,386,621,1791,679.371,1796.0645,0.48999998,1567307363761
tap2,55,690,825,745.3099,857.55334,0.59,1567307364445
tap2,384,483,1791,522.5162,1820.052,0.5,1567307365201
tap2,327,483,825,495.54117,851.55646,0.7,1567307365927
tap2,387,690,1791,745.3099,1803.0609,0.34,1567307366754
