drag1,2,389.63922,626.6736,2.12,4053.206847,66.24189428650813
drag1,3,688.3626,908.5268,1.9799999,2279.860308,57.78349384146405
drag1,4,697.3543,641.6658,1.42,2965.1048459999997,66.84068667618385
drag1,5,413.61703,926.5174,2.0,5668.527615999999,70.39282653649843
drag1,9,396.63275,806.5799,2.24,3064.909385,66.01465918458717
drag1,17,689.3617,1049.4534,1.8,5440.790000999999,61.232096236440114
drag1,16,382.6457,1062.4467,1.9699999,5252.824385,69.01585125427262
drag1,7,675.37463,812.5768,1.8499999,3533.729923,57.8220379100285
drag1,4,690.3608,640.6663,1.87,2659.617154,68.06891395585048
drag1,10,411.61887,379.8022,2.19,3882.5157689999996,68.85255882058517
drag1,2,402.06567,655.22076,2.1699998,4286.437539,60.655417531136784
drag1,11,679.371,357.3139,2.3,3914.024308,64.32629806349235
drag1,4,716.33673,630.6715,1.76,5090.558693,63.50264694404582
drag1,18,393.63553,1228.3602,1.9499999,4817.762460999999,69.49893401952374
drag1,2,390.6383,679.646,1.9699999,3341.860615,66.6749271718342
drag1,19,679.371,1221.1871,1.9699999,3349.899924,64.4836890489706
drag1,13,679.371,243.87297,1.93,3655.635616,59.4772243774711
drag1,6,418.6124,493.74283,1.8499999,3283.457231,75.56018139069204
drag1,12,382.6457,220.38522,1.75,3523.0676919999996,72.4274632032582
drag1,8,721.2601,484.2838,1.63,5844.988385,71.98799862654273
drag1,19,708.3441,1239.3188,1.67,5002.198154,65.38729539245253
drag1,22,415.61517,1546.1947,1.63,4488.782077,68.1150194019494
drag1,18,420.61053,1258.6475,1.37,2399.705846,39.84234920601141
drag1,23,704.34784,1504.2166,1.48,3811.782077,77.10663810530596
drag1,14,389.63922,78.95887,1.66,4664.698923,60.28681054404158
drag1,11,674.3756,356.81415,2.33,5476.972231,67.11639596776845
drag1,10,398.6309,383.7944,1.48,4436.605616,58.02074179630183
drag1,15,688.3626,104.945335,1.6999999,3391.1307699999998,59.82802134022996
drag1,17,664.3848,1092.1232,1.4699999,6845.245308,70.79302980883628
drag1,20,407.62256,1404.0371,1.41,4684.061462,70.54397393046007
drag1,21,675.37463,1370.2863,1.49,3355.5479229999996,72.96832411642279
drag1,16,420.61053,1058.4487,2.05,3851.393384,77.2563302543755
drag1,24,268.75116,132.93076,2.1,5085.401922999999,67.57234037738041
drag1,26,536.50323,392.7954,1.5799999,4942.646616,66.6893023588563
drag1,27,247.77058,401.7907,1.8499999,4064.247308,61.05646658926601
drag1,25,559.48193,92.7393,2.07,9262.449078,61.08918947169786
drag1,66,852.21094,1513.179,0.95,5157.298846,69.90477117633503
drag1,41,541.4986,1230.3591,1.91,3403.806154,68.8168141649398
drag1,42,558.6464,1525.8779,1.8499999,4084.677385,69.47638635938517
drag1,65,851.21185,1270.8479,1.55,3390.563462,48.37009075363006
drag1,36,278.7419,854.5549,2.09,4569.266077,74.74287769822062
drag1,38,566.47546,1091.4315,1.5799999,3711.748616,82.19664904644273
drag1,39,266.75302,1106.4237,1.99,3323.104692,69.25672668665105
drag1,37,533.50604,811.5773,1.81,3422.8753079999997,72.86499826045517
drag1,16,427.60406,1104.4248,1.61,3905.552769,66.24808518323626
drag1,56,138.87141,1387.2775,1.01,4733.3433079999995,89.25956882295311
drag1,20,407.62256,1385.7869,1.9,4088.1340769999997,65.57615088228869
drag1,53,124.59368,1106.7145,2.12,3102.821231,67.5528510426811
drag1,59,839.22296,282.85266,1.9,7349.917769,69.53468795527816
drag1,30,551.4894,542.71735,1.7199999,4099.317539,70.19136765916464
drag1,29,561.4801,245.87193,2.12,4585.1176159999995,65.01085441371724
drag1,60,814.2461,518.7298,2.23,7580.391538999999,71.13342740913464
drag1,33,553.4875,702.63403,1.67,4422.6573849999995,57.05309370768154
drag1,62,826.235,951.56036,2.21,4269.067384999999,55.07571924938017
drag1,61,843.21924,643.66473,2.05,2680.5236919999998,68.92501959246121
drag1,34,567.4749,940.5105,1.49,4310.923154,65.25646304468191
drag1,6,390.75977,534.11395,1.3,6418.745231,77.594934643738
drag1,48,111.89639,243.87297,1.9399999,5213.347922999999,72.85369036419817
drag1,12,371.65588,272.85788,1.3399999,8715.886462,68.10165502276327
drag1,49,92.91397,532.6834,1.48,4760.848000999999,68.15868127678768
drag1,51,137.87234,965.49713,1.67,3917.873307,60.22834472275268
drag1,2,425.60593,653.47864,1.4699999,5017.055616,67.09722044843849
drag1,5,425.60593,943.50854,1.99,3216.862385,63.117675842344475
drag1,50,134.87512,665.65326,2.06,2812.097923,66.81474014767987
drag1,37,544.49585,777.595,1.7099999,4408.187462,72.05575872884742
drag1,64,821.2396,1066.7295,1.76,4520.984923,77.89636205064814
drag1,38,544.59766,1088.7197,1.5,8295.321231,76.14008096406745
drag1,63,836.3235,802.582,2.21,4149.121461,60.83461433487655
drag1,29,565.7184,239.11763,1.35,3690.7905379999997,58.52891889987425
drag1,31,284.73636,511.73346,1.8,2786.7766159999996,70.14627784377035
drag1,28,981.0916,452.76416,0.26,3956.743231,738.0623613868694
drag1,30,520.51807,520.72876,2.36,5372.6486159999995,68.12377901790386
drag1,42,540.4995,1546.1947,1.3399999,3984.949693,63.501297934194504
drag1,40,251.76688,1283.3315,1.23,3620.774231,60.81783615460598
drag1,41,539.5005,1226.861,2.11,4185.627692999999,61.52608802366005
drag1,43,276.74374,1533.2014,2.12,3850.808847,67.21638029868785
drag1,45,907.16003,1754.0864,0.21,3543.829308,704.6664585979385
drag1,82,539.5005,1684.1228,1.41,5029.933384999999,67.12056605020001
drag1,80,265.75394,1654.1384,1.6899999,3615.502615,59.060578990286885
drag1,44,547.49304,1378.2821,1.29,3078.801846,67.86610929006162
drag1,57,829.2322,132.93076,2.02,3781.552539,64.35055891350187
drag1,26,531.5079,386.79852,1.8299999,3762.732846,67.16999030783582
drag1,58,827.2341,368.8079,2.03,3070.0290769999997,62.08076289260438
drag1,25,1047.0305,577.6991,1.0,4619.123616,653.8045175545811
drag1,64,814.2461,1096.429,1.48,4407.603846,70.80699721430112
drag1,44,541.4986,1405.2681,1.66,3647.8514619999996,72.12618974806814
drag1,38,557.4838,1118.4175,1.79,2451.039923,64.20237168306812
drag1,67,822.23865,1378.2821,2.01,6307.012693,59.16176994143619
drag1,9,390.24057,814.6728,1.67,3899.007616,70.73946207904166
drag1,53,848.2146,1727.1005,0.26999998,3106.670846,915.7008877087274
drag1,16,401.6281,1087.4336,1.5,3754.896154,65.00357003085195
drag1,52,880.185,1453.243,0.21,2139.51177,934.2078987016221
drag1,74,989.08417,776.5955,1.8399999,4782.5447699999995,78.10829335359178
drag1,17,688.3626,1076.4393,1.81,4255.912923,68.19870039498558
drag1,75,960.111,1076.4393,1.64,4458.159539,64.98004297381266
drag1,7,1059.0194,1245.3513,0.17999999,3656.031923,539.037175996103
drag1,70,971.1008,226.38208,2.21,3421.074385,70.44185039019254
drag1,8,696.3552,525.7262,1.26,2850.4906929999997,64.12346172175332
drag1,13,708.3441,232.87871,1.86,2891.179231,67.82150802660345
drag1,71,980.0925,511.73346,1.67,4662.7976929999995,65.36857391965349
drag1,78,984.0888,1372.2853,1.3399999,4355.570924,74.4177775057157
drag1,83,663.38574,1656.1373,1.62,4473.526155,68.1973542804646
drag1,21,693.35803,1354.2946,1.66,2528.973693,66.81677251992504
drag1,85,987.08606,1675.1274,0.93,2619.7343849999997,66.25336050662672
drag1,19,670.3793,1211.369,1.48,5378.486693,59.895931058610444
drag1,77,966.10547,1532.2019,1.37,2742.138693,55.41538570903011
drag1,76,989.08417,1171.679,1.77,3025.500615,73.62549904937923
drag1,23,683.1716,1504.2166,1.99,5077.416308,59.26275719410517
drag1,15,686.7913,120.93701,1.63,4607.531539,66.21484323535569
drag1,69,952.20056,386.71634,1.63,4259.794154,60.212513942295686
drag1,11,696.3552,368.8079,1.65,3417.9223079999997,61.05286109982342
drag1,68,973.099,110.942215,1.41,3505.471693,73.80941544762219
drag1,21,692.35895,1400.2706,1.22,6940.636923,66.64090975435604
drag1,75,972.0999,1073.4409,1.4,3747.690846,72.93716972557415
drag1,17,681.3691,1104.4248,1.51,4795.138077,70.04302113619721
drag1,78,979.09344,1402.2697,1.6999999,2998.123231,56.28424424248577
drag1,54,112.89547,1250.3488,1.3,2957.59577,61.97082403158477
drag1,22,411.61887,1528.204,2.07,2392.03577,59.13073105902889
drag1,18,423.6078,1246.3508,2.08,3456.975308,62.941321571921755
drag1,55,115.89269,1498.2196,1.39,2313.348,64.57939651816919
drag1,67,812.2479,1344.2998,1.37,2885.4225389999997,84.68670331098102
drag1,82,554.4866,1622.155,1.5699999,2107.935846,67.25902218117977
drag1,84,819.24146,1643.1442,1.66,3696.915154,68.00316942295555
drag1,44,537.0028,1340.3019,1.89,3644.6503079999998,68.58242811167048
drag1,38,540.4995,1097.4283,2.09,3585.504539,60.827496898719325
drag1,45,277.74283,1377.2826,1.53,3002.97,66.25031703567925
drag1,44,537.5023,1354.2946,1.5699999,2760.583231,68.98643172456175
drag1,39,264.75485,1065.4451,1.86,2710.5203079999997,60.82422570090946
drag1,56,134.87512,1368.2874,1.5899999,2278.628154,70.4457694322133
drag1,81,415.61517,1632.1499,1.89,3510.0614619999997,70.12750826670218
drag1,20,418.6124,1384.2789,1.73,2104.135308,64.88819244791978
drag1,79,976.0962,1909.1844,0.22999999,3687.7590769999997,887.7258544002095
drag1,33,564.47736,659.65643,1.93,3148.158924,59.446838651659625
drag1,35,256.76227,977.49084,1.5899999,4807.445847,62.200197059248374
drag1,34,550.4903,938.51117,1.7099999,2935.328539,65.98685028958597
drag1,32,238.77892,660.6559,1.87,5079.821000999999,63.0777950762977
drag1,9,380.14578,774.60095,1.48,3352.5439229999997,61.192388531410394
drag1,8,695.35614,554.71106,1.3199999,4326.798462,72.88294046076703
drag1,6,380.64755,570.70276,1.31,7145.495384999999,65.97340885802474
drag1,7,685.3654,845.5596,1.81,3732.259385,63.12136810903404
drag1,14,402.6272,116.939095,1.62,5885.529845999999,76.72990123467648
drag1,47,115.89269,416.78293,1.53,3879.344769,67.6804304638771
drag1,46,112.89547,125.9344,2.1699998,3250.5657699999997,62.85008441555028
drag1,10,394.6346,385.56415,2.04,3505.494616,70.35064754977307
drag1,4,699.3525,678.64655,1.4699999,2222.196308,59.23936722213113
drag1,73,990.08325,959.50024,1.3199999,3191.803615,61.34090741021855
drag1,72,987.08606,680.6455,1.76,2606.924,72.81686640315685
drag1,3,674.36597,933.5138,1.5899999,4022.1016919999997,67.56319296313418
scale1,27,-230.07349,1421.268077
scale1,27,-26.633331,4821.189308
scale1,46,-31.935436,1962.914077
scale1,26,-19.160774,1430.113846
scale1,4,-24.762583,2350.947769
scale1,43,-16.571571,1755.473693
scale1,25,-14.032803,1932.168307
scale1,42,-21.687939,1818.3372299999999
scale1,23,-18.003159,1878.515154
scale1,5,-13.462561,2073.387769
scale1,24,-9.519962,2113.986
scale1,19,-110.496025,2278.4466159999997
scale1,2,-128.18674,3168.5052309999996
scale1,44,-13.095703,1562.200692
scale1,65,-22.220226,1873.6517689999998
scale1,45,-23.6319,2390.558461
scale1,28,-15.612104,2197.836692
scale1,13,-150.65881,1735.7328459999999
scale1,56,-15.585119,2202.366615
scale1,40,-19.123386,1582.483769
scale1,41,-21.72725,1352.6964619999999
scale1,6,21.412594,923.5757689999999
scale1,51,-16.652132,1828.039231
scale1,36,-18.609037,2482.995001
scale1,21,-26.69743,1699.146924
scale1,8,-200.10254,2227.306616
scale1,57,-10.950846,1830.7009229999999
scale1,39,-13.341934,2216.734846
scale1,9,-150.721,3811.286001
scale1,58,-16.393318,2251.320692
scale1,47,-19.378544,1891.667231
scale1,1,-16.02816,2084.348231
scale1,35,-25.368925,2352.099769
scale1,3,-149.15147,1766.344154
scale1,17,-7.897024,1716.6919229999999
scale1,53,-18.240429,2168.1084619999997
scale1,34,-23.29675,2093.7433069999997
scale1,18,-17.537647,2237.232231
scale1,50,-8.696743,1412.5213079999999
scale1,62,-17.62504,2413.592154
scale1,66,-12.303864,1666.9382309999999
scale1,20,-8.530867,1799.194462
scale1,37,-12.230959,3546.875616
scale1,32,-13.544289,1898.7993079999999
scale1,31,-11.642555,1532.252923
scale1,49,-9.901274,1831.699846
scale1,7,-166.84438,3227.691538
scale1,15,-3.821972,1736.0912309999999
scale1,10,-5.877943,1368.840231
scale1,60,-23.11532,1841.631539
scale1,63,-16.397438,2171.7892309999997
scale1,59,-22.700518,1531.7752309999998
scale1,55,-7.2867336,922.4504619999999
scale1,14,11.323437,949.313769
scale1,12,-15.097326,1899.3794619999999
scale1,54,-23.843216,2136.440231
scale1,52,-17.673363,2062.848693
scale1,48,-15.640188,1818.9279999999999
scale1,30,-18.316149,1640.2613079999999
scale1,16,-26.927267,1379.158769
scale1,11,-17.253994,1779.8802309999999
scale1,61,-6.2444916,1635.0705389999998
scale1,38,-113.92898,2860.573846
scale1,29,-10.497162,1715.6719229999999
scale1,64,-20.842077,1705.939154
scale1,22,-26.394825,2155.556692
scale1,33,-3.132082,1235.8206149999999
scale2,25,-464.45508,2850.256308
scale2,25,-463.66876,3592.686769
scale2,25,-462.50073,5792.648846
scale2,9,-456.89792,4085.6462309999997
scale2,25,-25.399126,2871.748154
scale2,9,-31.462881,3740.7230769999996
scale2,28,-25.516577,3303.198923
scale2,10,-22.108429,2710.414538
scale2,29,-63.223354,5924.835768999999
scale2,12,-44.542145,3178.5446159999997
scale2,30,-8.1038475,3605.9224609999997
scale2,13,-36.456993,4403.894
scale2,32,0.548481,4261.798615
scale2,15,-23.228113,2637.378615
scale2,34,-39.19795,3360.947077
scale2,17,-8.151054,2996.6360769999997
scale2,1,-16.000362,2648.002923
scale2,20,-13.182112,3074.5076919999997
scale2,3,-20.25578,2022.9819229999998
scale2,24,-28.225874,2760.304846
scale2,16,5.9099236,2473.290693
scale2,2,-12.371727,2350.017308
scale2,23,-10.262775,3361.378846
scale2,7,-7.902872,3360.543615
scale2,11,-11.591743,3278.4434619999997
scale2,14,-8.655035,2921.3488469999998
scale2,26,-3.1311378,3342.370461
scale2,35,-463.04083,5245.5689999999995
scale2,21,-13.77931,5314.286308
scale2,22,-2.487299,4731.715999999999
scale2,27,-20.508053,2144.993078
scale2,36,-98.22486,4922.750306999999
scale2,31,-35.81221,4405.938462
scale2,19,-19.464592,4703.1301539999995
scale2,4,-12.892639,2721.627385
scale2,8,-15.32115,3710.0371539999996
scale2,5,-19.850304,3782.447847
scale2,33,0.58586884,5201.486001
scale2,18,-16.761211,3546.250231
scale2,6,-22.174582,2270.140923
rotate1,9,1.940403,4549.773615
rotate1,4,-0.6040859,2971.142462
rotate1,13,-0.07950783,1625.274077
rotate1,6,1.099371,1729.0856919999999
rotate1,15,0.043618202,2849.149078
rotate1,2,0.22470665,3655.3810009999997
rotate1,10,0.8052473,2675.151077
rotate1,5,0.3341446,2594.304462
rotate1,14,-0.81579876,1726.959077
rotate1,8,0.7742462,2238.131539
rotate1,11,3.0962372,1990.4183839999998
rotate1,7,1.1219864,2534.185692
rotate1,1,0.15850449,2829.342538
rotate1,12,1.1582546,3729.100231
rotate1,3,1.5853443,3148.182692
rotate2,2,-1.489708,3423.533
rotate2,13,1.4468536,3830.833846
rotate2,8,0.8727112,4394.161693
rotate2,3,1.2158508,4599.15477
rotate2,7,0.654686,2830.464
rotate2,12,2.9190826,3300.540923
rotate2,1,1.0927505,3495.190154
rotate2,11,3.2545319,3349.741385
rotate2,6,3.5131836,3475.629384
rotate2,10,1.2254715,2553.674693
rotate2,5,3.9237137,3443.7402309999998
rotate2,15,-1.961441,5562.156462
rotate2,9,0.2291336,4393.276462
rotate2,4,1.8396683,3311.8309999999997
rotate2,14,-1.2690353,3229.562923
tap1,2,288,642,387.64108,780.59344,2.54,1567233880352
tap1,3,576,930,668.3811,1127.4127,2.3899999,1567233881324
tap1,4,576,642,716.33673,741.6137,2.55,1567233882263
tap1,5,288,930,406.6235,1121.4159,2.1499999,1567233883110
tap1,9,288,786,366.6605,916.52264,2.54,1567233883947
tap1,17,576,1074,676.3737,1210.3696,2.19,1567233884876
tap1,16,288,1074,391.6374,1179.3857,2.3899999,1567233885765
tap1,7,576,786,663.38574,935.51276,2.5,1567233886673
tap1,4,576,642,657.3913,758.60486,2.53,1567233887469
tap1,10,288,354,399.62997,499.73972,2.31,1567233888603
tap1,2,288,642,415.61517,771.5981,2.55,1567233889501
tap1,11,576,354,687.3635,469.7553,2.55,1567233890543
tap1,4,576,642,674.3756,820.5726,2.45,1567233891328
tap1,18,288,1218,383.64478,1349.2972,2.09,1567233892084
tap1,2,288,642,427.60406,753.6075,2.55,1567233892952
tap1,19,576,1218,658.3904,1359.292,1.68,1567233893768
tap1,13,576,210,701.3506,298.84433,2.55,1567233894820
tap1,6,288,498,371.65588,635.6689,2.55,1567233895678
tap1,12,288,210,357.66882,308.83914,2.55,1567233896586
tap1,8,576,498,679.371,630.6715,2.55,1567233897607
tap1,19,576,1218,691.35986,1335.3044,2.18,1567233898505
tap1,22,288,1506,367.65958,1639.1462,1.81,1567233899281
tap1,18,288,1218,361.66513,1321.3118,2.1399999,1567233900067
tap1,23,576,1506,713.3395,1587.1733,0.90999997,1567233900935
tap1,14,288,66,409.62073,194.89848,2.54,1567233902436
tap1,11,576,354,680.37006,484.74753,2.44,1567233903345
tap1,10,288,354,379.64847,471.75427,2.33,1567233904243
tap1,15,576,66,672.37744,145.924,2.3999999,1567233905396
tap1,17,576,1074,691.35986,1225.3618,2.26,1567233906326
tap1,20,288,1362,378.6494,1505.216,1.87,1567233907091
tap1,21,576,1362,693.35803,1470.2343,1.5699999,1567233907877
tap1,16,288,1074,390.6383,1191.3795,2.22,1567233908643
tap1,9,288,786,393.63553,867.54816,2.3999999,1567233909358
tap1,8,576,498,665.3839,569.70325,2.55,1567233910256
tap1,6,288,498,375.65216,639.6668,2.48,1567233911094
tap1,7,576,786,691.35986,927.5169,2.22,1567233911818
tap1,24,144,66,275.7447,213.8886,1.9499999,1567233913022
tap1,26,432,354,575.46716,467.75638,2.25,1567233913768
tap1,27,144,354,244.77336,475.7522,2.24,1567233914544
tap1,25,432,66,566.47546,159.9167,2.07,1567233915503
tap1,66,720,1506,855.2081,1632.1499,1.7099999,1567233916647
tap1,41,432,1218,505.53192,1349.2972,2.33,1567233917413
tap1,42,432,1506,529.5097,1638.1467,1.63,1567233918107
tap1,65,720,1218,872.19244,1310.3175,1.9699999,1567233919138
tap1,36,144,786,257.76132,900.53094,2.37,1567233920006
tap1,38,432,1074,540.4995,1208.3706,2.09,1567233920904
tap1,39,144,1074,251.76688,1179.3857,2.0,1567233921782
tap1,37,432,786,521.5171,920.52057,2.33,1567233922792
tap1,16,288,1074,384.64386,1206.3717,2.23,1567233923528
tap1,56,0,1362,126.882515,1465.2368,2.06,1567233924303
tap1,20,288,1362,389.63922,1529.2035,1.88,1567233924977
tap1,53,0,1074,124.88437,1213.368,1.8299999,1567233925845
tap1,59,720,210,847.2156,304.84122,2.55,1567233926835
tap1,30,432,498,525.5134,639.6668,2.36,1567233927529
tap1,29,432,210,521.5171,333.8261,2.3999999,1567233928387
tap1,60,720,498,832.22943,583.696,2.1599998,1567233929040
tap1,33,432,642,525.5134,764.60175,2.55,1567233929694
tap1,62,720,930,821.2396,1036.4602,2.02,1567233930357
tap1,61,720,642,836.2257,768.5997,2.21,1567233931103
tap1,34,432,930,530.5088,1104.4248,2.26,1567233931787
tap1,6,288,498,367.65958,629.67206,2.3799999,1567233932532
tap1,48,0,210,133.87604,298.84433,2.04,1567233933726
tap1,12,288,210,374.6531,273.85736,2.1,1567233934441
tap1,49,0,498,109.89824,639.6668,1.78,1567233935278
tap1,51,0,930,115.89269,1058.4487,1.8499999,1567233936033
tap1,2,288,642,398.6309,781.5929,2.35,1567233937024
tap1,5,288,930,386.642,1069.443,2.36,1567233937820
tap1,50,0,642,140.86957,767.6002,1.9699999,1567233938830
tap1,37,432,786,556.48474,893.5346,2.12,1567233939709
tap1,64,720,1074,802.2572,1192.3789,2.18,1567233940872
tap1,38,432,1074,514.5236,1223.3628,2.12,1567233941628
tap1,63,720,786,836.2257,905.5283,2.47,1567233942547
tap1,29,432,210,537.5023,338.82352,2.11,1567233943649
tap1,31,144,498,269.75024,578.6986,2.1,1567233944527
tap1,28,144,210,270.7493,303.84174,1.91,1567233945466
tap1,30,432,498,534.50507,632.6705,2.23,1567233946171
tap1,42,432,1506,525.5134,1609.1619,1.23,1567233947049
tap1,40,144,1218,246.77151,1379.2816,2.1699998,1567233947815
tap1,41,432,1218,522.5162,1307.3191,1.9799999,1567233948417
tap1,43,144,1506,228.78816,1627.1525,1.73,1567233949080
tap1,45,144,1362,266.75302,1453.243,2.11,1567233949703
tap1,82,432,1650,558.4829,1735.0963,0.95,1567233950489
tap1,80,144,1650,232.78445,1779.0734,1.9599999,1567233951174
tap1,44,432,1362,573.469,1494.2217,1.99,1567233952021
tap1,57,720,66,825.2359,174.90889,2.46,1567233953113
tap1,26,432,354,533.50604,456.7621,2.4099998,1567233953920
tap1,58,720,354,861.2026,460.76,1.92,1567233954716
tap1,25,432,66,551.4894,152.92035,1.76,1567233955645
tap1,64,720,1074,825.2359,1233.3575,1.81,1567233956543
tap1,44,432,1362,499.53748,1501.218,1.8299999,1567233957197
tap1,38,432,1074,542.4977,1150.4008,2.33,1567233957830
tap1,67,720,1362,824.2368,1480.229,2.03,1567233958595
tap1,9,288,786,389.63922,867.54816,2.36,1567233959433
tap1,53,0,1074,108.89917,1205.3722,2.03,1567233960198
tap1,16,288,1074,400.62906,1180.3851,2.09,1567233960811
tap1,52,0,786,143.86679,863.55023,1.5899999,1567233961566
tap1,74,864,786,990.08325,937.5117,1.74,1567233962771
tap1,17,576,1074,664.3848,1232.3582,1.8,1567233963475
tap1,75,864,1074,950.12024,1173.3888,1.73,1567233964159
tap1,7,576,786,676.3737,892.5351,2.36,1567233964905
tap1,38,288,66,386.642,197.89693,2.26,1567233966007
tap1,45,0,354,94.91212,468.75586,1.8,1567233966905
tap1,44,0,66,88.91767,150.92139,1.9699999,1567233967855
tap1,39,288,354,393.63553,480.7496,2.04,1567233968631
tap1,14,288,1506,390.6383,1664.1332,1.7199999,1567233969560
tap1,47,0,1794,97.90935,1903.0088,0.5,1567233970407
tap1,46,0,1506,121.887146,1615.1587,1.63,1567233971193
tap1,10,288,1794,392.63644,1841.0411,1.04,1567233972030
tap1,22,864,210,969.10266,348.81833,1.89,1567233973276
tap1,86,576,498,648.39966,623.6752,2.05,1567233973980
tap1,55,576,210,649.3987,286.8506,2.1499999,1567233974787
tap1,88,864,498,971.1008,629.67206,1.99,1567233975460
tap1,70,864,1362,951.1193,1480.229,1.8299999,1567233976359
tap1,8,576,1650,652.39594,1753.0869,1.5,1567233977124
tap1,13,576,1362,655.3932,1502.2175,1.6999999,1567233978247
tap1,71,864,1650,974.0981,1753.0869,1.67,1567233979217
tap1,78,576,1218,699.3525,1362.2904,2.02,1567233980014
tap1,83,864,1506,969.10266,1585.1743,1.52,1567233980789
tap1,21,864,1218,955.11566,1333.3055,1.76,1567233981443
tap1,85,576,1506,683.36725,1613.1598,1.86,1567233982148
tap1,19,576,66,654.3941,127.933365,2.3799999,1567233983464
tap1,77,864,354,952.1184,441.7699,1.8199999,1567233984128
tap1,76,576,354,675.37463,453.76364,2.12,1567233984822
tap1,23,864,66,971.1008,150.92139,2.06,1567233985588
tap1,15,576,1362,658.3904,1540.1978,1.92,1567233986497
tap1,69,864,1074,935.13416,1189.3805,2.23,1567233987405
tap1,11,576,1074,650.39777,1185.3826,2.1,1567233988069
tap1,68,864,1362,950.12024,1436.252,1.74,1567233988875
tap1,21,0,1218,114.893616,1328.3081,1.9799999,1567233989763
tap1,75,288,1506,408.62164,1653.1389,1.8199999,1567233990448
tap1,17,288,1218,429.60223,1351.2961,2.22,1567233991071
tap1,78,0,1506,134.87512,1601.166,1.99,1567233991785
tap1,54,576,642,715.33765,779.59393,2.26,1567233992572
tap1,22,864,930,971.1008,1029.4637,2.08,1567233993184
tap1,18,864,642,948.12213,827.569,2.1299999,1567233993909
tap1,55,576,930,686.3645,1121.4159,1.89,1567233994583
tap1,4,576,1794,691.35986,1865.0286,0.96,1567233995603
tap1,73,864,1506,970.10175,1580.177,1.5899999,1567233996665
tap1,72,576,1506,670.3793,1642.1447,1.6999999,1567233997380
tap1,3,864,1794,980.0925,1889.0161,0.69,1567233998350
tap1,90,720,1362,848.2146,1522.2072,2.04,1567233999208
tap1,77,432,1650,500.53653,1762.0822,1.9399999,1567233999994
tap1,23,720,1650,853.21,1755.0858,1.54,1567234000821
tap1,92,432,1362,550.4903,1479.2295,1.8499999,1567234001740
tap1,67,432,1074,555.48566,1201.3743,2.08,1567234002505
tap1,82,144,1362,259.7595,1480.229,2.08,1567234003260
tap1,84,432,1362,528.5106,1538.1989,1.88,1567234003935
tap1,44,144,1074,268.75116,1168.3915,2.1,1567234004781
tap1,38,432,1506,537.5023,1604.1644,1.91,1567234005548
tap1,45,144,1794,246.77151,1860.0311,1.0699999,1567234006599
tap1,44,432,1794,527.5116,1863.0297,1.12,1567234007405
tap1,39,144,1506,254.76411,1645.1431,1.81,1567234008140
tap1,42,432,1506,547.49304,1601.166,1.89,1567234008753
tap1,87,720,1794,826.235,1880.0208,0.78999996,1567234009437
tap1,89,432,1794,537.5023,1863.0297,1.1899999,1567234010090
tap1,43,720,1506,816.2442,1649.141,2.08,1567234011019
tap1,42,0,1362,95.911194,1486.2258,2.04,1567234011856
tap1,91,288,1650,362.6642,1761.0828,1.99,1567234012561
tap1,89,288,1362,401.6281,1465.2368,2.08,1567234013214
tap1,66,0,1650,126.882515,1762.0822,2.05,1567234013898
tap1,56,432,642,495.54117,780.59344,2.35,1567234014939
tap1,81,144,930,276.74374,1048.4539,2.12,1567234015695
tap1,20,432,930,543.49677,1061.4471,2.12,1567234016379
tap1,79,144,642,215.80019,755.60645,2.31,1567234017154
tap2,6,138,480,182.83072,542.71735,1.53,1567234032099
tap2,7,759,1101,828.2331,1197.3763,1.8499999,1567234033877
tap2,8,138,1101,215.80019,1182.3842,1.93,1567234034918
tap2,9,759,480,816.2442,602.6861,1.9599999,1567234035817
tap2,164,0,687,78.92692,761.60333,1.5,1567234036980
tap2,183,621,1308,693.35803,1416.2623,2.1,1567234038257
tap2,182,0,1308,86.91952,1421.2598,1.77,1567234039236
tap2,163,621,687,666.383,762.6028,2.1399999,1567234040155
tap2,242,345,66,367.65958,124.93493,2.37,1567234041411
tap2,243,552,1032,595.44867,1136.4081,1.9799999,1567234042585
tap2,244,345,1032,400.62906,1142.405,1.73,1567234043443
tap2,245,552,66,563.4783,119.93753,1.86,1567234044565
tap2,42,69,411,125.88344,492.74335,1.99,1567234045627
tap2,43,690,1032,746.30896,1130.4113,1.9799999,1567234046771
tap2,45,690,411,742.3127,494.7423,1.9599999,1567234047741
tap2,44,69,1032,100.90657,1125.4138,1.5999999,1567234048792
tap2,322,345,756,402.6272,860.55176,1.8399999,1567234049639
tap2,321,483,1653,561.4801,1739.0942,1.88,1567234051477
tap2,316,345,1653,369.6577,1756.0853,1.78,1567234052345
tap2,323,483,756,545.49493,829.56793,2.19,1567234053386
tap2,2,138,549,203.81128,591.69183,2.08,1567234054437
tap2,3,759,1170,820.24054,1301.3221,2.19,1567234056142
tap2,4,138,1170,184.82886,1246.3508,1.91,1567234057132
tap2,5,759,549,809.2507,615.6793,1.9499999,1567234058112
tap2,11,759,1032,803.2562,1140.406,1.9499999,1567234059031
tap2,10,138,411,159.85199,455.7626,2.2,1567234060256
tap2,12,138,1032,187.82608,1139.4065,1.89,1567234061338
tap2,13,759,411,785.2729,500.7392,2.09,1567234062246
tap2,15,759,963,886.17944,1061.4471,2.1,1567234063145
tap2,14,138,342,175.83719,392.7954,2.22,1567234064247
tap2,17,759,342,823.23773,402.7902,2.01,1567234065227
tap2,16,138,963,184.82886,1049.4534,1.87,1567234066330
tap2,122,207,66,243.77429,103.94586,2.06,1567234068003
tap2,123,828,687,884.18134,797.5846,1.87,1567234069065
tap2,124,207,687,259.7595,764.60175,1.8499999,1567234070096
tap2,125,828,66,892.1739,116.939095,1.42,1567234071147
tap2,135,621,1170,705.3469,1298.3237,1.88,1567234072577
tap2,134,0,549,69.93524,625.67413,1.24,1567234073995
tap2,136,0,1170,76.92877,1258.3446,1.4399999,1567234075271
tap2,137,621,549,656.3922,615.6793,1.8,1567234076333
tap2,130,69,66,122.886215,104.945335,2.04,1567234077588
tap2,131,690,687,732.3219,774.59656,1.7099999,1567234078681
tap2,133,690,66,707.34503,139.92712,1.9699999,1567234079834
tap2,132,69,687,122.886215,735.6168,1.8399999,1567234080886
tap2,127,759,687,775.28217,786.5903,2.01,1567234081958
tap2,126,138,66,162.84921,121.936485,1.77,1567234083315
tap2,128,138,687,222.79372,752.608,1.79,1567234084387
tap2,129,759,66,820.24054,136.92868,1.5699999,1567234085377
tap2,18,138,273,177.83534,355.81467,1.56,1567234086429
tap2,19,759,894,820.24054,1036.4602,2.06,1567234087531
tap2,20,138,894,170.84181,962.49866,1.7099999,1567234088450
tap2,21,759,273,805.2544,312.83707,2.1299999,1567234089348
tap2,35,828,1170,881.1841,1273.3368,1.88,1567234090410
tap2,34,207,549,252.76596,609.68243,1.87,1567234091492
tap2,36,207,1170,268.75116,1280.3331,1.73,1567234092411
tap2,37,828,549,879.1859,613.68036,1.9599999,1567234093278
tap2,26,138,135,166.84552,161.91566,1.9599999,1567234094381
tap2,27,759,756,847.2156,844.5601,1.75,1567234095453
tap2,28,138,756,174.83812,810.5778,1.3399999,1567234096494
tap2,29,759,135,811.24884,227.8813,1.64,1567234097545
tap2,43,690,1032,739.3154,1178.3862,1.78,1567234098525
tap2,42,69,411,104.90287,461.7595,1.63,1567234099577
tap2,45,690,411,755.30066,486.74646,2.01,1567234100659
tap2,44,69,1032,114.893616,1100.4269,1.62,1567234101710
tap2,24,138,825,178.83441,867.54816,1.4599999,1567234102660
tap2,25,759,204,785.2729,257.8657,1.93,1567234103670
tap2,22,138,204,170.84181,270.85892,1.89,1567234104762
tap2,23,759,825,836.2257,884.5393,1.6899999,1567234105865
tap2,38,69,480,130.87881,497.74075,1.4599999,1567234106855
tap2,39,690,1101,755.30066,1200.3748,1.79,1567234107937
tap2,40,69,1101,81.92415,1168.3915,1.4699999,1567234108815
tap2,41,690,480,766.29047,552.7121,1.9499999,1567234109652
tap2,33,690,549,751.3043,604.68506,1.99,1567234110519
tap2,32,69,1170,91.914894,1244.3519,1.65,1567234111479
tap2,30,69,549,115.89269,601.6866,1.6999999,1567234112438
tap2,31,690,1170,772.2849,1234.357,1.75,1567234113531
tap2,46,69,342,130.87881,387.798,1.3299999,1567234114704
tap2,47,690,963,744.31085,1041.4575,1.8499999,1567234115685
tap2,48,69,963,134.87512,1027.4648,1.5,1567234116624
tap2,49,690,342,718.3349,439.77094,2.06,1567234117573
tap2,108,276,963,301.72064,1027.4648,1.68,1567234118533
tap2,231,897,1584,961.1101,1687.1212,1.62,1567234119839
tap2,230,276,1584,355.6707,1684.1228,1.5,1567234120819
tap2,107,897,963,949.1212,1046.455,1.79,1567234121932
tap2,143,621,1032,673.3765,1143.4044,1.8499999,1567234122667
tap2,232,0,1653,72.93247,1720.1041,1.39,1567234123646
tap2,233,621,1653,702.3497,1727.1005,1.91,1567234125402
tap2,144,0,1032,73.93155,1131.4106,1.2099999,1567234126576
tap2,44,69,1032,103.90379,1100.4269,1.5,1567234127556
tap2,235,690,1653,740.3145,1751.0879,1.7099999,1567234129200
tap2,43,690,1032,783.2748,1131.4106,1.76,1567234130292
tap2,234,69,1653,137.87234,1716.1062,1.5799999,1567234131384
tap2,12,138,1032,192.82146,1110.4216,1.15,1567234132425
tap2,237,759,1653,819.24146,1735.0963,1.55,1567234133467
tap2,11,759,1032,839.22296,1151.4003,1.75,1567234134507
tap2,236,138,1653,214.80112,1718.1051,1.5999999,1567234135498
tap2,238,207,1653,243.77429,1733.0973,1.52,1567234136396
tap2,67,828,1032,902.1647,1120.4164,1.8,1567234137397
tap2,68,207,1032,253.76503,1105.4242,1.76,1567234138479
tap2,239,828,1653,906.16095,1740.0936,1.48,1567234139755
tap2,104,276,1032,331.69287,1113.42,1.7199999,1567234140898
tap2,241,897,1653,963.1082,1730.0989,1.54,1567234141949
tap2,240,276,1653,310.7123,1692.1187,1.64,1567234142920
tap2,103,897,1032,964.1073,1116.4185,1.78,1567234143930
tap2,50,69,273,136.87326,324.8308,1.25,1567234145226
tap2,51,690,894,774.2831,1006.47577,1.9399999,1567234146267
tap2,52,69,894,125.88344,944.50806,1.4599999,1567234147257
tap2,53,690,273,712.34045,322.83185,1.92,1567234148319
tap2,55,690,825,762.2942,907.5273,1.91,1567234149228
tap2,54,69,204,90.91582,246.87141,1.8299999,1567234150320
tap2,56,69,825,159.85199,887.5377,1.62,1567234151933
tap2,57,690,204,870.1943,262.8631,0.45,1567234152841
tap2,59,690,756,742.3127,266.861,2.02,1567234153056
tap2,58,69,135,100.90657,202.89432,1.8199999,1567234154189
tap2,61,690,135,728.3256,198.89641,1.9399999,1567234155312
tap2,60,69,756,120.88807,832.56635,2.03,1567234156302
tap2,62,207,480,231.78539,548.7142,1.26,1567234157527
tap2,63,828,1101,889.1767,1241.3534,1.88,1567234158547
tap2,64,207,1101,234.78261,1177.3867,1.6899999,1567234159426
tap2,65,828,480,868.1961,524.7267,2.06,1567234160324
tap2,290,345,480,383.64478,536.72046,1.8299999,1567234161202
tap2,291,552,1446,639.40796,1549.1931,1.55,1567234162396
tap2,293,552,480,574.4681,527.72516,1.8399999,1567234163427
tap2,292,345,1446,428.60315,1568.1832,1.42,1567234164540
tap2,141,621,480,658.3904,555.7106,1.91,1567234165530
tap2,295,414,1446,473.56152,1568.1832,1.5999999,1567234166602
tap2,294,414,480,458.5754,522.7277,1.6899999,1567234167684
tap2,203,621,1446,681.3691,1547.1941,1.52,1567234168848
tap2,297,483,1446,544.49585,1489.2244,1.78,1567234169623
tap2,41,690,480,748.3071,560.70795,1.9599999,1567234170511
tap2,296,483,480,537.5023,551.71265,1.91,1567234171359
tap2,205,690,1446,772.2849,1538.1989,1.4599999,1567234172512
tap2,319,414,1653,476.55875,1740.0936,1.8399999,1567234173349
tap2,325,552,756,618.42737,845.5596,2.12,1567234174227
tap2,324,414,756,461.57263,832.56635,2.22,1567234174993
tap2,315,552,1653,605.4394,1755.0858,1.8399999,1567234176667
tap2,298,345,549,381.64664,590.6923,1.78,1567234177728
tap2,299,552,1515,596.44775,1608.1624,1.51,1567234178790
tap2,301,552,549,590.4533,615.6793,2.03,1567234179719
tap2,300,345,1515,413.61703,1630.1509,1.5699999,1567234180688
tap2,326,345,825,412.61795,878.5424,2.07,1567234181638
tap2,256,483,135,562.4792,171.91046,1.92,1567234182648
tap2,250,345,135,344.68085,197.89693,1.9699999,1567234183546
tap2,327,483,825,512.52545,910.52576,1.9399999,1567234184414
tap2,67,828,1032,872.19244,1105.4242,1.8399999,1567234185292
tap2,66,207,411,231.78539,503.7376,1.79,1567234186313
tap2,68,207,1032,263.7558,1132.4102,1.52,1567234187231
tap2,69,828,411,883.18225,477.75116,1.93,1567234188303
tap2,72,207,963,205.80943,1070.4425,1.9399999,1567234189222
tap2,73,828,342,870.1943,384.79956,1.86,1567234190080
tap2,70,207,342,260.75854,377.80322,1.78,1567234191029
tap2,71,828,963,881.1841,1022.46747,1.6899999,1567234191988
tap2,76,207,894,245.77243,938.51117,1.81,1567234192876
tap2,77,828,273,888.1776,311.8376,1.89,1567234193907
tap2,74,207,273,258.7604,300.8433,1.73,1567234194837
tap2,75,828,894,862.20166,926.5174,1.9599999,1567234195715
tap2,80,207,825,261.75763,865.5492,1.99,1567234196603
tap2,81,828,204,882.18317,251.8688,2.0,1567234197522
tap2,78,207,204,250.7678,259.86465,1.11,1567234198471
tap2,79,828,825,861.2026,942.5091,1.66,1567234199492
tap2,84,207,756,287.73358,830.5674,1.92,1567234200329
tap2,85,828,135,891.17487,190.90057,2.03,1567234201247
tap2,82,207,135,252.76596,200.89536,1.52,1567234202238
tap2,83,828,756,893.173,817.57416,1.68,1567234203116
tap2,89,621,618,661.38763,690.64026,1.56,1567234203810
tap2,88,0,1239,73.93155,1340.3019,1.4399999,1567234204984
tap2,87,621,1239,643.40424,1374.2842,1.3399999,1567234205944
tap2,86,0,618,77.92784,668.65173,1.38,1567234206995
tap2,305,483,1515,572.4699,1631.1504,1.68,1567234208884
tap2,33,690,549,756.29974,615.6793,2.02,1567234209823
tap2,304,483,549,520.51807,602.6861,1.9599999,1567234210650
tap2,215,690,1515,735.31915,1641.1451,1.73,1567234211752
tap2,309,552,618,616.42926,674.6486,2.01,1567234212722
tap2,308,345,1584,398.6309,1671.1296,1.6899999,1567234213764
tap2,307,552,1584,618.42737,1715.1067,1.9399999,1567234214805
tap2,306,345,618,393.63553,666.6528,1.75,1567234215785
tap2,258,345,204,382.6457,226.88182,1.77,1567234216775
tap2,331,483,894,576.46625,1003.47736,1.68,1567234217673
tap2,330,345,894,417.6133,975.4919,1.65,1567234218501
tap2,264,483,204,534.50507,232.87871,2.08,1567234219440
tap2,223,621,1584,678.3719,1668.1311,1.93,1567234220685
tap2,310,414,618,476.55875,678.64655,1.93,1567234221726
tap2,89,621,618,659.38947,712.62885,1.99,1567234222523
tap2,311,414,1584,474.5606,1696.1166,1.4599999,1567234223534
tap2,261,552,204,571.4709,213.8886,1.92,1567234224748
tap2,322,345,756,396.63275,819.5731,1.49,1567234225626
tap2,262,414,204,471.56335,232.87871,1.92,1567234226525
tap2,333,552,894,630.41626,1013.4721,1.8,1567234227362
tap2,312,483,618,544.49585,675.6481,1.9799999,1567234228036
tap2,225,690,1584,749.3062,1658.1364,1.77,1567234229057
tap2,93,690,618,745.3099,643.66473,2.07,1567234229996
tap2,313,483,1584,558.4829,1681.1244,1.9799999,1567234230915
tap2,91,690,1239,747.30804,1304.3207,1.9,1567234231711
tap2,90,69,618,96.91027,650.6611,1.4699999,1567234232762
tap2,93,690,618,740.3145,678.64655,1.8399999,1567234233579
tap2,92,69,1239,128.88066,1310.3175,1.79,1567234234620
tap2,108,276,963,352.67346,1033.4617,1.81,1567234235489
tap2,109,897,342,979.09344,365.80948,1.5699999,1567234236366
tap2,106,276,342,303.71878,398.7923,1.5899999,1567234237479
tap2,107,897,963,967.10455,1051.4524,1.68,1567234238531
tap2,100,276,1101,299.72247,1144.4039,1.9699999,1567234239429
tap2,101,897,480,910.1573,523.72723,1.9699999,1567234240297
tap2,99,897,1101,926.14246,1166.3925,1.65,1567234241154
tap2,98,276,480,318.7049,541.71783,1.7099999,1567234242104
tap2,105,897,411,951.1193,468.75586,1.88,1567234243318
tap2,104,276,1032,303.71878,1152.3998,1.8,1567234244370
tap2,102,276,411,314.70862,466.7569,1.36,1567234245360
tap2,103,897,1032,961.1101,1086.4341,1.8299999,1567234246513
tap2,97,897,549,963.1082,626.6736,1.62,1567234247412
tap2,96,276,1170,291.7299,1217.366,1.7099999,1567234248392
tap2,94,276,549,302.7197,596.6892,1.74,1567234249331
tap2,95,897,1170,965.1064,1242.3529,1.43,1567234250453
tap2,111,897,894,959.11194,995.4815,1.8499999,1567234251199
tap2,110,276,273,297.72433,305.8407,1.78,1567234252230
tap2,112,276,894,330.69382,973.4929,1.4399999,1567234253190
tap2,113,897,273,948.12213,329.82822,1.5899999,1567234254251
tap2,116,276,825,310.7123,890.53613,1.73,1567234255191
tap2,117,897,204,942.1277,241.87402,1.9699999,1567234256324
tap2,114,276,204,273.74652,280.85373,1.5999999,1567234257222
tap2,115,897,825,897.1693,842.56116,1.6899999,1567234258120
tap2,119,897,756,978.09436,846.5591,1.75,1567234258855
tap2,118,276,135,294.7271,160.91618,1.5699999,1567234259794
tap2,121,897,135,955.11566,211.88963,1.77,1567234260703
tap2,120,276,756,310.7123,835.5648,2.01,1567234261683
tap2,152,0,894,78.92692,950.50494,1.4,1567234262847
tap2,213,621,1515,713.3395,1580.177,1.53,1567234263919
tap2,212,0,1515,67.937096,1608.1624,1.27,1567234264807
tap2,151,621,894,664.3848,958.50073,1.8,1567234265695
tap2,56,69,825,103.90379,882.54034,1.3399999,1567234266716
tap2,205,690,1446,737.3173,1549.1931,1.51,1567234268033
tap2,204,69,1446,111.89639,1476.2311,1.49,1567234268962
tap2,55,690,825,732.3219,925.51794,1.78,1567234269789
tap2,24,138,825,165.84644,882.54034,1.79,1567234270667
tap2,207,759,1446,820.24054,1527.2046,1.7099999,1567234271647
tap2,206,138,1446,215.80019,1522.2072,1.61,1567234272494
tap2,23,759,825,818.2424,923.519,1.9499999,1567234273321
tap2,80,207,825,227.7891,884.5393,1.8399999,1567234274179
tap2,209,828,1446,881.1841,1527.2046,1.66,1567234275057
tap2,208,207,1446,252.76596,1523.2067,1.66,1567234275874
tap2,79,828,825,895.17114,913.5242,1.77,1567234276782
tap2,115,897,825,961.1101,893.5346,1.86,1567234277476
tap2,210,276,1446,300.72156,1541.1973,2.02,1567234278426
tap2,116,276,825,310.7123,873.545,1.99,1567234279243
tap2,211,897,1446,921.1471,1518.2092,1.89,1567234280151
tap2,203,621,1446,674.3756,1541.1973,1.89,1567234280846
tap2,156,0,825,69.93524,895.53357,1.29,1567234281938
tap2,202,0,1446,70.93432,1533.2014,1.1999999,1567234283020
tap2,155,621,825,702.3497,881.54083,1.5799999,1567234283868
tap2,52,69,894,112.89547,956.5018,1.62,1567234284725
tap2,215,690,1515,722.3312,1667.1317,1.74,1567234285807
tap2,51,690,894,737.3173,968.49554,1.9399999,1567234286644
tap2,214,69,1515,84.92137,1541.1973,1.31,1567234287573
tap2,216,138,1515,118.889915,1592.1707,1.52,1567234288614
tap2,19,759,894,778.27936,1000.4789,1.75,1567234289493
tap2,217,759,1515,819.24146,1609.1619,1.56,1567234290381
tap2,20,138,894,164.84737,958.50073,0.77,1567234291412
tap2,141,621,480,665.3839,499.73972,1.68,1567234292423
tap2,140,0,1101,53.950047,1177.3867,1.06,1567234293382
tap2,138,0,480,68.93617,525.7262,1.23,1567234294454
tap2,139,621,1101,686.3645,1148.4019,1.68,1567234295445
tap2,142,0,411,73.93155,433.77408,1.4499999,1567234296496
tap2,143,621,1032,651.39685,1146.4028,1.78,1567234297364
tap2,144,0,1032,77.92784,1099.4274,1.26,1567234298252
tap2,145,621,411,659.38947,451.7647,1.65,1567234299181
tap2,148,0,963,72.93247,1023.4669,1.35,1567234300161
tap2,149,621,342,670.3793,371.80634,1.61,1567234301029
tap2,147,621,963,699.3525,1033.4617,1.5899999,1567234301826
tap2,146,0,342,72.93247,379.8022,1.4399999,1567234302826
tap2,153,621,273,656.3922,333.8261,1.87,1567234303919
tap2,152,0,894,67.937096,951.5044,1.26,1567234305011
tap2,150,0,273,52.950974,318.83392,1.16,1567234306093
tap2,151,621,894,662.38666,962.49866,1.48,1567234307063
tap2,266,345,273,344.68085,309.83862,1.5899999,1567234307992
tap2,267,552,1239,623.4227,1332.306,1.91,1567234309024
tap2,269,552,273,571.4709,326.82977,1.77,1567234310106
tap2,268,345,1239,367.65958,1336.304,1.9,1567234310994
tap2,271,414,1239,472.56244,1342.3009,1.62,1567234311883
tap2,153,621,273,636.4107,342.82144,1.99,1567234312832
tap2,270,414,273,440.59204,320.8329,1.8199999,1567234313710
tap2,87,621,1239,727.32654,1322.3113,1.75,1567234314945
tap2,91,690,1239,751.3043,1301.3221,1.8499999,1567234315690
tap2,272,483,273,501.5356,324.8308,1.8,1567234316762
tap2,273,483,1239,537.5023,1356.2936,2.0,1567234317824
tap2,53,690,273,759.29694,302.84225,1.9599999,1567234318794
tap2,277,552,342,575.46716,390.79645,1.9699999,1567234319703
tap2,276,345,1308,396.63275,1388.2769,1.89,1567234320734
tap2,274,345,342,367.65958,395.79385,1.7099999,1567234321704
tap2,275,552,1308,621.4246,1390.2759,1.66,1567234322531
tap2,183,621,1308,682.36816,1404.2686,1.8299999,1567234323399
tap2,278,414,342,462.5717,362.81104,1.6899999,1567234324461
tap2,149,621,342,662.38666,373.8053,2.0,1567234325420
tap2,279,414,1308,479.55597,1376.2832,1.64,1567234326391
tap2,281,483,1308,566.47546,1378.2821,1.26,1567234327187
tap2,49,690,342,738.3164,369.80737,1.7199999,1567234328228
tap2,280,483,342,530.5088,397.79282,2.0,1567234329076
tap2,185,690,1308,753.3025,1405.2681,1.79,1567234330168
tap2,156,0,825,74.93062,878.5424,1.24,1567234331383
tap2,157,621,204,639.40796,238.87558,1.73,1567234332282
tap2,155,621,825,652.39594,876.54346,1.77,1567234333129
tap2,154,0,204,71.933395,242.8735,1.3199999,1567234334252
tap2,158,0,135,57.946346,174.90889,1.1899999,1567234335283
tap2,159,621,756,678.3719,858.5528,1.6999999,1567234336376
tap2,160,0,756,70.93432,793.5867,1.05,1567234337417
tap2,161,621,135,683.36725,182.90474,1.74,1567234338275
tap2,162,0,66,56.947273,125.9344,0.97999996,1567234339714
tap2,163,621,687,683.36725,761.60333,1.25,1567234340746
tap2,164,0,687,71.933395,730.61945,1.06,1567234341838
tap2,165,621,66,667.3821,112.94118,1.36,1567234342900
tap2,169,897,66,911.1564,174.90889,1.9399999,1567234345214
tap2,168,276,687,306.716,723.6231,1.63,1567234346055
tap2,166,276,66,318.7049,107.94378,1.8,1567234347862
tap2,167,897,687,928.1406,763.6023,1.7099999,1567234348863
tap2,170,138,618,195.8187,679.646,1.5899999,1567234349904
tap2,171,759,1239,816.2442,1325.3097,1.77,1567234351344
tap2,173,759,618,799.25995,696.63715,1.9699999,1567234352314
tap2,172,138,1239,186.82701,1266.3405,1.6999999,1567234353478
tap2,177,828,618,855.2081,682.6444,1.8299999,1567234354407
tap2,176,207,1239,223.79279,1314.3154,1.92,1567234355448
tap2,174,207,618,225.79094,659.65643,1.9699999,1567234356469
tap2,175,828,1239,882.18317,1343.3003,1.64,1567234357562
tap2,133,690,66,722.3312,120.93701,1.99,1567234358970
tap2,249,483,1032,515.52264,1142.405,1.9499999,1567234360063
tap2,43,690,1032,737.3173,1112.4205,1.8399999,1567234360992
tap2,248,483,66,539.5005,102.94638,1.18,1567234362462
tap2,251,552,1101,632.4144,1191.3795,2.1499999,1567234363494
tap2,250,345,135,398.6309,150.92139,1.2099999,1567234364576
tap2,252,345,1101,407.62256,1171.3899,1.89,1567234365525
tap2,253,552,135,614.4311,180.90578,1.48,1567234366576
tap2,254,414,135,467.56708,199.89589,1.68,1567234367598
tap2,139,621,1101,652.39594,1220.3644,1.8,1567234368752
tap2,161,621,135,656.3922,173.90942,1.53,1567234369742
tap2,255,414,1101,470.5643,1208.3706,2.05,1567234370692
tap2,178,276,618,371.65588,721.62415,2.1,1567234371591
tap2,179,897,1239,936.13324,1238.355,2.07,1567234372754
tap2,181,897,618,941.1286,685.6429,1.9399999,1567234373642
tap2,180,276,1239,327.6966,1362.2904,1.99,1567234374643
tap2,132,69,687,90.91582,736.61633,1.56,1567234375827
tap2,185,690,1308,761.2951,1337.3035,1.56,1567234376798
tap2,184,69,1308,112.89547,1407.267,1.62,1567234377726
tap2,131,690,687,761.2951,804.58093,1.9399999,1567234378574
tap2,127,759,687,830.23126,774.59656,1.91,1567234379279
tap2,187,759,1308,854.20905,1399.2711,2.01,1567234380259
tap2,186,138,1308,202.81221,1367.2878,1.7199999,1567234381168
tap2,126,138,66,183.82979,107.94378,1.36,1567234382934
tap2,123,828,687,893.173,759.6044,1.8,1567234383853
tap2,188,207,1308,256.76227,1391.2754,1.79,1567234384854
tap2,124,207,687,271.74838,730.61945,1.5799999,1567234385957
tap2,189,828,1308,887.1785,1397.2722,1.7099999,1567234386906
tap2,317,552,687,607.43756,782.5924,1.18,1567234387988
tap2,316,345,1653,397.63184,1756.0853,1.12,1567234389112
tap2,314,345,687,391.6374,726.6215,1.56,1567234390246
tap2,315,552,1653,615.4302,1769.0786,1.35,1567234391327
tap2,266,345,273,412.61795,317.83444,1.56,1567234392686
tap2,335,483,963,550.4903,1028.4644,1.66,1567234393574
tap2,272,483,273,510.52728,290.8485,1.62,1567234394421
tap2,334,345,963,421.60962,1034.4612,1.36,1567234395177
tap2,318,414,687,439.59296,752.608,1.36,1567234395892
tap2,233,621,1653,693.35803,1764.0812,1.6999999,1567234397036
tap2,163,621,687,681.3691,762.6028,1.22,1567234397944
tap2,319,414,1653,456.57724,1746.0906,1.55,1567234398976
tap2,269,552,273,612.4329,350.81726,1.23,1567234399976
tap2,336,414,963,445.58743,1031.4628,1.4699999,1567234400793
tap2,337,552,963,636.4107,974.49243,1.24,1567234401528
tap2,270,414,273,473.56152,318.83392,1.81,1567234402499
tap2,168,276,687,331.69287,743.6127,1.86,1567234403366
tap2,191,897,1308,935.13416,1368.2874,1.55,1567234404479
tap2,167,897,687,924.1443,769.5991,1.68,1567234405327
tap2,190,276,1308,329.69473,1358.2925,1.74,1567234406399
tap2,192,0,1377,84.92137,1438.2509,1.42,1567234407318
tap2,160,0,756,85.92044,809.5783,1.42,1567234408339
tap2,193,621,1377,643.40424,1465.2368,1.3199999,1567234409473
tap2,159,621,756,662.38666,842.56116,1.27,1567234410463
tap2,194,69,1377,110.897316,1443.2483,1.4599999,1567234411750
tap2,59,690,756,709.3432,822.57153,1.89,1567234412833
tap2,60,69,756,128.88066,824.5705,1.61,1567234413803
tap2,195,690,1377,718.3349,1421.2598,1.75,1567234414854
tap2,28,138,756,194.81961,815.5752,1.91,1567234415896
tap2,197,759,1377,820.24054,1460.2394,1.78,1567234416815
tap2,27,759,756,823.23773,795.58563,1.4499999,1567234417510
tap2,196,138,1377,143.86679,1446.2467,1.79,1567234418521
tap2,84,207,756,245.77243,802.582,1.88,1567234419419
tap2,199,828,1377,886.17944,1436.252,1.61,1567234420338
tap2,83,828,756,870.1943,830.5674,1.53,1567234421053
tap2,198,207,1377,248.76965,1459.24,1.87,1567234421982
tap2,200,276,1377,351.67438,1423.2587,1.61,1567234422768
tap2,119,897,756,954.1166,810.5778,2.01,1567234423606
tap2,120,276,756,310.7123,821.5721,2.06,1567234424423
tap2,201,897,1377,912.1554,1448.2457,1.9799999,1567234425281
tap2,242,345,66,349.67624,121.936485,1.9399999,1567234426761
tap2,347,966,687,1038.0388,723.6231,1.27,1567234427660
tap2,338,966,66,984.0888,147.92296,1.78,1567234428773
tap2,314,345,687,396.63275,760.6038,1.8399999,1567234429651
tap2,322,345,756,371.65588,818.57367,1.9399999,1567234430377
tap2,339,966,135,989.08417,194.89848,1.9599999,1567234431438
tap2,348,966,756,1021.05457,789.58875,1.3199999,1567234432326
tap2,250,345,135,332.69196,189.9011,1.6999999,1567234433429
tap2,258,345,204,390.6383,255.86673,2.07,1567234434175
tap2,349,966,825,1031.0453,887.5377,1.13,1567234435175
tap2,340,966,204,990.08325,223.88339,1.9799999,1567234436197
tap2,326,345,825,400.62906,870.5466,1.92,1567234437187
tap2,330,345,894,392.63644,955.5023,1.75,1567234438056
tap2,341,966,273,1022.05365,352.81622,1.55,1567234439056
tap2,266,345,273,371.65588,354.8152,1.9499999,1567234439996
tap2,350,966,894,1002.07214,944.50806,1.6899999,1567234441017
tap2,76,207,894,247.77058,939.5106,1.79,1567234441956
tap2,219,828,1515,878.1869,1593.1702,1.65,1567234443151
tap2,218,207,1515,264.75485,1575.1796,1.73,1567234444101
tap2,75,828,894,898.1684,952.5039,1.67,1567234444908
tap2,220,276,1515,318.7049,1606.1635,1.4499999,1567234446082
tap2,111,897,894,940.1295,968.49554,1.91,1567234447062
tap2,112,276,894,333.69104,941.5096,1.79,1567234448002
tap2,221,897,1515,944.1258,1604.1644,1.6999999,1567234449248
tap2,225,690,1584,751.3043,1678.126,1.6899999,1567234450187
tap2,48,69,963,108.89917,1007.4752,1.4699999,1567234451280
tap2,47,690,963,770.2868,1020.4685,1.7099999,1567234452230
tap2,224,69,1584,117.89084,1620.1561,1.5999999,1567234453322
tap2,165,621,66,687.3635,111.941696,1.36,1567234454966
tap2,247,414,1032,442.5902,1150.4008,1.4499999,1567234455875
tap2,143,621,1032,710.3423,1087.4336,1.02,1567234456651
tap2,246,414,66,447.58557,90.95263,1.56,1567234458009
tap2,15,759,963,814.2461,998.4799,1.63,1567234458897
tap2,226,138,1584,179.8335,1613.1598,1.14,1567234459878
tap2,227,759,1584,820.24054,1665.1327,1.64,1567234460868
tap2,16,138,963,194.81961,988.48517,1.61,1567234461910
tap2,72,207,963,268.75116,1030.4633,1.77,1567234462655
tap2,229,828,1584,887.1785,1667.1317,1.5,1567234463880
tap2,71,828,963,904.16284,1055.4503,0.72999996,1567234464870
tap2,228,207,1584,258.7604,1634.1488,1.28,1567234465882
tap2,242,345,66,409.62073,91.9521,1.63,1567234467393
tap2,243,552,1032,609.4357,1117.418,1.5,1567234468373
tap2,244,345,1032,397.63184,1099.4274,1.5899999,1567234469169
tap2,245,552,66,587.45605,104.945335,1.8499999,1567234470425
tap2,148,0,963,60.943573,1029.4637,1.17,1567234471436
tap2,223,621,1584,685.3654,1695.1171,1.4499999,1567234472478
tap2,147,621,963,722.3312,989.4846,1.0799999,1567234473284
tap2,222,0,1584,72.93247,1636.1478,1.3399999,1567234474315
tap2,252,345,1101,386.642,1183.3837,1.5699999,1567234475214
tap2,344,966,480,1026.0499,561.70746,1.3199999,1567234476184
tap2,290,345,480,407.62256,545.71576,1.7199999,1567234477155
tap2,353,966,1101,1028.0481,1144.4039,1.29,1567234478043
tap2,345,966,549,995.0786,614.6798,1.63,1567234479003
tap2,260,345,1170,379.64847,1226.3612,1.8,1567234480044
tap2,354,966,1170,1007.0675,1185.3826,1.23,1567234481045
tap2,298,345,549,399.62997,615.6793,1.4699999,1567234482056
tap2,346,966,618,988.0851,663.65436,1.79,1567234483087
tap2,268,345,1239,389.63922,1305.3201,1.5,1567234484119
tap2,355,966,1239,1022.05365,1269.3389,1.15,1567234485099
tap2,306,345,618,425.60593,692.6392,0.76,1567234486294
tap2,314,345,687,410.6198,719.6252,1.51,1567234487285
tap2,356,966,1308,1017.0583,1378.2821,1.36,1567234488551
tap2,347,966,687,1003.0712,761.60333,1.55,1567234489613
tap2,276,345,1308,423.6078,1376.2832,1.42,1567234490777
tap2,257,483,1101,566.47546,1202.3738,1.1,1567234491655
tap2,61,690,135,730.3238,189.9011,1.68,1567234493034
tap2,39,690,1101,782.2757,1211.369,0.71999997,1567234494085
tap2,256,483,135,528.5106,185.90317,1.43,1567234495332
tap2,258,345,204,410.6198,254.86725,1.4499999,1567234496363
tap2,259,552,1170,635.4117,1253.3472,1.55,1567234497465
tap2,260,345,1170,423.6078,1218.3654,1.66,1567234498231
tap2,261,552,204,607.43756,268.85995,1.8399999,1567234499344
tap2,157,621,204,641.4061,249.86986,1.9799999,1567234500110
tap2,263,414,1170,486.5495,1233.3575,1.38,1567234501059
tap2,262,414,204,457.57632,242.8735,1.6999999,1567234502111
tap2,135,621,1170,674.3756,1263.3419,1.7199999,1567234503071
tap2,244,345,1032,401.6281,1052.4518,1.55,1567234503806
tap2,361,966,1653,1007.0675,1750.0885,1.4599999,1567234505777
tap2,352,966,1032,984.0888,1075.4398,1.88,1567234506584
tap2,316,345,1653,390.6383,1712.1083,1.8299999,1567234507493
tap2,282,345,411,400.62906,437.77197,1.91,1567234508657
tap2,283,552,1377,654.3941,1442.2488,1.86,1567234509678
tap2,284,345,1377,397.63184,1413.2639,1.92,1567234510474
tap2,285,552,411,619.42645,474.75272,2.0,1567234511434
tap2,145,621,411,684.36633,479.75012,1.8,1567234512251
tap2,287,414,1377,490.5458,1466.2363,1.8,1567234513241
tap2,193,621,1377,679.371,1457.241,1.63,1567234513997
tap2,286,414,411,446.5865,448.76627,1.8499999,1567234515110
tap2,288,483,411,526.5125,459.76053,2.0,1567234515937
tap2,195,690,1377,751.3043,1496.2207,1.68,1567234516845
tap2,289,483,1377,487.54858,1452.2435,1.39,1567234517642
tap2,45,690,411,700.3515,458.76105,1.8499999,1567234518540
tap2,31,690,1170,797.2618,1253.3472,1.91,1567234519286
tap2,264,483,204,501.5356,258.86517,2.04,1567234520399
tap2,57,690,204,758.29785,302.84225,1.87,1567234521410
tap2,265,483,1170,525.5134,1281.3326,1.91,1567234522451
tap2,300,345,1515,405.62442,1600.1665,1.54,1567234523289
tap2,350,966,894,1024.0518,965.49713,1.37,1567234524176
tap2,330,345,894,444.58835,963.49817,1.86,1567234525106
tap2,359,966,1515,1017.0583,1539.1982,1.4499999,1567234526280
tap2,351,966,963,984.0888,1032.4623,1.66,1567234527056
tap2,308,345,1584,400.62906,1668.1311,1.5799999,1567234528067
tap2,360,966,1584,1026.0499,1658.1364,1.1899999,1567234529262
tap2,334,345,963,439.59296,1052.4518,1.51,1567234530365
tap2,137,621,549,694.35706,653.65955,1.49,1567234531427
tap2,303,414,1515,481.5541,1631.1504,1.63,1567234532601
tap2,213,621,1515,672.37744,1591.1713,1.62,1567234533480
tap2,302,414,549,465.5689,609.68243,1.61,1567234534644
tap2,254,414,135,485.5504,188.90161,1.61,1567234535675
tap2,329,552,825,661.38763,886.53827,1.16,1567234536543
tap2,253,552,135,587.45605,174.90889,1.63,1567234537483
tap2,328,414,825,460.57355,851.55646,1.37,1567234538351
tap2,334,345,963,394.6346,1025.4658,1.68,1567234539188
tap2,342,966,342,989.08417,386.79852,1.74,1567234540066
tap2,274,345,342,370.6568,384.79956,1.8199999,1567234540965
tap2,351,966,963,1038.0388,1031.4628,1.0,1567234542047
tap2,282,345,411,407.62256,445.76782,1.78,1567234543079
tap2,352,966,1032,1047.0305,1031.4628,0.89,1567234544089
tap2,343,966,411,950.12024,443.76886,1.8399999,1567234544988
tap2,244,345,1032,400.62906,1107.4232,1.5999999,1567234545958
tap2,322,345,756,403.62628,839.5627,2.04,1567234546846
tap2,357,966,1377,1014.06104,1396.2727,1.41,1567234547796
tap2,348,966,756,1001.07306,767.6002,1.36,1567234548592
tap2,284,345,1377,394.6346,1448.2457,1.24,1567234549522
tap2,292,345,1446,398.6309,1514.2113,1.55,1567234550339
tap2,349,966,825,985.0879,905.5283,1.74,1567234551308
tap2,326,345,825,410.6198,894.53406,1.86,1567234552258
tap2,358,966,1446,998.07587,1467.2357,1.74,1567234553698
tap2,131,690,687,777.2803,714.6278,2.04,1567234554913
tap2,321,483,1653,562.4792,1726.101,1.67,1567234556046
tap2,320,483,687,589.4542,754.60693,1.51,1567234557088
tap2,235,690,1653,707.34503,1741.0931,1.73,1567234558007
tap2,362,0,1722,85.92044,1748.0895,1.43,1567234559028
tap2,139,621,1101,679.371,1156.3977,1.7199999,1567234560039
tap2,140,0,1101,86.91952,1167.392,1.63,1567234561081
tap2,371,621,1722,648.39966,1805.0598,1.0799999,1567234563171
tap2,39,690,1101,769.2877,1167.392,1.8199999,1567234564012
tap2,363,69,1722,113.89455,1761.0828,1.68,1567234564982
tap2,372,690,1722,748.3071,1784.0708,1.4699999,1567234565819
tap2,40,69,1101,126.882515,1187.3816,1.5999999,1567234566861
tap2,136,0,1170,80.92507,1246.3508,1.38,1567234567780
tap2,386,621,1791,634.4126,1847.038,1.03,1567234569005
tap2,135,621,1170,659.38947,1287.3295,1.67,1567234569853
tap2,377,0,1791,82.92322,1851.0359,1.13,1567234571119
tap2,31,690,1170,742.3127,1243.3524,1.3199999,1567234572263
tap2,378,69,1791,127.88159,1839.0421,1.05,1567234573233
tap2,32,69,1170,128.88066,1246.3508,1.87,1567234574377
tap2,387,690,1791,742.3127,1868.027,0.66999996,1567234575459
tap2,8,138,1101,212.80296,1178.3862,1.64,1567234576501
tap2,373,759,1722,829.2322,1837.0432,1.24,1567234577563
tap2,7,759,1101,834.2276,1231.3586,1.3199999,1567234578563
tap2,364,138,1722,194.81961,1766.0801,1.4599999,1567234579656
tap2,374,828,1722,897.1693,1782.0718,1.0699999,1567234580769
tap2,64,207,1101,244.77336,1181.3846,1.43,1567234581872
tap2,365,207,1722,224.79185,1795.0651,1.56,1567234582812
tap2,63,828,1101,893.173,1169.3909,1.43,1567234583731
tap2,379,138,1791,176.83626,1837.0432,1.28,1567234584660
tap2,3,759,1170,797.2618,1278.3342,1.92,1567234585416
tap2,4,138,1170,193.82054,1225.3618,1.77,1567234586263
tap2,388,759,1791,804.2553,1847.038,1.1,1567234587213
tap2,380,207,1791,248.76965,1847.038,1.13,1567234588142
tap2,35,828,1170,881.1841,1257.3451,1.3199999,1567234589082
tap2,389,828,1791,872.19244,1846.0385,1.11,1567234590062
tap2,36,207,1170,254.76411,1271.3378,1.64,1567234591165
tap2,100,276,1101,340.68454,1144.4039,1.5899999,1567234592105
tap2,375,897,1722,972.0999,1781.0723,1.56,1567234593074
tap2,99,897,1101,963.1082,1145.4034,1.4699999,1567234593942
tap2,366,276,1722,297.72433,1764.0812,1.3399999,1567234594954
tap2,368,414,1722,441.59113,1806.0593,1.06,1567234596087
tap2,159,621,756,695.35614,817.57416,1.56,1567234597190
tap2,371,621,1722,689.3617,1815.0546,1.55,1567234598221
tap2,324,414,756,488.54764,773.59705,1.39,1567234599498
tap2,96,276,1170,304.71786,1203.3732,1.64,1567234600285
tap2,390,897,1791,949.1212,1841.0411,1.14,1567234601755
tap2,95,897,1170,959.11194,1231.3586,1.3399999,1567234602582
tap2,381,276,1791,323.7003,1840.0416,1.27,1567234603522
tap2,385,552,1791,577.46533,1864.029,0.95,1567234604267
tap2,326,345,825,415.61517,939.5106,1.79,1567234605380
tap2,382,345,1791,399.62997,1867.0276,1.02,1567234606350
tap2,329,552,825,619.42645,899.5315,1.63,1567234607269
tap2,323,483,756,505.53192,810.5778,1.86,1567234608086
tap2,372,690,1722,789.2692,1831.0463,1.4,1567234608903
tap2,59,690,756,723.33026,867.54816,1.5699999,1567234609812
tap2,369,483,1722,543.49677,1828.0479,1.1999999,1567234610608
tap2,353,966,1101,1008.0666,1127.4127,1.43,1567234611405
tap2,367,345,1722,397.63184,1777.0743,1.18,1567234612201
tap2,252,345,1101,390.6383,1189.3805,1.88,1567234613039
tap2,376,966,1722,1024.0518,1756.0853,1.0,1567234614050
tap2,383,414,1791,470.5643,1853.0348,1.09,1567234614907
tap2,155,621,825,691.35986,911.5252,1.56,1567234616031
tap2,328,414,825,485.5504,903.5294,1.8399999,1567234616859
tap2,386,621,1791,679.371,1845.039,1.18,1567234617961
tap2,55,690,825,734.32007,867.54816,1.75,1567234618850
tap2,384,483,1791,540.4995,1831.0463,1.43,1567234619667
tap2,327,483,825,550.4903,860.55176,1.74,1567234620525
tap2,387,690,1791,735.31915,1843.04,1.24,1567234621403
