scale1,27,26.981838,1674.853077
scale1,46,-7.389902,1735.945692
scale1,26,19.835884,2379.116539
scale1,4,8.290249,4309.200231
scale1,43,141.75456,1929.257923
scale1,25,4.9206734,3173.9301539999997
scale1,42,-3.934702,3697.350924
scale1,23,4.515106,2910.651308
scale1,5,12.405384,2869.663616
scale1,24,183.86743,1735.394
scale1,19,183.86743,67.294077
scale1,2,183.86743,131.061154
scale1,44,-144.0,140.80923099999998
scale1,27,78.30196,1238.028077
scale1,46,49.119976,2084.8474619999997
scale1,26,-0.23685837,1817.6866929999999
scale1,4,7.7966537,2409.982385
scale1,43,2.867878,2881.457231
scale1,25,-5.5555973,2195.2188459999998
scale1,42,-13.336184,1594.716077
scale1,23,-14.734692,2054.242692
scale1,5,-144.0,90.09653899999999
scale1,24,-144.0,38.809461999999996
scale1,19,-144.0,305.353923
scale1,27,113.067924,1706.715847
scale1,46,-8.349987,1941.589
scale1,26,7.7482796,1531.2839999999999
scale1,4,15.016251,1914.259308
scale1,43,11.521603,2281.509923
scale1,25,-4.184572,2449.8593849999997
scale1,42,15.236492,3749.761616
scale1,23,10.987667,2411.91277
scale1,5,9.678062,2393.283
scale1,24,-17.43362,2042.497923
scale1,19,17.102932,2020.6341539999999
scale1,2,-7.0244865,1983.023616
scale1,44,11.966034,2451.818154
scale1,65,-3.495695,3064.587231
scale1,45,35.153297,1951.2530769999998
scale1,28,-6.8190937,1970.543
scale1,13,-7.265774,2126.902384
scale1,56,-30.577578,2251.978231
scale1,40,0.89772034,1949.6786929999998
scale1,41,-8.051262,1880.879461
scale1,6,-35.820457,2215.457
scale1,51,6.7736893,2992.395
scale1,36,3.722271,2971.931385
scale1,21,-10.5634575,6414.1667689999995
scale1,8,-0.5533848,2654.489154
scale1,57,-1.1828327,2018.701769
scale1,39,7.890415,2063.846462
scale1,9,-7.5854588,1910.2879229999999
scale1,58,17.348717,1533.883308
scale1,47,5.6335144,2851.750924
scale1,1,27.477562,2562.3074619999998
scale1,35,36.00292,2021.357462
scale1,3,-6.8616486,2410.08723
scale1,17,-3.778782,2750.352
scale1,53,-29.30124,3391.740308
scale1,34,4.294693,2256.745692
scale1,18,-2.6672745,2492.440923
scale1,50,74.42427,1695.873692
scale1,62,-2.3417702,2871.68077
scale1,66,14.773933,2481.2210769999997
scale1,20,-144.0,48.925615
scale1,37,-135.78247,2816.7123079999997
scale1,32,68.92596,4024.577308
scale1,31,2.9569016,2144.3521539999997
scale1,49,14.852245,2156.2906159999998
scale1,7,-14.520561,2189.754692
scale1,15,0.7381096,1808.684385
scale1,10,-6.9585,2391.3377689999998
scale1,60,9.245956,1748.370692
scale1,63,29.751389,2066.256462
scale1,59,45.15676,1656.4358459999999
scale1,55,28.866783,1790.795923
scale1,14,-8.418274,1860.6219239999998
scale1,12,3.356392,2249.106923
scale1,54,3.356392,71.842077
scale1,52,-117.44318,2316.987154
scale1,48,9.342773,2019.444462
scale1,30,-11.045191,2986.204077
scale1,16,-10.35046,2696.670462
scale1,11,-15.896959,2125.2756919999997
scale1,61,-129.58951,7355.446
scale1,38,31.494747,2687.719385
scale1,29,47.93812,1746.178077
scale1,64,59.786156,1676.2084619999998
scale1,22,11.70813,1893.595462
scale1,33,-11.258343,1687.844462
scale2,25,-33.82952,2921.756231
scale2,9,-28.049006,1837.027846
scale2,28,-27.881641,1563.378385
scale2,10,-45.519768,1881.0539999999999
scale2,29,-43.628662,2983.337384
scale2,12,-7.423439,2115.020923
scale2,30,39.609154,1919.363077
scale2,13,-17.818016,2820.044231
scale2,32,-25.372187,3126.738923
scale2,15,10.140478,1777.6146159999998
scale2,34,-4.7398853,2176.895462
scale2,17,-47.589005,2686.2743849999997
scale2,1,5.4874535,1857.434693
scale2,20,-146.37657,1912.0342309999999
scale2,3,-53.806717,1931.078231
scale2,24,-93.24328,2220.610615
scale2,16,-470.7579,297.624231
scale2,2,-459.36954,754.197538
scale2,23,-340.1967,1928.617847
scale2,7,-94.73715,1860.008769
scale2,11,-105.478546,2635.945385
scale2,14,-73.77393,3136.331615
scale2,26,-31.173409,2042.1734609999999
scale2,35,-10.099754,1788.2703079999999
scale2,21,-40.687607,2019.1261539999998
scale2,22,-40.37491,1941.1599999999999
scale2,27,-58.308617,2018.0059999999999
scale2,36,-34.62442,1563.707461
scale2,31,-14.701796,1554.1227689999998
scale2,19,-80.91772,2371.428
scale2,4,-90.06972,2321.101846
scale2,8,-175.4768,2615.472385
scale2,5,-63.40394,2064.1442309999998
scale2,33,-13.91193,2882.686846
scale2,18,-77.58825,2962.728384
scale2,6,-28.639532,1850.628154
rotate1,9,6.341467,3638.7604619999997
rotate1,4,-1.8027754,2114.979154
rotate1,13,-0.5255232,1592.952846
rotate1,6,-2.030879,1901.081154
rotate1,15,0.7502098,8632.046538999999
rotate1,2,2.6515732,2429.3148459999998
rotate1,10,1.9136868,1380.82677
rotate1,5,5.7452793,1250.377692
rotate1,14,1.7755451,1686.4593849999999
rotate1,8,4.0502186,3668.7200009999997
rotate1,11,1.4323978,1360.516384
rotate1,7,4.4121,1492.910539
rotate1,1,-1.0432091,2197.364615
rotate1,12,0.84409904,3441.7103079999997
rotate1,3,1.7422523,2260.906923
rotate2,2,5.6003036,2474.410923
rotate2,13,9.436096,1685.732616
rotate2,8,6.5352325,2076.017385
rotate2,3,9.367554,1757.121615
rotate2,7,17.36267,1859.4705379999998
rotate2,12,16.542038,1612.2393849999999
rotate2,1,6.1199646,1738.2203849999999
rotate2,11,-71.84556,1798.175616
rotate2,6,15.724968,1858.9357699999998
rotate2,10,27.009079,1799.911846
rotate2,5,5.84816,1767.637462
rotate2,15,5.84816,81.698538
rotate2,9,13.49958,3860.7871539999996
rotate2,4,19.139427,2412.380154
rotate2,14,-0.6919937,3156.8885379999997
tap1,2,288,642,355.6707,697.63666,1.13,1567135112543
tap1,3,576,930,661.38763,978.49036,0.78999996,1567135113363
tap1,4,576,642,655.3932,699.63556,1.01,1567135114241
tap1,5,288,930,325.69843,989.4846,0.85999995,1567135115088
tap1,9,288,786,366.6605,823.57104,0.78,1567135115894
tap1,17,576,1074,668.3811,1143.4044,0.90999997,1567135116833
tap1,16,288,1074,330.69382,1116.4185,0.78,1567135117619
tap1,7,576,786,716.33673,819.5731,0.90999997,1567135118528
tap1,4,576,642,637.4098,727.62103,0.81,1567135119498
tap1,10,288,354,320.70306,407.7876,0.83,1567135120754
tap1,2,288,642,384.64386,729.62,0.93,1567135121672
tap1,11,576,354,688.3626,445.76782,0.97999996,1567135122806
tap1,4,576,642,676.3737,732.6184,0.90999997,1567135123673
tap1,18,288,1218,360.66605,1302.3217,0.84999996,1567135124664
tap1,2,288,642,405.62442,727.62103,0.94,1567135125501
tap1,19,576,1218,710.3423,1234.357,0.42999998,1567135126655
tap1,13,576,210,617.4283,314.83603,1.0799999,1567135127880
tap1,6,288,498,402.6272,576.69965,0.97999996,1567135128748
tap1,12,288,210,350.6753,342.82144,1.06,1567135129616
tap1,8,576,498,710.3423,589.6929,0.90999997,1567135130402
tap1,19,576,1218,649.3987,1277.3347,0.44,1567135131351
tap1,22,288,1506,388.64014,1602.1655,0.58,1567135132393
tap1,18,288,1218,378.6494,1308.3186,0.68,1567135133158
tap1,23,576,1506,620.42554,1556.1895,0.53,1567135134159
tap1,14,288,66,382.6457,152.92035,1.0799999,1567135135374
tap1,11,576,354,688.3626,387.798,0.83,1567135136140
tap1,10,288,354,386.642,414.78397,1.0699999,1567135137375
tap1,15,576,66,663.38574,205.89276,1.0799999,1567135138611
tap1,17,576,1074,636.4107,1175.3878,0.79999995,1567135139673
tap1,20,288,1362,335.68918,1420.2603,0.72999996,1567135140449
tap1,21,576,1362,686.3645,1449.2451,0.62,1567135141194
tap1,16,288,1074,397.63184,1145.4034,0.85999995,1567135141990
tap1,9,288,786,401.6281,815.5752,1.06,1567135142715
tap1,8,576,498,674.3756,534.7215,1.04,1567135143624
tap1,6,288,498,343.68176,576.69965,1.0699999,1567135144349
tap1,7,576,786,630.41626,887.5377,0.90999997,1567135145176
tap1,24,144,66,263.7558,159.9167,1.05,1567135146973
tap1,26,432,354,513.52454,408.78708,0.85999995,1567135152858
tap1,27,144,354,247.77058,424.77875,0.96,1567135153954
tap1,25,432,66,489.54672,122.93597,1.09,1567135155179
tap1,66,720,1506,842.22015,1551.192,0.61,1567135156292
tap1,41,432,1218,439.59296,1356.2936,0.84999996,1567135157027
tap1,42,432,1506,503.53375,1556.1895,0.68,1567135157813
tap1,65,720,1218,835.2266,1293.3264,0.71999997,1567135158650
tap1,36,144,786,193.82054,857.55334,0.87,1567135159467
tap1,38,432,1074,490.5458,1215.367,0.63,1567135160304
tap1,39,144,1074,198.81592,1159.3961,0.74,1567135161049
tap1,37,432,786,494.54208,860.55176,0.93,1567135161795
tap1,16,288,1074,348.67715,1143.4044,0.87,1567135162570
tap1,56,0,1362,98.90842,1428.2561,0.82,1567135178576
tap1,20,288,1362,382.6457,1436.252,0.52,1567135179323
tap1,53,0,1074,104.90287,1146.4028,0.56,1567135180303
tap1,59,720,210,785.2729,292.84747,0.79999995,1567135181589
tap1,30,432,498,536.50323,563.70636,0.87,1567135182365
tap1,29,432,210,485.5504,311.8376,0.96,1567135183334
tap1,60,720,498,836.2257,618.67773,0.65999997,1567135184110
tap1,33,432,642,525.5134,745.61163,0.79999995,1567135184917
tap1,62,720,930,740.3145,994.482,0.25,1567135185621
tap1,61,720,642,803.2562,1011.47314,0.68,1567135185845
tap1,34,432,930,541.4986,1002.47784,0.53999996,1567135186713
tap1,6,288,498,380.64755,531.723,0.93,1567135187469
tap1,48,0,210,105.90195,282.85266,1.0,1567135188591
tap1,12,288,210,370.6568,275.85632,0.76,1567135189275
tap1,49,0,498,149.86124,512.7329,0.63,1567135190020
tap1,51,0,930,136.87326,997.48047,0.71999997,1567135191052
tap1,2,288,642,375.65216,705.63245,0.84,1567135192001
tap1,5,288,930,341.68362,1040.4581,0.79999995,1567135192838
tap1,50,0,642,97.90935,716.6267,0.84999996,1567135193787
tap1,37,432,786,468.56613,893.5346,0.79999995,1567135194614
tap1,64,720,1074,811.24884,1183.3837,0.72999996,1567135195819
tap1,38,432,1074,525.5134,1142.405,0.89,1567135196636
tap1,63,720,786,839.22296,866.54865,0.90999997,1567135197840
tap1,29,432,210,461.57263,279.85425,1.11,1567135198841
tap1,31,144,498,216.79926,608.683,0.97999996,1567135199607
tap1,28,144,210,357.66882,338.82352,0.91999996,1567135200281
tap1,30,432,498,525.5134,551.71265,0.91999996,1567135201138
tap1,42,432,1506,489.54672,1638.1467,0.72999996,1567135202465
tap1,40,144,1218,260.75854,1305.3201,0.7,1567135203394
tap1,41,432,1218,529.5097,1295.3253,0.94,1567135204333
tap1,43,144,1506,198.81592,1578.178,0.84,1567135205099
tap1,45,144,1362,253.76503,1457.241,0.84999996,1567135205855
tap1,82,432,1650,534.50507,1746.0906,0.76,1567135206702
tap1,80,144,1650,179.8335,1776.075,0.81,1567135207580
tap1,44,432,1362,500.53653,1507.215,0.96999997,1567135208428
tap1,57,720,66,762.2942,181.90526,1.04,1567135209571
tap1,26,432,354,561.4801,420.78082,0.78999996,1567135210296
tap1,58,720,354,857.2063,443.76886,0.71,1567135211521
tap1,25,432,66,524.51434,156.91827,0.76,1567135212388
tap1,64,720,1074,804.2553,1124.4143,0.64,1567135213450
tap1,44,432,1362,541.4986,1409.266,0.81,1567135214288
tap1,38,432,1074,511.52637,1191.3795,0.93,1567135214859
tap1,67,720,1362,840.22205,1428.2561,0.68,1567135215676
tap1,9,288,786,457.57632,786.5903,0.87,1567135216493
tap1,53,0,1074,98.90842,1122.4154,0.79999995,1567135217299
tap1,16,288,1074,377.65033,1165.393,0.81,1567135217963
tap1,52,0,786,83.922295,834.5653,0.95,1567135218820
tap1,74,864,786,929.1397,837.5637,0.78999996,1567135219790
tap1,17,576,1074,666.383,1181.3846,0.78,1567135220576
tap1,75,864,1074,927.14154,1149.4014,0.78,1567135221352
tap1,7,576,786,702.3497,848.55804,0.52,1567135222169
tap1,38,288,66,415.61517,175.90837,0.94,1567135223271
tap1,45,0,354,60.943573,470.7548,0.84999996,1567135224047
tap1,44,0,66,162.84921,129.93233,1.04,1567135224976
tap1,39,288,354,342.6827,396.79333,0.89,1567135225691
tap1,14,288,1506,383.64478,1624.154,0.90999997,1567135226681
tap1,47,0,1794,118.889915,1882.0198,0.61,1567135227580
tap1,46,0,1506,108.89917,1618.1572,0.9,1567135228305
tap1,10,288,1794,327.6966,1859.0317,0.78999996,1567135229101
tap1,22,864,210,986.087,309.83862,0.79999995,1567135230315
tap1,86,576,498,621.4246,553.7116,0.83,1567135231143
tap1,55,576,210,689.3617,288.84955,0.88,1567135231939
tap1,88,864,498,929.1397,559.7085,0.65999997,1567135232950
tap1,70,864,1362,984.0888,1333.3055,0.42999998,1567135233746
tap1,8,576,1650,963.1082,1408.2665,0.71999997,1567135233868
tap1,13,576,1362,646.4015,1510.2134,0.88,1567135234604
tap1,71,864,1650,982.09064,1771.0775,0.75,1567135235471
tap1,78,576,1218,651.39685,1308.3186,0.90999997,1567135236186
tap1,83,864,1506,937.13226,1615.1587,0.68,1567135237013
tap1,21,864,1218,1038.0388,1223.3628,0.63,1567135237737
tap1,85,576,1506,589.4542,1588.1727,0.84999996,1567135238514
tap1,19,576,66,698.3534,146.92348,1.06,1567135239810
tap1,77,864,354,959.11194,449.76575,0.63,1567135240637
tap1,76,576,354,674.3756,433.77408,0.83,1567135241464
tap1,23,864,66,896.1702,179.9063,0.85999995,1567135242842
tap1,15,576,1362,651.39685,1415.2628,0.89,1567135243812
tap1,69,864,1074,984.0888,1081.4368,0.69,1567135244649
tap1,11,576,1074,642.4052,1199.3752,0.97999996,1567135245405
tap1,68,864,1362,940.1295,1467.2357,0.74,1567135246222
tap1,21,0,1218,96.91027,1240.354,0.7,1567135247202
tap1,75,288,1506,386.642,1651.14,0.78999996,1567135248079
tap1,17,288,1218,354.6716,1301.3221,0.9,1567135248753
tap1,78,0,1506,120.88807,1588.1727,0.58,1567135249570
tap1,54,576,642,704.34784,730.61945,0.87,1567135250519
tap1,22,864,930,916.15173,1021.46796,0.79999995,1567135251428
tap1,18,864,642,957.1138,759.6044,0.78999996,1567135252236
tap1,55,576,930,674.3756,991.4836,0.88,1567135253071
tap1,4,576,1794,648.39966,1851.0359,0.63,1567135254123
tap1,73,864,1506,982.09064,1587.1733,0.45999998,1567135255664
tap1,72,576,1506,622.4237,1655.138,0.90999997,1567135256614
tap1,3,864,1794,945.1249,1810.0573,0.81,1567135257400
tap1,90,720,1362,785.2729,1450.2446,0.76,1567135258339
tap1,77,432,1650,500.53653,1746.0906,0.94,1567135259074
tap1,23,720,1650,793.2655,1772.077,0.84999996,1567135259809
tap1,92,432,1362,474.5606,1528.204,1.06,1567135260738
tap1,67,432,1074,561.4801,1108.4227,0.82,1567135261473
tap1,82,144,1362,234.78261,1451.2441,0.95,1567135262269
tap1,84,432,1362,494.54208,1466.2363,0.88,1567135262964
tap1,44,144,1074,271.74838,1120.4164,0.90999997,1567135263739
tap1,38,432,1506,494.54208,1605.164,0.71999997,1567135264536
tap1,45,144,1794,229.78723,1834.0447,0.56,1567135265332
tap1,44,432,1794,505.53192,1867.0276,0.58,1567135266261
tap1,39,144,1506,225.79094,1646.1426,1.1,1567135267200
tap1,42,432,1506,529.5097,1632.1499,0.88,1567135267895
tap1,87,720,1794,783.2748,1884.0187,0.53999996,1567135268987
tap1,89,432,1794,500.53653,1867.0276,0.71999997,1567135269753
tap1,43,720,1506,780.2775,1651.14,1.16,1567135270580
tap1,42,0,1362,97.90935,1495.2212,0.59,1567135271529
tap1,91,288,1650,379.64847,1779.0734,0.96,1567135272397
tap1,89,288,1362,395.63367,1458.2405,0.91999996,1567135273122
tap1,66,0,1650,80.92507,1736.0957,0.71,1567135273949
tap1,56,432,642,553.4875,737.6158,0.91999996,1567135275031
tap1,81,144,930,282.73822,1006.47577,0.82,1567135275776
tap1,20,432,930,515.52264,978.49036,0.78,1567135276583
tap1,79,144,642,208.80666,702.63403,0.71999997,1567135277461
tap2,6,138,480,198.81592,542.71735,0.89,1567135297765
tap2,7,759,1101,799.25995,1149.4014,0.84999996,1567135298840
tap2,8,138,1101,165.84644,1144.4039,0.7,1567135299657
tap2,9,759,480,820.24054,480.7496,0.7,1567135300402
tap2,164,0,687,98.90842,714.6278,0.75,1567135301362
tap2,183,621,1308,628.41815,1295.3253,0.69,1567135302281
tap2,182,0,1308,56.947273,1317.3138,0.62,1567135303271
tap2,163,621,687,675.37463,727.62103,0.83,1567135304211
tap2,242,345,66,426.605,106.9443,0.90999997,1567135305456
tap2,243,552,1032,563.4783,1066.4446,0.85999995,1567135306569
tap2,244,345,1032,395.63367,1081.4368,0.64,1567135307355
tap2,245,552,66,607.43756,117.93857,0.91999996,1567135308713
tap2,42,69,411,99.90749,455.7626,0.88,1567135309632
tap2,43,690,1032,735.31915,1061.4471,0.78999996,1567135310571
tap2,45,690,411,717.3358,442.76938,0.94,1567135311797
tap2,44,69,1032,153.85754,1077.4388,0.61,1567135312807
tap2,322,345,756,400.62906,766.6007,0.82,1567135313869
tap2,321,483,1653,521.5171,1734.0968,0.84999996,1567135314910
tap2,316,345,1653,378.6494,1697.1161,0.81,1567135315911
tap2,323,483,756,522.5162,787.5898,0.78999996,1567135316870
tap2,2,138,549,164.84737,572.7017,0.87,1567135317840
tap2,3,759,1170,785.2729,1259.3441,0.89,1567135318739
tap2,4,138,1170,197.81683,1206.3717,0.78999996,1567135319525
tap2,5,759,549,828.2331,600.68713,0.83,1567135320495
tap2,11,759,1032,803.2562,1060.4476,0.84999996,1567135321536
tap2,10,138,411,195.8187,441.7699,0.97999996,1567135322547
tap2,12,138,1032,165.84644,1093.4304,0.78999996,1567135323476
tap2,13,759,411,809.2507,436.7725,0.91999996,1567135324385
tap2,15,759,963,809.2507,1008.47473,0.82,1567135325344
tap2,14,138,342,186.82701,364.81,0.93,1567135326345
tap2,17,759,342,778.27936,359.8126,0.95,1567135327213
tap2,16,138,963,179.8335,989.4846,0.79999995,1567135328274
tap2,122,207,66,329.69473,125.9344,0.75,1567135330507
tap2,123,828,687,859.20447,735.6168,0.81,1567135331684
tap2,124,207,687,269.75024,701.6345,0.91999996,1567135332624
tap2,125,828,66,861.2026,110.942215,0.9,1567135334145
tap2,135,621,1170,708.3441,1219.3649,0.85999995,1567135335094
tap2,134,0,549,113.89455,558.709,0.89,1567135336034
tap2,136,0,1170,34.96762,1199.3752,0.53999996,1567135337126
tap2,137,621,549,672.37744,560.70795,0.95,1567135338014
tap2,130,69,66,99.90749,88.95367,0.93,1567135339147
tap2,131,690,687,733.321,690.64026,0.83,1567135340128
tap2,133,690,66,749.3062,123.93545,0.84999996,1567135341363
tap2,132,69,687,89.91675,722.6236,0.77,1567135342395
tap2,127,759,687,828.2331,703.6335,0.85999995,1567135343313
tap2,126,138,66,143.86679,167.91254,0.96,1567135344620
tap2,128,138,687,186.82701,739.61475,0.84,1567135345580
tap2,129,759,66,834.2276,101.9469,0.76,1567135346723
tap2,18,138,273,155.85568,313.83655,0.9,1567135347775
tap2,19,759,894,798.26086,895.53357,0.82,1567135348674
tap2,20,138,894,188.82516,864.5497,0.84,1567135349623
tap2,21,759,273,839.22296,311.8376,0.81,1567135350992
tap2,35,828,1170,834.2276,1205.3722,0.84999996,1567135352135
tap2,34,207,549,274.7456,593.6908,0.89,1567135353064
tap2,36,207,1170,245.77243,1187.3816,0.74,1567135354055
tap2,37,828,549,880.185,550.71313,0.83,1567135354963
tap2,26,138,135,182.83072,167.91254,0.91999996,1567135355933
tap2,27,759,756,802.2572,793.5867,0.79999995,1567135357067
tap2,28,138,756,160.85106,778.5945,0.85999995,1567135357965
tap2,29,759,135,800.25903,174.90889,0.96999997,1567135359365
tap2,43,690,1032,700.3515,1134.4092,0.79999995,1567135360284
tap2,42,69,411,152.85846,430.77563,0.84,1567135361284
tap2,45,690,411,747.30804,421.7803,0.85999995,1567135362183
tap2,44,69,1032,139.87048,1059.4481,0.84999996,1567135363225
tap2,24,138,825,185.82794,854.5549,0.84,1567135364266
tap2,25,759,204,856.2072,222.88391,0.84999996,1567135365236
tap2,22,138,204,198.81592,238.87558,0.96,1567135366237
tap2,23,759,825,786.272,879.5419,0.83,1567135367115
tap2,38,69,480,169.84274,466.7569,0.84999996,1567135368034
tap2,39,690,1101,720.333,1138.4071,0.85999995,1567135368933
tap2,40,69,1101,116.89177,1145.4034,0.72999996,1567135369790
tap2,41,690,480,734.32007,534.7215,0.91999996,1567135370720
tap2,33,690,549,713.3395,543.7168,0.77,1567135371700
tap2,32,69,1170,106.90102,1226.3612,0.76,1567135372915
tap2,30,69,549,138.87141,600.68713,0.95,1567135373977
tap2,31,690,1170,776.28125,1194.3779,0.83,1567135375008
tap2,46,69,342,141.86864,332.82663,0.90999997,1567135376039
tap2,47,690,963,724.32935,1002.47784,0.88,1567135376918
tap2,48,69,963,116.89177,1004.4768,0.78999996,1567135378112
tap2,49,690,342,729.3247,395.79385,0.90999997,1567135379338
tap2,108,276,963,301.72064,1010.4737,0.84,1567135380298
tap2,231,897,1584,968.10364,1571.1816,0.74,1567135381155
tap2,230,276,1584,338.6864,1693.1182,0.84999996,1567135382115
tap2,107,897,963,936.13324,997.48047,0.83,1567135383187
tap2,143,621,1032,681.3691,1076.4393,0.84999996,1567135384076
tap2,232,0,1653,71.933395,1683.1233,0.7,1567135385229
tap2,233,621,1653,680.37006,1675.1274,0.85999995,1567135386067
tap2,144,0,1032,78.92692,1056.4497,0.76,1567135387159
tap2,44,69,1032,72.93247,1067.444,0.76,1567135388150
tap2,235,690,1653,738.3164,1680.1249,0.81,1567135389161
tap2,43,690,1032,736.31824,1021.46796,0.94,1567135390029
tap2,234,69,1653,151.85939,1684.1228,0.87,1567135391224
tap2,12,138,1032,207.80759,1037.4596,0.82,1567135392214
tap2,237,759,1653,816.2442,1759.0837,0.79999995,1567135393746
tap2,11,759,1032,798.26086,1062.4467,0.91999996,1567135394553
tap2,236,138,1653,167.84459,1692.1187,0.75,1567135395523
tap2,238,207,1653,236.78076,1691.1191,0.83,1567135396452
tap2,67,828,1032,851.21185,1054.4508,0.89,1567135397340
tap2,68,207,1032,270.7493,1044.4559,0.84,1567135398259
tap2,239,828,1653,890.1758,1665.1327,0.82,1567135399270
tap2,104,276,1032,298.72342,1065.4451,0.82,1567135400169
tap2,241,897,1653,991.08234,1673.1285,0.72999996,1567135401281
tap2,240,276,1653,307.7151,1680.1249,0.88,1567135402109
tap2,103,897,1032,931.1378,1109.4221,0.90999997,1567135403252
tap2,50,69,273,159.85199,341.82196,0.94,1567135404253
tap2,51,690,894,730.3238,907.5273,0.88,1567135405274
tap2,52,69,894,119.88899,936.5122,0.85999995,1567135406203
tap2,53,690,273,698.3534,300.8433,1.02,1567135407541
tap2,55,690,825,745.3099,840.5622,0.89,1567135408368
tap2,54,69,204,159.85199,249.86986,0.97999996,1567135409461
tap2,56,69,825,99.90749,868.5476,0.78,1567135410431
tap2,57,690,204,758.29785,197.89693,0.95,1567135411861
tap2,59,690,756,707.34503,801.5825,0.87,1567135412851
tap2,58,69,135,143.86679,122.93597,1.0,1567135413883
tap2,61,690,135,746.30896,179.9063,0.9,1567135415180
tap2,60,69,756,121.887146,817.57416,0.90999997,1567135416048
tap2,62,207,480,261.75763,494.7423,0.90999997,1567135417048
tap2,63,828,1101,895.17114,1134.4092,0.85999995,1567135418059
tap2,64,207,1101,195.8187,1125.4138,0.81,1567135418896
tap2,65,828,480,889.1767,521.7283,0.85999995,1567135419775
tap2,290,345,480,428.60315,505.73657,0.81,1567135420582
tap2,291,552,1446,589.4542,1476.2311,0.81,1567135421930
tap2,293,552,480,584.45886,519.7293,0.84,1567135422859
tap2,292,345,1446,397.63184,1441.2493,0.78999996,1567135423706
tap2,141,621,480,639.40796,433.77408,0.87,1567135424697
tap2,295,414,1446,430.6013,1505.216,0.87,1567135425565
tap2,294,414,480,467.56708,508.73502,0.90999997,1567135426362
tap2,203,621,1446,685.3654,1541.1973,0.82,1567135427179
tap2,297,483,1446,542.4977,1440.2499,0.89,1567135428077
tap2,41,690,480,718.3349,493.74283,0.93,1567135429067
tap2,296,483,480,543.49677,523.72723,0.9,1567135429833
tap2,205,690,1446,729.3247,1434.2529,0.79999995,1567135430732
tap2,319,414,1653,470.5643,1663.1338,0.84,1567135431538
tap2,325,552,756,564.47736,778.5945,0.93,1567135432386
tap2,324,414,756,502.5347,771.5981,0.87,1567135433121
tap2,315,552,1653,610.4348,1673.1285,0.89,1567135434050
tap2,298,345,549,404.62534,545.71576,0.94,1567135435082
tap2,299,552,1515,651.39685,1578.178,0.84,1567135435971
tap2,301,552,549,609.4357,561.70746,0.90999997,1567135436900
tap2,300,345,1515,343.68176,1571.1816,0.82,1567135437808
tap2,326,345,825,402.6272,841.56165,0.91999996,1567135438799
tap2,256,483,135,534.50507,202.89432,0.94,1567135439830
tap2,250,345,135,406.6235,151.92087,0.96,1567135440862
tap2,327,483,825,491.54486,893.5346,0.74,1567135441903
tap2,67,828,1032,861.2026,1146.4028,0.93,1567135442730
tap2,66,207,411,294.7271,420.78082,0.94,1567135443639
tap2,68,207,1032,276.74374,1050.4529,0.79999995,1567135444589
tap2,69,828,411,900.1665,417.7824,0.83,1567135445529
tap2,72,207,963,239.77798,979.4898,0.79999995,1567135446489
tap2,73,828,342,905.16187,345.8199,0.90999997,1567135447439
tap2,70,207,342,243.77429,393.7949,0.83,1567135448409
tap2,71,828,963,845.2174,966.4966,0.87,1567135449287
tap2,76,207,894,271.74838,925.51794,0.84,1567135450115
tap2,77,828,273,881.1841,299.8438,0.84999996,1567135451034
tap2,74,207,273,228.78816,313.83655,0.93,1567135451800
tap2,75,828,894,864.1998,941.5096,0.72999996,1567135452668
tap2,80,207,825,245.77243,881.54083,0.9,1567135453444
tap2,81,828,204,870.1943,233.87819,0.94,1567135454434
tap2,78,207,204,254.76411,237.8761,0.96,1567135455292
tap2,79,828,825,852.21094,867.54816,0.88,1567135456150
tap2,84,207,756,206.80852,751.6085,0.87,1567135456997
tap2,85,828,135,859.20447,178.90681,0.87,1567135458008
tap2,82,207,135,268.75116,161.91566,0.9,1567135458876
tap2,83,828,756,837.2248,806.5799,0.83,1567135459744
tap2,89,621,618,673.3765,606.684,0.9,1567135460898
tap2,88,0,1239,71.933395,1228.3602,0.65,1567135462072
tap2,87,621,1239,723.33026,1261.343,0.88,1567135462961
tap2,86,0,618,123.88529,634.66943,0.9,1567135463982
tap2,305,483,1515,521.5171,1521.2076,0.79999995,1567135464983
tap2,33,690,549,714.33856,574.7007,0.90999997,1567135465963
tap2,304,483,549,502.5347,612.6809,0.9,1567135466729
tap2,215,690,1515,733.321,1532.2019,0.87,1567135467750
tap2,309,552,618,611.43384,626.6736,0.91999996,1567135468649
tap2,308,345,1584,396.63275,1628.152,0.79999995,1567135469640
tap2,307,552,1584,616.42926,1637.1473,0.75,1567135470692
tap2,306,345,618,362.6642,665.65326,0.84,1567135471713
tap2,258,345,204,399.62997,230.87975,0.95,1567135472642
tap2,331,483,894,540.4995,910.52576,0.93,1567135473602
tap2,330,345,894,419.61148,912.5247,0.94,1567135474368
tap2,264,483,204,547.49304,246.87141,0.95,1567135475409
tap2,223,621,1584,682.36816,1649.141,0.84999996,1567135476717
tap2,310,414,618,467.56708,603.68555,0.94,1567135477646
tap2,89,621,618,696.3552,643.66473,0.89,1567135478504
tap2,311,414,1584,459.57446,1619.1566,0.9,1567135479454
tap2,261,552,204,602.4422,238.87558,0.87,1567135480444
tap2,322,345,756,350.6753,774.59656,0.89,1567135481506
tap2,262,414,204,482.5532,259.86465,0.98999995,1567135482773
tap2,333,552,894,598.44586,884.5393,0.89,1567135483580
tap2,312,483,618,522.5162,652.66003,0.89,1567135484468
tap2,225,690,1584,735.31915,1568.1832,0.82,1567135485397
tap2,93,690,618,761.2951,667.6522,0.89,1567135486153
tap2,313,483,1584,535.50415,1634.1488,0.94,1567135487144
tap2,91,690,1239,768.28864,1255.3462,0.9,1567135488206
tap2,90,69,618,160.85106,613.68036,0.89,1567135489258
tap2,93,690,618,780.2775,669.6512,0.83,1567135490034
tap2,92,69,1239,97.90935,1262.3425,0.68,1567135490922
tap2,108,276,963,340.68454,995.4815,0.87,1567135491944
tap2,109,897,342,909.1582,359.8126,0.9,1567135492853
tap2,106,276,342,322.7012,360.81207,0.93,1567135493793
tap2,107,897,963,889.1767,1003.47736,0.84999996,1567135494855
tap2,100,276,1101,309.71323,1140.406,0.78999996,1567135495692
tap2,101,897,480,983.0897,484.74753,0.89,1567135496591
tap2,99,897,1101,936.13324,1126.4133,0.82,1567135497551
tap2,98,276,480,337.68732,514.7319,0.94,1567135498490
tap2,105,897,411,918.14984,428.77667,0.84999996,1567135499542
tap2,104,276,1032,313.70953,1106.4237,0.83,1567135500430
tap2,102,276,411,349.67624,427.7772,0.93,1567135501605
tap2,103,897,1032,935.13416,1099.4274,0.82,1567135502565
tap2,97,897,549,928.1406,546.7152,0.91999996,1567135503576
tap2,96,276,1170,341.68362,1171.3899,0.82,1567135504455
tap2,94,276,549,304.71786,548.7142,0.88,1567135505364
tap2,95,897,1170,887.1785,1202.3738,0.88,1567135506314
tap2,111,897,894,941.1286,941.5096,0.77,1567135507141
tap2,110,276,273,372.65494,253.86777,0.95,1567135508101
tap2,112,276,894,299.72247,940.51013,0.90999997,1567135508979
tap2,113,897,273,939.13043,302.84225,0.98999995,1567135510051
tap2,116,276,825,300.72156,829.56793,0.88,1567135510991
tap2,117,897,204,919.1489,231.87923,0.97999996,1567135512042
tap2,114,276,204,375.65216,245.87193,0.98999995,1567135512962
tap2,115,897,825,925.1434,908.5268,0.84,1567135513912
tap2,119,897,756,915.15265,780.59344,0.84,1567135514820
tap2,118,276,135,329.69473,172.90994,0.97999996,1567135515903
tap2,121,897,135,982.09064,165.91359,0.9,1567135516832
tap2,120,276,756,293.72803,812.5768,0.85999995,1567135517721
tap2,152,0,894,85.92044,937.5117,0.81,1567135518629
tap2,213,621,1515,646.4015,1469.2347,0.84,1567135519600
tap2,212,0,1515,78.92692,1526.2051,0.78999996,1567135520550
tap2,151,621,894,704.34784,917.5221,0.90999997,1567135521592
tap2,56,69,825,76.92877,852.55597,0.88,1567135522490
tap2,205,690,1446,731.3229,1461.2389,0.78,1567135523624
tap2,204,69,1446,138.87141,1490.2238,0.74,1567135524482
tap2,55,690,825,765.2914,826.56946,0.82,1567135525319
tap2,24,138,825,184.82886,836.5643,0.78999996,1567135526106
tap2,207,759,1446,788.27014,1472.2332,0.81,1567135527127
tap2,206,138,1446,142.86772,1496.2207,0.75,1567135527944
tap2,23,759,825,804.2553,859.5523,0.82,1567135528823
tap2,80,207,825,233.78354,848.55804,0.76,1567135529619
tap2,209,828,1446,857.2063,1445.2472,0.59,1567135530651
tap2,208,207,1446,265.75394,1469.2347,0.74,1567135531519
tap2,79,828,825,883.18225,839.5627,0.81,1567135532622
tap2,115,897,825,956.1147,886.53827,0.88,1567135533919
tap2,210,276,1446,355.6707,1489.2244,0.76,1567135534889
tap2,116,276,825,325.69843,848.55804,0.89,1567135535798
tap2,211,897,1446,976.0962,1481.2285,0.81,1567135536687
tap2,203,621,1446,679.371,1490.2238,0.78,1567135537504
tap2,156,0,825,93.91304,856.55383,0.79999995,1567135538494
tap2,202,0,1446,88.91767,1472.2332,0.65,1567135539577
tap2,155,621,825,699.3525,846.5591,0.87,1567135540445
tap2,52,69,894,95.911194,957.5013,0.71999997,1567135541323
tap2,215,690,1515,717.3358,1539.1982,0.78999996,1567135542273
tap2,51,690,894,724.32935,890.53613,0.79999995,1567135543121
tap2,214,69,1515,115.89269,1515.2108,0.69,1567135544152
tap2,216,138,1515,148.86217,1551.192,0.78999996,1567135545082
tap2,19,759,894,794.2646,949.50543,0.88,1567135545940
tap2,217,759,1515,799.25995,1543.1962,0.85999995,1567135546849
tap2,20,138,894,193.82054,945.5075,0.87,1567135547850
tap2,141,621,480,668.3811,504.7371,0.89,1567135548984
tap2,140,0,1101,76.92877,1151.4003,0.71999997,1567135550097
tap2,138,0,480,115.89269,521.7283,0.87,1567135551588
tap2,139,621,1101,652.39594,1099.4274,0.79999995,1567135552732
tap2,142,0,411,75.929695,443.76886,0.91999996,1567135553947
tap2,143,621,1032,673.3765,1117.418,0.88,1567135554948
tap2,144,0,1032,44.958374,1076.4393,0.59999996,1567135555898
tap2,145,621,411,656.3922,437.77197,0.96,1567135556797
tap2,148,0,963,37.964848,1041.4575,0.55,1567135557828
tap2,149,621,342,682.36816,371.80634,0.9,1567135558870
tap2,147,621,963,640.40704,1037.4596,0.88,1567135559708
tap2,146,0,342,107.90009,355.81467,0.90999997,1567135561046
tap2,153,621,273,657.3913,302.84225,0.71999997,1567135562363
tap2,152,0,894,49.953747,929.51587,0.7,1567135563385
tap2,150,0,273,116.89177,333.8261,0.96999997,1567135564702
tap2,151,621,894,679.371,875.54395,0.82,1567135565632
tap2,266,345,273,385.6429,312.83707,0.98999995,1567135566582
tap2,267,552,1239,571.4709,1254.3467,0.85999995,1567135567470
tap2,269,552,273,610.4348,251.8688,0.96,1567135568696
tap2,268,345,1239,367.65958,1340.3019,0.79999995,1567135569564
tap2,271,414,1239,450.5828,1214.3674,0.87,1567135570381
tap2,153,621,273,630.41626,307.83966,0.90999997,1567135571423
tap2,270,414,273,487.54858,295.84592,1.01,1567135572322
tap2,87,621,1239,650.39777,1265.341,0.95,1567135573190
tap2,91,690,1239,729.3247,1301.3221,0.82,1567135573987
tap2,272,483,273,581.4616,267.86047,0.95,1567135574886
tap2,273,483,1239,549.4912,1263.3419,0.81,1567135575784
tap2,53,690,273,720.333,293.84695,0.91999996,1567135576632
tap2,277,552,342,580.4625,362.81104,0.98999995,1567135577613
tap2,276,345,1308,382.6457,1408.2665,0.88,1567135578512
tap2,274,345,342,430.6013,353.8157,0.93,1567135579411
tap2,275,552,1308,621.4246,1388.2769,0.75,1567135580217
tap2,183,621,1308,708.3441,1364.2894,0.82,1567135581269
tap2,278,414,342,459.57446,379.8022,0.95,1567135582127
tap2,149,621,342,667.3821,366.80893,0.95,1567135582996
tap2,279,414,1308,485.5504,1367.2878,0.84999996,1567135583894
tap2,281,483,1308,529.5097,1344.2998,0.87,1567135584661
tap2,49,690,342,774.2831,397.79282,0.96,1567135585784
tap2,280,483,342,533.50604,346.81937,1.01,1567135586602
tap2,185,690,1308,718.3349,1332.306,0.9,1567135587449
tap2,156,0,825,63.940796,853.5554,0.82,1567135588399
tap2,157,621,204,683.36725,237.8761,0.93,1567135589277
tap2,155,621,825,638.4089,864.5497,0.84999996,1567135590238
tap2,154,0,204,74.93062,248.87038,1.0,1567135591249
tap2,158,0,135,110.897316,165.91359,1.01,1567135592219
tap2,159,621,756,665.3839,856.55383,0.9,1567135593322
tap2,160,0,756,80.92507,698.6361,0.85999995,1567135594231
tap2,161,621,135,681.3691,120.93701,1.05,1567135595171
tap2,162,0,66,42.96022,111.941696,0.78,1567135596427
tap2,163,621,687,668.3811,703.6335,0.83,1567135597520
tap2,164,0,687,76.92877,691.6398,0.9,1567135598500
tap2,165,621,66,638.4089,72.962,0.96,1567135600723
tap2,169,897,66,953.1175,98.94846,0.95,1567135601830
tap2,168,276,687,321.70212,740.61426,0.84,1567135602739
tap2,166,276,66,331.69287,119.93753,0.9,1567135603924
tap2,167,897,687,930.1388,732.6184,0.84,1567135604823
tap2,170,138,618,146.86401,648.6621,0.89,1567135605640
tap2,171,759,1239,785.2729,1222.3633,0.9,1567135606641
tap2,173,759,618,758.29785,643.66473,0.85999995,1567135607867
tap2,172,138,1239,178.83441,1313.3159,0.78,1567135609082
tap2,177,828,618,848.2146,662.65485,0.83,1567135610052
tap2,176,207,1239,281.73914,1235.3566,0.74,1567135611023
tap2,174,207,618,247.77058,633.6699,0.71,1567135611972
tap2,175,828,1239,880.185,1237.3555,0.87,1567135612984
tap2,133,690,66,704.34784,102.94638,1.0,1567135614587
tap2,249,483,1032,530.5088,1048.4539,0.83,1567135615415
tap2,43,690,1032,748.3071,1082.4362,0.79999995,1567135616262
tap2,248,483,66,506.531,132.93076,0.95,1567135617672
tap2,251,552,1101,612.4329,1119.417,0.82,1567135618590
tap2,250,345,135,422.6087,170.91098,0.89,1567135619714
tap2,252,345,1101,378.6494,1120.4164,0.71999997,1567135620725
tap2,253,552,135,604.4403,168.91202,0.90999997,1567135621777
tap2,254,414,135,467.56708,133.93024,0.91999996,1567135622778
tap2,139,621,1101,668.3811,1110.4216,0.9,1567135623646
tap2,161,621,135,669.3802,108.94325,0.95,1567135624800
tap2,255,414,1101,453.58002,1121.4159,0.87,1567135625658
tap2,178,276,618,314.70862,657.6575,0.84999996,1567135626618
tap2,179,897,1239,948.12213,1277.3347,0.82,1567135627629
tap2,181,897,618,930.1388,659.65643,0.77,1567135628671
tap2,180,276,1239,315.70767,1284.331,0.81,1567135629611
tap2,132,69,687,114.893616,746.61115,0.84999996,1567135630530
tap2,185,690,1308,751.3043,1362.2904,0.87,1567135631490
tap2,184,69,1308,135.87419,1313.3159,0.72999996,1567135632328
tap2,131,690,687,728.3256,799.58356,0.84999996,1567135633237
tap2,127,759,687,771.2858,782.5924,0.9,1567135634085
tap2,187,759,1308,807.25256,1301.3221,0.89,1567135635014
tap2,186,138,1308,249.76874,1283.3315,0.76,1567135635821
tap2,126,138,66,170.84181,111.941696,1.05,1567135637230
tap2,123,828,687,932.1369,673.6491,0.77,1567135638191
tap2,188,207,1308,258.7604,1359.292,0.81,1567135639171
tap2,124,207,687,271.74838,696.63715,0.93,1567135640243
tap2,189,828,1308,863.20074,1332.306,0.84999996,1567135641398
tap2,317,552,687,603.4413,690.64026,0.82,1567135642409
tap2,316,345,1653,377.65033,1705.1119,0.76,1567135643389
tap2,314,345,687,355.6707,726.6215,0.85999995,1567135644370
tap2,315,552,1653,604.4403,1700.1145,0.79999995,1567135645534
tap2,266,345,273,389.63922,312.83707,0.91999996,1567135646627
tap2,335,483,963,512.52545,1024.4664,0.78999996,1567135647546
tap2,272,483,273,539.5005,295.84592,0.87,1567135648557
tap2,334,345,963,376.65125,989.4846,0.78999996,1567135649446
tap2,318,414,687,460.57355,714.6278,0.91999996,1567135650253
tap2,233,621,1653,617.4283,1720.1041,0.78,1567135651121
tap2,163,621,687,676.3737,695.6377,0.9,1567135652000
tap2,319,414,1653,461.57263,1678.126,0.89,1567135652827
tap2,269,552,273,560.481,335.82507,0.95,1567135653736
tap2,336,414,963,465.5689,1002.47784,0.79999995,1567135654543
tap2,337,552,963,677.3728,1017.47003,0.82,1567135655257
tap2,270,414,273,454.5791,306.84018,0.88,1567135656238
tap2,168,276,687,317.70584,740.61426,0.81,1567135657086
tap2,191,897,1308,880.185,1323.3108,0.79999995,1567135658026
tap2,167,897,687,900.1665,695.6377,0.84999996,1567135659221
tap2,190,276,1308,324.69934,1336.304,0.74,1567135660099
tap2,192,0,1377,97.90935,1410.2655,0.65,1567135661090
tap2,160,0,756,70.93432,777.595,0.81,1567135662111
tap2,193,621,1377,664.3848,1375.2837,0.75,1567135663173
tap2,159,621,756,699.3525,774.59656,0.87,1567135664093
tap2,194,69,1377,108.89917,1399.2711,0.72999996,1567135665441
tap2,59,690,756,690.3608,800.583,0.91999996,1567135666615
tap2,60,69,756,157.85384,792.58716,0.84999996,1567135667473
tap2,195,690,1377,747.30804,1419.2607,0.79999995,1567135668505
tap2,28,138,756,195.8187,777.595,0.90999997,1567135669547
tap2,197,759,1377,786.272,1384.2789,0.77,1567135670496
tap2,27,759,756,851.21185,777.595,0.84,1567135671354
tap2,196,138,1377,177.83534,1340.3019,0.77,1567135672416
tap2,84,207,756,213.80203,779.59393,0.74,1567135673325
tap2,199,828,1377,903.16376,1367.2878,0.71999997,1567135674306
tap2,83,828,756,849.2137,769.5991,0.76,1567135675399
tap2,198,207,1377,247.77058,1388.2769,0.77,1567135676410
tap2,200,276,1377,302.7197,1442.2488,0.83,1567135677319
tap2,119,897,756,918.14984,822.57153,0.83,1567135678545
tap2,120,276,756,312.71045,781.5929,0.85999995,1567135679352
tap2,201,897,1377,937.13226,1414.2634,0.81,1567135680210
tap2,242,345,66,370.6568,100.94742,0.94,1567135682058
tap2,347,966,687,1055.0232,734.6174,0.52,1567135683182
tap2,338,966,66,1036.0406,104.945335,0.71999997,1567135684479
tap2,314,345,687,416.61426,720.62463,0.87,1567135685399
tap2,322,345,756,391.6374,814.57574,0.89,1567135686195
tap2,339,966,135,961.1101,158.91722,0.84,1567135687145
tap2,348,966,756,994.0796,832.56635,0.74,1567135687932
tap2,250,345,135,374.6531,183.9042,0.89,1567135689004
tap2,258,345,204,414.6161,246.87141,0.88,1567135689954
tap2,349,966,825,986.087,800.583,0.79999995,1567135690884
tap2,340,966,204,1000.07404,239.87506,0.87,1567135691895
tap2,326,345,825,395.63367,859.5523,0.79999995,1567135692845
tap2,330,345,894,360.66605,924.51843,0.89,1567135693673
tap2,341,966,273,995.0786,299.8438,0.75,1567135694592
tap2,266,345,273,357.66882,286.8506,0.90999997,1567135695889
tap2,350,966,894,1015.0601,906.52783,0.77,1567135697482
tap2,76,207,894,209.80574,945.5075,0.87,1567135698351
tap2,219,828,1515,880.185,1535.2004,0.74,1567135699341
tap2,218,207,1515,262.7567,1546.1947,0.79999995,1567135700455
tap2,75,828,894,896.1702,916.52264,0.87,1567135701446
tap2,220,276,1515,327.6966,1491.2233,0.81,1567135702406
tap2,111,897,894,926.14246,887.5377,0.84999996,1567135703243
tap2,112,276,894,307.7151,940.51013,0.85999995,1567135704071
tap2,221,897,1515,958.11285,1514.2113,0.83,1567135704970
tap2,225,690,1584,728.3256,1609.1619,0.72999996,1567135706073
tap2,48,69,963,144.86586,972.49347,0.78999996,1567135707013
tap2,47,690,963,694.35706,1055.4503,0.83,1567135707963
tap2,224,69,1584,127.88159,1626.153,0.71999997,1567135709076
tap2,165,621,66,627.41907,176.90785,0.93,1567135710915
tap2,247,414,1032,497.5393,1035.4607,0.77,1567135711783
tap2,143,621,1032,700.3515,1126.4133,0.88,1567135712559
tap2,246,414,66,491.54486,83.95627,0.97999996,1567135713662
tap2,15,759,963,840.22205,932.5143,0.79999995,1567135714541
tap2,226,138,1584,170.84181,1622.155,0.78999996,1567135715501
tap2,227,759,1584,860.2035,1612.1603,0.69,1567135716390
tap2,16,138,963,168.84366,987.48566,0.83,1567135717329
tap2,72,207,963,227.7891,1016.4706,0.84,1567135718187
tap2,229,828,1584,853.21,1640.1458,0.78999996,1567135719178
tap2,71,828,963,857.2063,1040.4581,0.79999995,1567135720036
tap2,228,207,1584,243.77429,1607.1628,0.74,1567135721037
tap2,242,345,66,418.6124,122.93597,0.89,1567135722630
tap2,243,552,1032,624.4218,998.4799,0.78,1567135723489
tap2,244,345,1032,393.63553,1036.4602,0.83,1567135724398
tap2,245,552,66,590.4533,130.93181,0.94,1567135726267
tap2,148,0,963,87.918594,998.4799,0.77,1567135727646
tap2,223,621,1584,644.4033,1664.1332,0.84999996,1567135728576
tap2,147,621,963,667.3821,988.48517,0.84999996,1567135729291
tap2,222,0,1584,80.92507,1602.1655,0.65999997,1567135730261
tap2,252,345,1101,387.64108,1155.3982,0.79999995,1567135731180
tap2,344,966,480,993.0805,556.71,0.84,1567135731956
tap2,290,345,480,381.64664,519.7293,0.93,1567135732886
tap2,353,966,1101,922.1462,1181.3846,0.87,1567135734796
tap2,345,966,549,983.0897,609.68243,0.9,1567135735572
tap2,260,345,1170,462.5717,1147.4023,0.77,1567135736440
tap2,354,966,1170,974.0981,1182.3842,0.84999996,1567135737993
tap2,298,345,549,434.5976,571.7022,0.89,1567135738973
tap2,346,966,618,1015.0601,626.6736,0.75,1567135739841
tap2,268,345,1239,389.63922,1286.33,0.81,1567135740996
tap2,355,966,1239,932.1369,1268.3394,0.84999996,1567135741854
tap2,306,345,618,401.6281,644.66425,0.88,1567135742783
tap2,314,345,687,363.66327,750.609,0.69,1567135743713
tap2,356,966,1308,1005.0694,1344.2998,0.81,1567135744622
tap2,347,966,687,992.0814,685.6429,0.75,1567135745664
tap2,276,345,1308,405.62442,1304.3207,0.81,1567135746532
tap2,257,483,1101,506.531,1114.4196,0.81,1567135747421
tap2,61,690,135,748.3071,193.899,0.84999996,1567135748595
tap2,39,690,1101,712.34045,1149.4014,0.87,1567135749474
tap2,256,483,135,533.50604,152.92035,0.93,1567135750730
tap2,258,345,204,388.64014,221.88443,0.87,1567135751680
tap2,259,552,1170,636.4107,1196.3768,0.82,1567135753049
tap2,260,345,1170,374.6531,1208.3706,0.75,1567135753836
tap2,261,552,204,604.4403,209.89067,0.94,1567135755010
tap2,157,621,204,723.33026,204.89328,0.88,1567135755879
tap2,263,414,1170,435.59668,1250.3488,0.82,1567135756757
tap2,262,414,204,432.59946,233.87819,0.93,1567135757901
tap2,135,621,1170,680.37006,1234.357,0.78999996,1567135758780
tap2,244,345,1032,381.64664,1060.4476,0.77,1567135759525
tap2,361,966,1653,961.1101,1670.1301,0.71999997,1567135760486
tap2,352,966,1032,991.08234,1052.4518,0.83,1567135761374
tap2,316,345,1653,402.6272,1679.1254,0.82,1567135762570
tap2,282,345,411,402.6272,407.7876,0.90999997,1567135763509
tap2,283,552,1377,609.4357,1453.243,0.85999995,1567135764357
tap2,284,345,1377,360.66605,1444.2478,0.81,1567135765205
tap2,285,552,411,607.43756,458.76105,0.89,1567135766114
tap2,145,621,411,715.33765,439.77094,0.93,1567135766901
tap2,287,414,1377,467.56708,1379.2816,0.82,1567135767789
tap2,193,621,1377,705.3469,1417.2618,0.78999996,1567135768607
tap2,286,414,411,440.59204,390.79645,0.95,1567135769567
tap2,288,483,411,541.4986,451.7647,0.94,1567135770466
tap2,195,690,1377,748.3071,1489.2244,0.89,1567135771344
tap2,289,483,1377,515.52264,1416.2623,0.87,1567135772059
tap2,45,690,411,709.3432,408.78708,0.90999997,1567135773080
tap2,31,690,1170,711.3414,1257.3451,0.82,1567135773928
tap2,264,483,204,550.4903,251.8688,0.96,1567135774889
tap2,57,690,204,758.29785,253.86777,0.91999996,1567135775808
tap2,265,483,1170,538.5014,1185.3826,0.87,1567135776737
tap2,300,345,1515,401.6281,1547.1941,0.77,1567135777749
tap2,350,966,894,976.0962,890.53613,0.81,1567135778770
tap2,330,345,894,399.62997,933.5138,0.84,1567135779629
tap2,359,966,1515,1042.0352,1486.2258,0.53999996,1567135780834
tap2,351,966,963,993.0805,953.50336,0.78,1567135781876
tap2,308,345,1584,380.64755,1619.1566,0.79999995,1567135782795
tap2,360,966,1584,1020.0555,1593.1702,0.72999996,1567135783837
tap2,334,345,963,432.59946,970.4945,0.87,1567135784787
tap2,137,621,549,646.4015,593.6908,0.87,1567135785758
tap2,303,414,1515,424.60684,1571.1816,0.77,1567135786616
tap2,213,621,1515,648.39966,1535.2004,0.90999997,1567135787566
tap2,302,414,549,438.5939,591.69183,0.94,1567135788475
tap2,254,414,135,466.568,192.89952,0.84999996,1567135789466
tap2,329,552,825,614.4311,778.5945,0.85999995,1567135790314
tap2,253,552,135,594.4496,171.91046,1.0,1567135791243
tap2,328,414,825,444.58835,821.5721,0.88,1567135792224
tap2,334,345,963,372.65494,1024.4664,0.81,1567135793061
tap2,342,966,342,980.0925,339.823,0.88,1567135793889
tap2,274,345,342,379.64847,408.78708,0.9,1567135794900
tap2,351,966,963,972.0999,1015.47107,0.74,1567135796473
tap2,282,345,411,436.59573,405.78864,0.82,1567135797673
tap2,352,966,1032,1009.0657,1040.4581,0.71,1567135798669
tap2,343,966,411,1020.0555,442.76938,0.74,1567135799772
tap2,244,345,1032,418.6124,1072.4414,0.82,1567135800794
tap2,322,345,756,381.64664,809.5783,0.83,1567135801815
tap2,357,966,1377,1004.0703,1413.2639,0.75,1567135803020
tap2,348,966,756,1019.05646,737.6158,0.68,1567135803919
tap2,284,345,1377,423.6078,1400.2706,0.84999996,1567135805063
tap2,292,345,1446,349.67624,1482.228,0.79999995,1567135805880
tap2,349,966,825,995.0786,842.56116,0.85999995,1567135806881
tap2,326,345,825,279.74097,862.5507,0.88,1567135807749
tap2,358,966,1446,991.08234,1463.2379,0.77,1567135808832
tap2,131,690,687,760.296,659.65643,0.78,1567135809659
tap2,321,483,1653,531.5079,1660.1353,0.84999996,1567135810558
tap2,320,483,687,546.494,720.62463,0.91999996,1567135811559
tap2,235,690,1653,755.30066,1676.127,0.83,1567135812468
tap2,362,0,1722,83.922295,1739.0942,0.74,1567135813520
tap2,139,621,1101,659.38947,1098.4279,0.98999995,1567135814736
tap2,140,0,1101,75.929695,1136.4081,0.76,1567135815716
tap2,371,621,1722,619.42645,1785.0702,0.78,1567135816635
tap2,39,690,1101,778.27936,1110.4216,0.91999996,1567135817463
tap2,363,69,1722,138.87141,1713.1077,0.72999996,1567135818341
tap2,372,690,1722,768.28864,1768.0791,0.71999997,1567135819485
tap2,40,69,1101,87.918594,1121.4159,0.71,1567135820373
tap2,136,0,1170,70.93432,1199.3752,0.74,1567135821252
tap2,386,621,1791,655.3932,1856.0333,0.81,1567135822406
tap2,135,621,1170,694.35706,1228.3602,0.88,1567135823254
tap2,377,0,1791,85.92044,1811.0566,0.66999996,1567135824388
tap2,31,690,1170,754.3016,1185.3826,0.9,1567135825369
tap2,378,69,1791,151.85939,1800.0624,0.7,1567135826308
tap2,32,69,1170,149.86124,1176.3873,0.75,1567135827432
tap2,387,690,1791,728.3256,1801.0619,0.81,1567135828658
tap2,8,138,1101,200.81406,1116.4185,0.82,1567135829505
tap2,373,759,1722,833.2285,1775.0754,0.74,1567135830700
tap2,7,759,1101,788.27014,1131.4106,0.94,1567135831936
tap2,364,138,1722,207.80759,1742.0927,0.71,1567135832897
tap2,374,828,1722,867.197,1772.077,0.74,1567135833928
tap2,64,207,1101,230.78632,1167.392,0.82,1567135834827
tap2,365,207,1722,276.74374,1726.101,0.7,1567135835715
tap2,63,828,1101,813.247,1125.4138,0.89,1567135836645
tap2,379,138,1791,155.85568,1824.0499,0.71,1567135837472
tap2,3,759,1170,780.2775,1206.3717,0.95,1567135838248
tap2,4,138,1170,168.84366,1248.3497,0.75,1567135839137
tap2,388,759,1791,841.22107,1794.0656,0.7,1567135839974
tap2,380,207,1791,244.77336,1795.0651,0.69,1567135840822
tap2,35,828,1170,893.173,1174.3883,0.93,1567135841650
tap2,389,828,1791,852.21094,1778.0739,0.65999997,1567135842589
tap2,36,207,1170,259.7595,1159.3961,0.82,1567135843550
tap2,100,276,1101,307.7151,1095.4294,0.82,1567135844438
tap2,375,897,1722,926.14246,1791.0671,0.75,1567135845296
tap2,99,897,1101,956.1147,1141.4055,0.83,1567135846328
tap2,366,276,1722,284.73636,1778.0739,0.78,1567135847379
tap2,368,414,1722,426.605,1810.0573,0.79999995,1567135848370
tap2,159,621,756,678.3719,725.6221,0.79999995,1567135849616
tap2,371,621,1722,682.36816,1736.0957,0.77,1567135850495
tap2,324,414,756,480.55505,740.61426,0.88,1567135851588
tap2,96,276,1170,312.71045,1194.3779,0.76,1567135852558
tap2,390,897,1791,980.0925,1818.0531,0.74,1567135853457
tap2,95,897,1170,960.111,1158.3966,0.85999995,1567135854458
tap2,381,276,1791,325.69843,1777.0743,0.83,1567135855356
tap2,385,552,1791,592.4514,1826.0488,0.81,1567135856204
tap2,326,345,825,378.6494,868.5476,0.90999997,1567135857154
tap2,382,345,1791,368.65866,1844.0396,0.72999996,1567135858124
tap2,329,552,825,599.44495,854.5549,0.93,1567135859197
tap2,323,483,756,562.4792,772.5976,0.87,1567135860106
tap2,372,690,1722,737.3173,1763.0817,0.75,1567135860974
tap2,59,690,756,777.2803,790.5882,0.75,1567135862435
tap2,369,483,1722,533.50604,1755.0858,0.78,1567135863405
tap2,353,966,1101,988.0851,1119.417,0.84999996,1567135864764
tap2,367,345,1722,393.63553,1761.0828,0.84999996,1567135865601
tap2,252,345,1101,380.64755,1115.4191,0.84999996,1567135866449
tap2,376,966,1722,961.1101,1816.0541,0.71,1567135867317
tap2,383,414,1791,476.55875,1834.0447,0.7,1567135868154
tap2,155,621,825,698.3534,848.55804,0.84999996,1567135869145
tap2,328,414,825,476.55875,878.5424,0.87,1567135870003
tap2,386,621,1791,660.38855,1810.0573,0.74,1567135870892
tap2,55,690,825,742.3127,824.5705,0.88,1567135872015
tap2,384,483,1791,552.48846,1809.0577,0.84999996,1567135872873
tap2,327,483,825,508.52914,822.57153,0.90999997,1567135873701
tap2,387,690,1791,765.2914,1823.0504,0.7,1567135874548
drag1,2,368.65866,606.684,0.63,1635.6296929999999,64.81155064006732
drag1,3,664.3848,931.51483,0.68,1341.032462,69.39689920558078
drag1,4,668.3811,656.65796,0.65,891.598538,69.8516356420406
drag1,5,417.6133,881.54083,0.64,1755.746154,61.66376912755888
drag1,9,422.6087,788.58923,0.65,1073.4546149999999,69.14573892361211
drag1,17,688.8622,1053.4513,0.61,1327.868,62.732974499293015
drag1,16,394.6346,1085.4347,0.68,1104.109462,54.17784633204264
drag1,7,665.3839,780.59344,0.65999997,1758.659154,81.64682204634768
drag1,4,677.3728,681.64496,0.71,1441.206,77.5377902881452
drag1,10,431.60037,328.82874,0.81,1696.876616,92.11912485153583
drag1,2,375.65216,637.66785,0.64,1011.017538,35.07241684821339
drag1,11,701.3506,381.80115,0.65999997,1503.3316149999998,99.3256999764556
drag1,4,667.3821,620.6767,0.65,930.048462,57.84452765744236
drag1,18,405.62442,1168.3915,0.53,2138.080539,77.26527990861615
drag1,2,394.6346,657.6575,0.62,1186.22,80.19520224979053
drag1,19,657.3913,1254.3467,0.63,1225.4640769999999,53.08434346256991
drag1,13,709.4175,221.95876,0.59,1430.0378469999998,94.43165764436516
drag1,6,388.64014,486.74646,0.7,1616.4701539999999,70.28059331138486
drag1,12,440.59204,222.88391,0.68,1453.1090769999998,65.22303221835902
drag1,8,691.35986,532.72253,0.68,910.3848459999999,70.78470113658594
drag1,19,663.38574,1218.3654,0.63,1163.570692,67.01119409290173
drag1,22,384.64386,1467.2357,0.52,1112.61,58.18297571201028
drag1,18,394.6346,1235.3566,0.55,640.694385,79.11476220915328
drag1,23,656.3922,1477.2306,0.58,877.316923,80.34347138909231
drag1,14,417.6133,98.94846,0.66999996,1815.275154,57.300629427399144
drag1,11,681.3691,395.79385,0.76,1073.7726149999999,72.47040608137904
drag1,10,408.62164,378.8027,0.55,1030.78523,60.97638436111349
drag1,15,664.3848,68.96408,0.65999997,2673.912231,53.381825540716505
drag1,17,648.39966,1133.4097,0.72999996,1686.7548459999998,32.5013434173703
drag1,20,391.13785,1324.8099,0.59999996,1503.0644619999998,69.0346373452972
drag1,21,689.3617,1383.2795,0.65999997,1942.628385,27.043342994944727
drag1,16,377.65033,1100.3746,0.72999996,1399.3815379999999,68.8465883720313
drag1,24,269.75024,94.95055,0.9,1739.436462,61.47276840950156
drag1,26,558.4829,356.81415,0.90999997,1816.1280769999998,54.421840925367555
drag1,27,263.7558,376.80374,0.78999996,898.122,60.96312701053233
drag1,25,513.52454,89.95315,0.68,1245.111846,53.89739863339061
drag1,66,841.22107,1526.2051,0.7,1869.554539,36.82619924819928
drag1,41,517.5208,1236.3561,0.69,1307.517769,72.8005434698516
drag1,42,538.5014,1538.1989,0.69,1004.2109999999999,42.143579741006334
drag1,65,850.53265,1240.354,0.81,1315.9823079999999,62.464010136709724
drag1,36,257.76132,785.5908,0.65,1359.732154,93.01619519657464
drag1,38,487.54858,1084.4352,0.74,1207.474,66.75555367490335
drag1,39,253.76503,1088.4331,0.66999996,805.720615,56.96995538445464
drag1,37,560.481,822.57153,0.65,1397.610077,87.9548907516587
drag1,16,386.642,1089.4326,0.69,1206.34423,61.09598521101204
drag1,56,105.90195,1381.2805,0.64,1349.243,38.14184308276541
drag1,20,408.5402,1372.2039,0.69,1022.680846,58.152242199195456
drag1,53,119.88899,1007.4752,0.7,2399.991846,82.80915673982771
drag1,59,827.2341,251.8688,0.78999996,2423.936693,62.614888411209314
drag1,30,534.50507,524.7267,0.69,1308.2559999999999,68.54946524272918
drag1,29,570.4718,258.86517,0.72999996,1105.056846,79.86045359081106
drag1,60,795.2637,493.2431,0.71999997,1765.231769,73.80456963893562
drag1,33,522.5162,629.67206,0.74,1226.432693,50.1040500710435
drag1,62,816.2442,896.533,0.84999996,1555.2762309999998,62.13405203092495
drag1,61,832.22943,667.49567,0.63,1388.5015389999999,84.17514554475906
drag1,34,545.49493,944.50806,0.65999997,1524.6913849999999,40.72836705340198
drag1,6,419.61148,517.72736,0.75,1244.17123,56.44752579897802
drag1,48,96.91027,217.8865,0.85999995,1470.259308,91.79821859913775
drag1,12,444.58835,252.86829,0.85999995,963.0327689999999,93.37769455055748
drag1,49,107.90009,511.73346,0.63,989.0409999999999,36.823564400267934
drag1,51,128.88066,891.53564,0.72999996,1275.017231,49.82691343837934
drag1,2,388.64014,646.2542,0.66999996,1131.745307,62.23118222363226
drag1,5,374.6531,980.4893,0.58,1019.6271529999999,42.7941805738577
drag1,50,131.8779,639.6668,0.74,1223.88423,36.4071875530913
drag1,37,562.4792,726.6215,0.78,1683.2504609999999,76.3784330491767
drag1,64,774.2831,1079.4377,0.68,898.1649229999999,82.68590782929697
drag1,38,526.2514,1070.4425,0.71,948.016846,80.19919245727236
drag1,63,832.22943,785.09106,0.65999997,948.069539,88.39007185454305
drag1,29,536.7208,177.90733,0.75,1239.070462,130.05702700159694
drag1,31,251.76688,469.7553,0.69,1335.8527689999999,65.14396118318619
drag1,28,271.74838,238.87558,0.78999996,1360.154538,84.81170147758607
drag1,30,496.54025,503.7376,0.77,939.9381539999999,67.68967463643837
drag1,42,533.50604,1544.1957,0.69,2260.204154,72.05109971261214
drag1,40,281.7712,1223.3949,0.66999996,1388.87,90.61015058042304
drag1,41,512.60895,1246.3508,0.72999996,767.8566159999999,73.2423638704338
drag1,43,254.76411,1462.2384,0.59999996,1561.765384,74.20463873758116
drag1,45,239.98602,1403.269,0.65999997,900.779693,72.90103165203685
drag1,82,545.4519,1582.1328,0.59999996,1642.311616,72.16248413858821
drag1,80,224.79185,1654.1384,0.64,898.187769,76.03637031732045
drag1,44,573.51025,1366.2883,0.57,1315.727154,79.10266209636927
drag1,57,834.2276,60.968243,0.84999996,2616.232154,77.47003835193232
drag1,26,519.519,369.80737,0.7,1386.301539,110.27024761244233
drag1,58,804.2553,353.8157,0.85999995,777.942923,52.770123831197694
drag1,25,572.4699,83.95627,0.76,1592.3476919999998,70.81564882414584
drag1,64,813.247,1125.4138,0.85999995,1665.84977,38.51193997665585
drag1,44,562.4792,1317.3138,0.71999997,1605.061231,62.163649141395474
drag1,38,531.5079,1109.4221,0.79999995,922.513693,100.08227619844149
drag1,67,756.29974,1356.7935,0.58,1836.136538,55.78894583790452
drag1,9,400.62906,789.4645,0.62,1653.460231,71.86105557513716
drag1,53,103.90379,1042.457,0.84,1951.926462,53.29645288564538
drag1,16,399.62997,1121.4159,0.78999996,940.851154,58.70313079822914
drag1,52,134.87512,753.6075,0.65999997,1204.369,73.83368082914754
drag1,74,1004.0703,779.6964,0.78,1305.467077,81.5231948561272
drag1,17,664.3848,1010.4737,0.53999996,1041.090001,65.77631020664197
drag1,75,1039.038,1098.4279,0.81,622.4101529999999,104.19281385312803
drag1,7,698.85297,792.0874,0.7,1009.394461,89.22716043659557
drag1,70,973.5985,217.8865,0.83,878.05977,92.37602215635897
drag1,8,634.4126,515.7314,0.65,1163.588847,10.897399881362627
drag1,13,692.35895,233.87819,0.71,671.976769,63.837447971791136
drag1,71,968.10364,516.73083,0.77,1439.473692,53.60303355758774
drag1,78,926.14246,1366.2883,0.53,1235.282,70.73815721137802
drag1,83,668.3811,1654.1384,0.66999996,1694.6872309999999,49.125350674448036
drag1,21,662.38666,1397.8075,0.72999996,1217.645615,56.359400797089265
drag1,85,935.13416,1672.129,0.65,908.1826149999999,65.42122746232656
drag1,19,689.3617,1206.3717,0.78999996,1837.656847,47.85402848176085
drag1,77,948.12213,1480.229,0.77,960.7683079999999,38.25994124166054
drag1,76,936.13324,1494.2217,0.88,367.208615,227.12499172191684
drag1,23,687.3635,1493.1007,0.78999996,897.011,55.13662701479868
drag1,15,641.4061,45.97605,0.85999995,2410.532154,117.69776648649153
drag1,69,976.0962,380.80167,1.0,1247.355077,91.55792776094479
drag1,11,655.3932,370.80685,0.85999995,1020.7626919999999,54.07960986461254
drag1,68,938.21826,120.93701,0.85999995,1055.598769,47.33653442994617
drag1,21,688.3626,1400.2706,0.88,1888.9577689999999,46.575333528743705
drag1,75,632.4144,1499.2191,0.5,71.327846,437.00114416326187
drag1,17,681.3691,1093.4304,0.71999997,1387.967539,74.12996377035836
drag1,78,935.13416,1392.2748,0.90999997,858.712001,52.56866103246439
drag1,54,75.929695,1235.3566,0.59,1305.400154,52.21183228262975
drag1,22,390.6383,1533.2014,0.63,861.4036159999999,35.3573542374954
drag1,18,413.61703,1250.3488,0.78999996,1286.0759229999999,61.988142500688504
drag1,55,91.638794,1573.9038,0.87,981.435923,14.718255120384034
drag1,67,136.87326,1642.1447,0.58,40.299845999999995,745.9390055493814
drag1,82,526.5125,1586.1738,0.7,1959.1583079999998,67.13660972077757
drag1,84,807.25256,1609.1619,0.75,1399.296769,85.26561745702477
drag1,44,509.52823,1366.7881,0.71999997,1367.9189999999999,83.08205773554906
drag1,38,552.48846,1042.457,0.85999995,1288.178923,65.44710980671465
drag1,45,217.79834,1334.305,0.61,1233.976077,53.14977407618259
drag1,44,503.925,1359.9001,0.71,713.168,79.98331426493537
drag1,39,224.79185,1047.4545,0.87,857.200615,65.27034843824268
drag1,56,79.925995,1358.2925,0.61,815.222308,67.76552849700161
drag1,81,353.62958,1645.4225,0.69,888.7716919999999,99.3530058654507
drag1,20,396.63275,1350.2966,0.65,692.7326919999999,78.90771634429562
drag1,79,98.90842,1597.1681,0.61,959.3975379999999,67.90809476826712
drag1,33,561.4801,635.6689,0.65,1306.694231,91.46005187453437
drag1,35,235.78168,933.5138,0.81,1070.406307,50.45619030948864
drag1,34,533.0065,920.02075,0.72999996,896.888615,91.87141302403246
drag1,32,257.46637,631.37585,0.82,1203.460615,62.197511288922435
drag1,9,391.6374,697.63666,0.7,1492.535461,100.25642252704793
drag1,8,710.3423,475.7522,0.72999996,899.5971539999999,112.08105925421147
drag1,6,381.64664,495.7418,0.78,988.585461,79.46652651891131
drag1,7,687.3635,765.60126,0.71999997,1050.204924,79.48520361335972
drag1,14,398.6309,51.97293,0.82,1256.2240769999999,98.47837007151549
drag1,47,68.93617,414.78397,0.89,1401.676,15.202733635865325
drag1,46,115.52778,96.632286,0.90999997,789.072923,71.37579462123105
drag1,10,387.64108,335.82507,0.85999995,886.981231,46.943969135716664
drag1,4,662.38666,650.6611,0.75,959.5063839999999,111.13024856045062
drag1,73,926.14246,917.5221,0.72999996,835.687692,57.45896384602127
drag1,72,964.1073,643.66473,0.52,816.382,46.09165828331123
drag1,3,677.3728,902.5299,0.64,1315.631615,72.97596982757227
