drag1,2,376.65125,694.6382,1.4699999,3931.0178459999997,68.00451277268394
drag1,3,657.3913,930.5153,1.22,4108.959693,64.1182371727347
drag1,4,703.34875,632.6705,1.4,3794.405154,89.60897181155403
drag1,5,404.3044,915.88055,1.67,3416.252154,96.88624233279843
drag1,9,351.67438,756.6059,1.49,3300.981077,79.75129468554627
drag1,17,625.4209,1092.431,1.0799999,4982.565923,71.24642992993935
drag1,16,411.61887,1030.4633,2.1499999,3795.4460769999996,71.11463195762313
drag1,7,666.383,781.5929,1.63,5725.760462,75.82338415092076
drag1,4,695.35614,662.65485,1.4,4003.5260009999997,70.92151634233196
drag1,10,377.65033,370.80685,1.9699999,4204.830769,72.61168573860395
drag1,2,403.62628,614.6798,1.8499999,3563.966078,87.47277178765444
drag1,11,724.32935,331.82718,2.08,3615.522924,79.02873244387592
drag1,4,660.38855,694.6382,1.17,2641.7714619999997,63.24998102136585
drag1,18,410.6198,1222.3633,1.37,3247.210924,64.26984312839336
drag1,2,420.601,612.6714,1.8299999,5444.619769999999,75.77556268029096
drag1,19,700.3515,1153.3993,1.76,5436.3192309999995,67.77580854517292
drag1,13,699.46674,222.40825,1.81,4090.3213849999997,89.90516802825643
drag1,6,385.6429,544.7163,1.4399999,5572.8493849999995,61.155169071041875
drag1,12,417.6133,236.87662,1.9599999,2715.428923,70.38846959837969
drag1,8,695.35614,452.76416,1.4599999,4660.055846,74.90023316337938
drag1,19,653.395,1210.3696,1.5799999,4735.319769,62.419438256074706
drag1,22,428.60315,1507.215,1.4499999,3974.0502309999997,63.25913689854546
drag1,18,422.6087,1170.3904,2.1299999,3472.4679229999997,76.34039662390833
drag1,23,697.3543,1451.2441,1.1999999,2966.745,57.586012731702745
drag1,14,411.05637,87.48984,2.1499999,5349.2337689999995,69.59696964035335
drag1,11,663.38574,369.80737,1.8199999,4204.508615,74.12241404010241
drag1,10,401.1199,336.57034,1.64,3836.570001,88.59676830421701
drag1,15,661.38763,85.95523,2.01,4262.098462,78.4779030870258
drag1,17,665.3839,1100.4269,1.36,6408.251923,60.56905335174559
drag1,20,408.62164,1399.2711,1.37,4223.476462,72.11034177749941
drag1,21,689.3617,1352.6925,1.42,3712.860077,64.10772023214223
drag1,16,991.08234,1282.332,1.06,7227.011154,610.4444959933294
drag1,24,233.284,77.9594,1.51,4863.924538,123.41798664830009
drag1,26,539.5005,362.81104,1.4699999,3399.397923,69.16790690739482
drag1,27,251.76688,345.8199,1.35,2855.323077,67.07088365712916
drag1,25,555.2545,67.50212,1.7099999,4124.8102309999995,71.41764884870179
drag1,66,826.235,1470.2343,1.18,4594.317846,75.78072228899313
drag1,41,849.2137,1565.1848,0.75,18.712460999999998,397.4166579296847
drag1,42,554.4866,1480.229,1.89,2946.263462,62.45311871537064
drag1,65,810.24976,1242.3529,1.28,3815.238923,59.932487633630956
drag1,36,251.76688,784.5914,1.1899999,4635.850461999999,86.74020134431701
drag1,38,518.3572,1012.7282,1.24,3172.658001,67.67723257099459
drag1,39,266.75302,1084.4352,1.36,2328.7941539999997,68.00246763376433
drag1,37,525.5134,789.58875,1.8299999,4371.758693,72.5421555579415
drag1,16,412.61795,1080.4373,1.15,3096.5919999999996,73.17152185086158
drag1,56,108.89917,1342.3009,1.4699999,3574.2990769999997,78.27712970634349
drag1,20,414.6161,1340.3019,1.16,5470.530076999999,73.90074713770414
drag1,53,121.887146,1062.4467,1.53,4319.850692999999,78.60963835665143
drag1,59,816.2442,199.89589,1.4499999,4336.754154,68.38074331270349
drag1,30,575.46716,477.75116,1.54,2167.544231,79.10865611437805
drag1,29,530.5088,250.86934,1.37,4232.248539,65.8911847313451
drag1,60,828.2331,518.7298,1.3199999,4144.484616,72.11619776611448
drag1,33,524.51434,659.65643,1.4699999,3366.5023079999996,71.07771083466781
drag1,62,862.20166,969.49506,1.4699999,3400.7752309999996,58.242477277377695
drag1,61,840.72156,687.1421,1.25,3234.186154,63.315347126653705
drag1,34,960.111,1359.292,0.62,3885.6446929999997,530.3107669502225
drag1,6,390.6383,576.0627,1.54,4884.682231,62.517634692499136
drag1,48,121.887146,194.89848,1.8199999,4196.957077,87.23097739093498
drag1,12,404.93423,175.98724,2.21,5607.262922999999,75.31328877125421
drag1,49,92.91397,472.75375,1.74,3647.182923,79.43352955860018
drag1,51,72.93247,918.5216,1.09,3391.7583849999996,70.37887853906547
drag1,2,375.65216,612.6809,1.51,3071.390923,99.6742770267852
drag1,5,390.6383,961.4992,1.43,3835.9211539999997,68.13822085586409
drag1,50,112.89547,638.66736,1.23,2859.101308,86.25178736653072
drag1,37,542.4977,777.595,1.39,3462.406231,72.2490746758945
drag1,64,842.22015,1109.4221,1.4599999,3300.417,63.949652994231194
drag1,38,540.4995,1100.4269,1.18,3149.201846,79.96072615489321
drag1,63,823.23773,798.58405,1.89,5020.564230999999,80.14531602992147
drag1,29,543.49677,224.88287,1.63,3863.537539,84.770018986717
drag1,31,484.55133,356.81415,1.4499999,1051.892924,359.5350934578026
drag1,28,288.87732,238.58617,1.52,3326.2941539999997,70.2465914406255
drag1,30,563.2667,472.90674,1.8,4310.0993849999995,79.97240123418496
drag1,42,523.51526,1455.2421,1.3299999,4781.0563839999995,70.94714685460315
drag1,40,268.75116,1212.3685,1.4599999,3680.573615,75.96091432628927
drag1,41,540.4995,1175.3878,1.73,3003.094847,82.96235686671857
drag1,43,266.75302,1555.19,1.31,3755.826001,66.16312400857005
drag1,45,276.68356,1361.2308,1.56,4447.208077,73.94716657570103
drag1,82,551.4894,1693.1182,1.4499999,3330.314462,60.6875412050959
drag1,80,284.73636,1676.127,1.28,2704.29,70.98178102832182
drag1,44,526.5125,1433.2534,1.03,4058.482231,56.586405964078736
drag1,57,743.31177,895.53357,0.98999995,1735.5979229999998,740.5402484172772
drag1,26,561.4801,401.74988,1.74,4039.5149229999997,67.74990824359095
drag1,58,851.21185,371.80634,1.28,3482.7763849999997,71.96730090322045
drag1,25,569.9226,96.400055,1.7099999,3810.254692,66.50608766504337
drag1,64,836.2257,1085.4347,1.1,3111.7889999999998,80.48632492663052
drag1,44,568.47363,1398.2717,1.1,2679.666308,70.19712290281412
drag1,38,533.50604,1102.4258,1.24,2735.322846,75.91851143033321
drag1,67,821.2396,1319.3129,1.62,3339.7264619999996,60.56029733042406
drag1,9,442.5902,833.56586,1.6999999,6918.702847,55.18345791631968
drag1,53,94.91212,1004.4768,1.43,3299.188693,77.7787194925673
drag1,16,422.6087,1010.45276,1.16,3012.656462,83.11498562689638
drag1,52,108.89917,770.59863,1.93,3022.343077,70.8429778814833
drag1,74,986.087,751.6085,1.5,4483.7032309999995,78.3504758711087
drag1,17,706.346,1070.7898,1.4699999,4249.992077,82.18148791679778
drag1,75,982.09064,1057.4492,1.1999999,2209.482,77.11385164880342
drag1,7,703.34875,757.6054,1.48,4209.9469229999995,83.81524262934155
drag1,70,1008.96277,265.8615,1.22,3103.6070769999997,67.90743712768051
drag1,8,670.3793,573.7012,1.4699999,3104.5772309999998,64.2258052837263
drag1,13,711.3414,258.86517,1.18,2849.598385,75.97464429267664
drag1,71,995.0786,501.73868,1.6999999,4480.272231,62.73192923210115
drag1,78,994.56415,1355.264,1.0699999,3124.681462,64.60105084887746
drag1,83,705.3469,1647.1421,1.2099999,3924.0025389999996,65.28682210930197
drag1,21,705.3469,1347.2982,1.89,3220.0783079999997,74.87123593764537
drag1,85,974.0981,1669.1306,1.38,3194.7190769999997,57.12563845168253
drag1,19,709.3432,1217.366,1.3199999,2964.880385,70.73769060565338
drag1,77,959.11194,1483.2274,1.28,4210.335077,77.66631223597248
drag1,76,966.10547,1282.332,1.3399999,2852.918308,63.022632287427136
drag1,23,677.3728,1513.2118,1.16,4751.518,62.22830387718328
drag1,15,714.33856,97.21987,1.68,5940.302616,48.034361164383775
drag1,69,995.0786,328.82874,1.79,2840.279154,71.10643805832466
drag1,11,704.34784,365.80948,1.27,3169.758616,50.48760180438566
drag1,68,974.6303,100.48033,1.8499999,2685.7071539999997,53.586610571984394
drag1,21,695.35614,1399.2711,1.24,4101.315539,51.67118213366099
drag1,75,1006.0685,1045.4554,1.68,2674.229308,91.81122100965698
drag1,17,730.3238,1097.4283,1.22,2573.735616,57.31026789222876
drag1,78,957.1138,1359.292,1.24,2975.386231,68.44187133634959
drag1,54,113.89455,1211.369,1.29,4593.225385,72.94137063300488
drag1,22,396.17722,1453.559,1.92,3128.9139999999998,79.66116977885473
drag1,18,407.62256,1242.3529,1.4699999,3029.434539,61.22453552423205
drag1,55,117.89084,1486.2258,1.4399999,2809.239,68.44433649332584
drag1,67,861.2026,1396.2727,1.23,2840.375846,75.59485282119134
drag1,82,554.4866,1687.1212,1.23,4221.845385,76.1490676533276
drag1,84,837.72437,1666.6321,1.37,2613.176,70.47301453981464
drag1,44,567.47455,1375.2837,1.03,3778.054924,62.860593768345105
drag1,38,539.5005,1050.4529,1.42,3399.405923,69.87624181154074
drag1,45,290.7308,1330.3071,1.41,4219.334924,66.41318171563654
drag1,44,555.48566,1356.2936,1.28,2561.228384,63.22815097731027
drag1,39,256.26276,1142.405,1.3,4203.616000999999,70.93743868596204
drag1,56,124.88437,1330.3071,1.86,2271.0380769999997,62.90063550546374
drag1,81,421.60962,1605.164,1.87,2547.721615,63.13874283149914
drag1,20,422.6087,1343.3003,1.4499999,3053.885616,70.2685489316634
drag1,79,128.88066,1601.166,1.6999999,2807.179077,67.17302006231013
drag1,33,569.4727,623.6752,1.68,4152.405001,87.4324749515591
drag1,35,288.73267,924.29285,1.5899999,2565.551539,79.67732749827597
drag1,34,542.4977,905.5283,1.9799999,4277.839846,74.06311755429029
drag1,32,563.4783,943.50854,1.4599999,581.003154,401.7596860552865
drag1,9,546.494,1049.4534,1.3199999,1255.076846,212.18927197555678
drag1,8,710.3423,543.7168,1.74,3728.499,91.69818397807511
drag1,6,419.61148,491.74387,1.4699999,2828.944615,71.97652990536763
drag1,7,700.3515,808.57886,1.5999999,4322.179768999999,67.13009343644408
drag1,14,398.6309,106.9443,1.8199999,3659.7636159999997,92.41427514594191
drag1,47,98.90842,381.80115,1.79,2755.227462,67.15042882064964
drag1,46,109.89824,115.93961,1.8299999,2566.9342309999997,68.54716263245247
drag1,10,424.60684,362.81104,1.65,2314.969924,74.14598006197625
drag1,4,709.3432,620.6767,1.0699999,2085.6464619999997,60.61745238525888
drag1,73,933.136,909.52625,1.61,3424.3631539999997,78.28334915964301
drag1,72,1001.07306,670.6507,1.73,2471.780769,89.80999773034038
drag1,3,708.3441,938.51117,1.68,2731.279,69.18048164632363
scale1,27,-19.803474,3389.203231
scale1,46,3.6176262,4922.325538
scale1,26,-25.634726,3718.223385
scale1,4,9.618187,1664.6212309999999
scale1,43,-11.143604,3276.376077
scale1,25,-19.035221,2504.249154
scale1,42,-30.21532,2755.6959229999998
scale1,23,-37.24566,3789.980078
scale1,5,-26.431835,1347.705462
scale1,24,0.06337738,4900.695154
scale1,19,0.06337738,3.9859229999999997
scale1,2,188.19476,1806.8500769999998
scale1,44,-11.622711,2973.334923
scale1,65,-34.879517,5065.458308
scale1,45,-29.326887,1554.522154
scale1,28,-20.846008,3287.170231
scale1,13,-9.6381855,2267.245077
scale1,56,-26.12511,1612.101308
scale1,40,-10.00585,2411.1413079999998
scale1,41,-20.37739,2329.549846
scale1,6,-44.73703,2074.678538
scale1,51,-44.73703,101.41223099999999
scale1,36,-72.08238,467.18369199999995
scale1,21,-44.534676,2479.4620769999997
scale1,8,-39.577576,2909.719847
scale1,57,-23.048887,1144.226077
scale1,39,-41.50415,2817.576769
scale1,9,-47.38745,2196.208
scale1,58,-36.262264,2765.612538
scale1,47,0.7432251,3104.778616
scale1,1,-17.177639,1971.881308
scale1,35,22.864746,1115.228077
scale1,3,-61.3004,1757.216538
scale1,17,-46.90709,1388.195307
scale1,53,-12.606228,1063.273385
scale1,34,-5.5538464,2693.252154
scale1,18,-45.03984,1877.935
scale1,50,-54.80358,1674.4969999999998
scale1,62,-25.826832,2849.858539
scale1,66,-22.736103,3237.886385
scale1,20,-4.6721935,2233.4766919999997
scale1,37,-19.679174,3656.546461
scale1,32,-24.843246,3236.413693
scale1,31,-29.036024,4014.427385
scale1,49,-33.882576,2020.647616
scale1,7,-19.502089,3737.814692
scale1,15,-12.322472,5442.487155
scale1,10,-16.202774,2175.788384
scale1,60,-22.820011,2023.310385
scale1,63,-22.316734,3071.669077
scale1,59,7.026821,1274.8639229999999
scale1,55,-11.138266,3740.413616
scale1,14,-41.32799,3339.650077
scale1,12,-33.52648,3336.9133079999997
scale1,54,-0.11372566,3041.5596149999997
scale1,52,-19.408808,2954.0564609999997
scale1,48,-9.553797,3966.4276919999998
scale1,30,-12.450617,1297.352077
scale1,16,-22.53119,4004.252923
scale1,11,-19.17988,3123.5477699999997
scale1,61,-5.7395153,2410.668385
scale1,38,-5.7395153,1.385077
scale1,29,-18.664055,2591.759231
scale1,64,-18.664055,1.363616
scale1,22,-37.5833,4428.542155
scale1,33,-72.744255,3544.973154
scale2,25,-464.84268,9953.995309
scale2,9,-459.90857,4073.948077
scale2,28,-31.42801,4195.461923
scale2,10,-453.7983,2950.380615
scale2,25,-24.69738,4878.857153999999
scale2,9,-447.67654,4593.40377
scale2,28,-43.280838,4878.572923
scale2,10,-467.05856,5778.595230999999
scale2,29,-27.430218,4696.275539
scale2,12,-49.754852,5164.885154
scale2,30,-5.637005,3636.932616
scale2,13,-466.45886,3248.403692
scale2,32,-11.0366535,2316.989462
scale2,15,154.6989,1120.826538
scale2,34,-565.8244,5137.899077
scale2,17,-562.3732,4095.5698469999998
scale2,25,0.0,977.641
scale2,25,-48.0437,3564.8892309999997
scale2,9,-43.42611,2064.470154
scale2,28,-43.130093,5102.922308
scale2,10,5.008209,2746.0439229999997
scale2,29,-68.330696,5523.835923
scale2,12,-503.56036,2766.690462
scale2,30,-49.44203,3195.094616
scale2,13,-465.36115,3430.6268459999997
scale2,32,-45.85034,2018.975923
scale2,15,-41.68103,2258.789846
scale2,34,-463.28793,5259.047538
scale2,17,-463.1339,191.149846
scale2,1,-463.1339,621.2190009999999
scale2,20,13.08795,17865.153155
scale2,25,-73.08182,3768.149692
scale2,9,-471.1929,2500.717615
scale2,25,-76.360115,2861.9623079999997
scale2,9,-33.2169,2189.646077
scale2,28,-60.60048,3686.998
scale2,10,-55.906666,3174.9139999999998
scale2,29,-62.769478,4327.186461
scale2,12,-38.85894,3297.2123079999997
scale2,30,-50.883537,4554.073846
scale2,13,-504.03815,3613.4026919999997
scale2,32,-110.4201,4949.199308
scale2,15,-10.870422,2216.617154
scale2,34,-20.481428,2575.561077
scale2,17,-59.783546,5992.506923999999
scale2,1,-114.48587,4030.714154
scale2,20,-49.776066,4299.646307999999
scale2,3,-79.512405,7462.117077999999
scale2,24,-51.67051,4144.222538999999
scale2,16,-41.585167,7401.431
scale2,2,-22.085707,5849.916231
scale2,23,-77.57421,4431.244
scale2,7,-37.113922,4613.840999999999
scale2,11,-36.966763,3207.3146159999997
scale2,14,-68.357635,4236.329616
scale2,26,-18.12121,3470.8374609999996
scale2,35,-32.802612,4116.096
scale2,21,20.56382,5545.550462
scale2,22,-55.439507,6790.265230999999
scale2,27,-65.50943,2930.597692
scale2,36,-54.35595,3184.5598459999997
scale2,31,6.6600723,3372.161769
scale2,19,-58.3793,6597.464846999999
scale2,4,-25.226915,7904.693461999999
scale2,8,-431.97687,1979.1882309999999
scale2,5,-61.720413,4229.103923
scale2,33,-222.44199,4991.279154
scale2,18,-61.575016,3287.86377
scale2,6,-464.87616,3632.2280769999998
rotate1,9,-1.7884569,7533.458538999999
rotate1,4,-0.6040373,2299.727308
rotate1,13,-0.6040373,42.128845999999996
rotate1,9,0.819067,3789.579308
rotate1,4,1.873455,2939.988923
rotate1,13,1.873455,31.851231
rotate1,9,-1.0377274,2889.586154
rotate1,4,-0.4582939,2676.187539
rotate1,13,-1.8797417,4827.779385
rotate1,6,-4.186393,1920.5201539999998
rotate1,15,-0.7796259,1655.559769
rotate1,2,3.359312,1776.883077
rotate1,10,-0.4403944,1746.873539
rotate1,5,1.1931381,1430.183769
rotate1,14,-1.0371094,1532.940077
rotate1,8,0.8054886,2135.908
rotate1,11,0.55036545,2256.5594619999997
rotate1,7,1.6193352,1600.4793849999999
rotate1,1,-2.3294516,1766.444
rotate1,12,1.3394432,1520.609385
rotate1,3,-4.580345,1593.7446929999999
rotate2,2,-2.1730652,8321.400462
rotate2,13,5.0806427,3440.14477
rotate2,8,-75.0,144.591154
rotate2,3,-72.240654,304.672462
rotate2,7,2.1060638,3029.720692
rotate2,12,5.2319794,4307.667077
rotate2,1,3.3767014,4369.464000999999
rotate2,11,0.3059616,3469.690846
rotate2,6,-0.44761658,3552.2905389999996
rotate2,10,0.28705597,3736.1800009999997
rotate2,5,-2.8006287,4684.772154
rotate2,15,-10.377983,4612.967539
rotate2,9,-1.2717896,3870.133077
rotate2,4,-31.35038,4440.929692
rotate2,14,-2.9557266,3041.184385
tap1,2,288,642,430.6013,736.61633,1.9799999,1567158405446
tap1,3,576,930,661.38763,979.4898,1.4599999,1567158406275
tap1,4,576,642,700.3515,681.64496,1.5699999,1567158407111
tap1,5,288,930,404.62534,973.4929,1.3299999,1567158407917
tap1,9,288,786,400.62906,825.57,1.35,1567158408682
tap1,17,576,1074,607.43756,1153.3993,1.38,1567158409519
tap1,16,288,1074,358.6679,1087.4336,1.5899999,1567158410345
tap1,7,576,786,716.33673,799.58356,1.63,1567158411131
tap1,4,576,642,687.3635,725.6221,1.54,1567158412060
tap1,10,288,354,384.64386,424.77875,1.53,1567158412896
tap1,2,288,642,383.64478,692.6392,1.52,1567158413692
tap1,11,576,354,718.3349,437.77197,1.88,1567158414529
tap1,4,576,642,677.3728,746.61115,1.53,1567158415345
tap1,18,288,1218,377.65033,1287.3295,1.4599999,1567158416213
tap1,2,288,642,413.61703,717.6262,1.55,1567158417039
tap1,19,576,1218,612.4329,1288.329,1.31,1567158417814
tap1,13,576,210,663.38574,409.78656,1.4699999,1567158418702
tap1,6,288,498,371.65588,548.7142,1.4599999,1567158419559
tap1,12,288,210,390.6383,258.86517,1.67,1567158420355
tap1,8,576,498,680.37006,533.722,1.5,1567158421182
tap1,19,576,1218,646.4015,1290.3279,1.12,1567158422039
tap1,22,288,1506,382.6457,1585.1743,1.5999999,1567158422896
tap1,18,288,1218,438.5939,1294.3258,1.43,1567158423742
tap1,23,576,1506,649.3987,1601.166,1.29,1567158424569
tap1,14,288,66,373.65402,164.91411,1.86,1567158425936
tap1,11,576,354,664.3848,448.76627,1.62,1567158426844
tap1,10,288,354,353.67252,438.77145,1.93,1567158427681
tap1,15,576,66,683.36725,126.93388,1.4699999,1567158428446
tap1,17,576,1074,701.3506,1082.4362,1.54,1567158429283
tap1,20,288,1362,361.66513,1410.2655,1.56,1567158430109
tap1,21,576,1362,717.3358,1444.2478,1.56,1567158430946
tap1,16,288,1074,457.57632,1151.4003,1.63,1567158431813
tap1,9,288,786,396.63275,836.5643,1.39,1567158432609
tap1,8,576,498,702.3497,581.697,2.04,1567158433385
tap1,6,288,498,442.5902,557.70953,1.68,1567158434109
tap1,7,576,786,712.34045,871.546,1.5699999,1567158434803
tap1,24,144,66,276.74374,136.92868,1.87,1567158435884
tap1,26,432,354,546.494,370.80685,1.86,1567158436639
tap1,27,144,354,308.71414,386.79852,1.9599999,1567158437364
tap1,25,432,66,470.5643,132.93076,1.88,1567158438159
tap1,66,720,1506,866.198,1519.2087,1.0,1567158439118
tap1,41,432,1218,606.4385,1225.3618,1.55,1567158439965
tap1,42,432,1506,522.5162,1612.1603,1.5,1567158440793
tap1,65,720,1218,798.26086,1252.3477,1.3299999,1567158441557
tap1,36,144,786,201.81314,862.5507,1.68,1567158442353
tap1,38,432,1074,524.51434,1137.4076,1.55,1567158443128
tap1,39,144,1074,252.76596,1155.3982,1.4599999,1567158443883
tap1,37,432,786,560.481,842.56116,1.4599999,1567158444608
tap1,16,288,1074,437.59482,1106.4237,1.5699999,1567158445363
tap1,56,0,1362,156.85477,1404.2686,1.51,1567158446148
tap1,20,288,1362,389.63922,1459.24,1.5,1567158446863
tap1,53,0,1074,131.8779,1086.4341,1.42,1567158447699
tap1,59,720,210,805.2544,258.86517,1.6899999,1567158448883
tap1,30,432,498,525.5134,563.70636,1.63,1567158449577
tap1,29,432,210,546.494,246.87141,1.9399999,1567158450291
tap1,60,720,498,800.25903,543.7168,1.5799999,1567158451096
tap1,33,432,642,605.4394,658.6569,1.66,1567158451821
tap1,62,720,930,868.1961,935.51276,1.49,1567158452586
tap1,61,720,642,870.1943,734.6174,1.78,1567158453361
tap1,34,432,930,638.4089,893.5346,1.9399999,1567158454117
tap1,6,288,498,421.60962,586.6944,1.53,1567158454902
tap1,48,0,210,133.87604,240.87454,1.79,1567158455718
tap1,12,288,210,360.66605,257.8657,1.56,1567158456443
tap1,49,0,498,173.83904,516.73083,1.5699999,1567158457188
tap1,51,0,930,86.91952,881.54083,1.56,1567158457901
tap1,2,288,642,406.6235,677.64703,1.55,1567158458647
tap1,5,288,930,457.57632,911.5252,1.61,1567158459320
tap1,50,0,642,101.90564,754.60693,1.52,1567158460085
tap1,37,432,786,550.4903,832.56635,1.55,1567158460810
tap1,64,720,1074,864.1998,1155.3982,1.24,1567158461534
tap1,38,432,1074,531.5079,1121.4159,1.48,1567158462310
tap1,63,720,786,823.23773,848.55804,1.54,1567158463085
tap1,29,432,210,529.5097,330.8277,1.68,1567158463922
tap1,31,144,498,249.76874,521.7283,1.4699999,1567158464625
tap1,28,144,210,303.71878,199.89589,1.66,1567158465309
tap1,30,432,498,563.4783,563.70636,1.38,1567158466064
tap1,42,432,1506,533.50604,1543.1962,1.0799999,1567158466901
tap1,40,144,1218,234.78261,1303.3212,1.4499999,1567158467717
tap1,41,432,1218,514.5236,1342.3009,1.42,1567158468452
tap1,43,144,1506,274.7456,1577.1785,1.4399999,1567158469217
tap1,45,144,1362,232.78445,1411.2649,1.52,1567158469931
tap1,82,432,1650,526.5125,1698.1155,1.36,1567158470655
tap1,80,144,1650,270.7493,1668.1311,1.48,1567158471400
tap1,44,432,1362,540.4995,1424.2582,1.3199999,1567158472135
tap1,57,720,66,760.296,213.8886,1.75,1567158473104
tap1,26,432,354,567.47455,336.82455,1.42,1567158473880
tap1,58,720,354,776.28125,444.76834,1.67,1567158474604
tap1,25,432,66,561.4801,79.95835,1.61,1567158475369
tap1,64,720,1074,830.23126,1059.4481,1.4,1567158476104
tap1,44,432,1362,579.46344,1404.2686,1.43,1567158476879
tap1,38,432,1074,486.5495,1142.405,1.37,1567158477583
tap1,67,720,1362,839.22296,1387.2775,1.37,1567158478328
tap1,9,288,786,463.57077,921.52,1.5,1567158479185
tap1,53,0,1074,154.85661,1133.4097,1.49,1567158479971
tap1,16,288,1074,396.63275,1082.4362,1.39,1567158480685
tap1,52,0,786,80.92507,826.56946,1.48,1567158481572
tap1,74,864,786,943.1267,857.55334,1.49,1567158482338
tap1,17,576,1074,716.33673,1166.3925,1.43,1567158483093
tap1,75,864,1074,968.10364,1159.3961,1.4,1567158483837
tap1,7,576,786,689.3617,884.5393,1.5,1567158484623
tap1,38,288,66,362.6642,164.91411,1.8499999,1567158485480
tap1,45,0,354,142.86772,425.77823,1.61,1567158486245
tap1,44,0,66,202.81221,89.95315,1.7199999,1567158487072
tap1,39,288,354,307.7151,367.8084,1.54,1567158487847
tap1,14,288,1506,431.60037,1465.2368,1.51,1567158488664
tap1,47,0,1794,128.88066,1799.063,1.42,1567158489469
tap1,46,0,1506,114.893616,1514.2113,1.42,1567158490266
tap1,10,288,1794,414.6161,1770.078,1.35,1567158491020
tap1,22,864,210,951.1193,323.83133,1.65,1567158491959
tap1,86,576,498,688.3626,579.69806,1.6999999,1567158492704
tap1,55,576,210,629.41724,296.8454,1.77,1567158493429
tap1,88,864,498,970.10175,590.6923,1.2099999,1567158494194
tap1,70,864,1362,986.087,1347.2982,1.43,1567158495010
tap1,8,576,1650,692.35895,1715.1067,1.41,1567158495734
tap1,13,576,1362,702.3497,1371.2858,1.29,1567158496459
tap1,71,864,1650,938.13135,1680.1249,1.0799999,1567158497244
tap1,78,576,1218,702.3497,1266.3405,1.4399999,1567158497989
tap1,83,864,1506,942.1277,1527.2046,1.1999999,1567158498785
tap1,21,864,1218,1002.07214,1260.3435,1.23,1567158499509
tap1,85,576,1506,746.30896,1502.2175,1.39,1567158500285
tap1,19,576,66,683.36725,142.92555,1.61,1567158501325
tap1,77,864,354,1022.05365,332.82663,1.11,1567158502070
tap1,76,576,354,760.296,332.82663,1.5999999,1567158502815
tap1,23,864,66,998.07587,86.95471,1.35,1567158503682
tap1,15,576,1362,714.33856,1367.2878,1.42,1567158504478
tap1,69,864,1074,953.1175,1163.394,1.43,1567158505212
tap1,11,576,1074,710.3423,1151.4003,1.6999999,1567158505896
tap1,68,864,1362,955.11566,1423.2587,1.37,1567158506610
tap1,21,0,1218,140.86957,1254.3467,1.39,1567158507508
tap1,75,288,1506,416.61426,1554.1904,1.3399999,1567158508222
tap1,17,288,1218,438.5939,1223.3628,1.43,1567158508926
tap1,78,0,1506,130.87881,1552.1915,1.36,1567158509599
tap1,54,576,642,654.3941,728.6205,1.51,1567158510405
tap1,22,864,930,971.1008,976.4914,1.55,1567158511119
tap1,18,864,642,1029.0472,691.6398,0.93,1567158511782
tap1,55,576,930,681.3691,1023.4669,1.35,1567158512497
tap1,4,576,1794,678.3719,1804.0603,1.43,1567158513282
tap1,73,864,1506,929.1397,1550.1926,1.3,1567158513996
tap1,72,576,1506,714.33856,1603.165,1.28,1567158514700
tap1,3,864,1794,960.111,1779.0734,1.39,1567158515496
tap1,90,720,1362,839.22296,1405.2681,1.4,1567158516221
tap1,77,432,1650,541.4986,1712.1083,1.4,1567158516986
tap1,23,720,1650,820.24054,1709.1097,1.42,1567158517751
tap1,92,432,1362,544.49585,1397.2722,1.4,1567158518516
tap1,67,432,1074,497.5393,1090.432,1.42,1567158519220
tap1,82,144,1362,208.80666,1396.2727,1.43,1567158519894
tap1,84,432,1362,506.531,1352.2957,1.53,1567158520669
tap1,44,144,1074,260.75854,1124.4143,1.54,1567158521394
tap1,38,432,1506,495.54117,1505.216,1.51,1567158522210
tap1,45,144,1794,287.73358,1782.0718,1.4399999,1567158523026
tap1,44,432,1794,507.53006,1799.063,1.36,1567158523760
tap1,39,144,1506,285.73544,1590.1718,1.5,1567158524546
tap1,42,432,1506,489.54672,1586.1738,1.37,1567158525260
tap1,87,720,1794,817.2433,1799.063,1.3299999,1567158526036
tap1,89,432,1794,606.4385,1784.0708,1.4399999,1567158526780
tap1,43,720,1506,798.26086,1555.19,1.36,1567158527536
tap1,42,0,1362,96.91027,1377.2826,1.41,1567158528352
tap1,91,288,1650,374.6531,1664.1332,1.48,1567158529066
tap1,89,288,1362,425.60593,1383.2795,1.52,1567158529709
tap1,66,0,1650,146.86401,1601.166,1.53,1567158530392
tap1,56,432,642,508.52914,700.6351,1.52,1567158531127
tap1,81,144,930,299.72247,891.53564,1.7199999,1567158531780
tap1,20,432,930,531.5079,952.5039,1.52,1567158532412
tap1,79,144,642,356.66974,658.6569,1.5799999,1567158533167
tap2,6,138,480,190.82332,495.7418,1.39,1567158549937
tap2,7,759,1101,968.10364,1002.47784,0.7,1567158550653
tap2,8,138,1101,816.2442,1041.4575,1.37,1567158550878
tap2,9,759,480,770.2868,416.78293,1.51,1567158551776
tap2,164,0,687,74.93062,673.6491,1.35,1567158552653
tap2,183,621,1308,685.3654,1277.3347,1.28,1567158553490
tap2,182,0,1308,81.92415,1273.3368,1.22,1567158554388
tap2,163,621,687,667.3821,703.6335,1.4399999,1567158555245
tap2,242,345,66,403.62628,92.951584,1.4399999,1567158556265
tap2,243,552,1032,622.4237,1040.4581,1.3399999,1567158557113
tap2,244,345,1032,416.61426,1043.4565,1.29,1567158557888
tap2,245,552,66,600.44403,83.95627,1.49,1567158558877
tap2,42,69,411,148.86217,406.78812,1.48,1567158559693
tap2,43,690,1032,721.3321,1076.4393,1.26,1567158560540
tap2,45,690,411,753.3025,459.76053,1.41,1567158561336
tap2,44,69,1032,109.89824,974.49243,1.35,1567158562152
tap2,322,345,756,438.5939,815.5752,1.4399999,1567158563019
tap2,321,483,1653,534.50507,1718.1051,1.28,1567158563948
tap2,316,345,1653,416.61426,1697.1161,1.42,1567158564764
tap2,323,483,756,562.4792,780.59344,1.53,1567158565601
tap2,2,138,549,231.78539,537.7199,1.4599999,1567158566427
tap2,3,759,1170,808.25165,1171.3899,1.3199999,1567158567366
tap2,4,138,1170,173.83904,1149.4014,1.31,1567158568192
tap2,5,759,549,812.2479,546.7152,1.3399999,1567158569050
tap2,11,759,1032,817.2433,1058.4487,1.42,1567158569856
tap2,10,138,411,164.84737,387.798,1.51,1567158570896
tap2,12,138,1032,198.81592,1020.4685,1.39,1567158571692
tap2,13,759,411,857.2063,406.78812,1.5899999,1567158572855
tap2,15,759,963,822.23865,957.5013,1.48,1567158573672
tap2,14,138,342,226.79001,339.823,1.67,1567158574600
tap2,17,759,342,835.2266,316.83496,1.4599999,1567158575417
tap2,16,138,963,188.82516,986.4862,1.37,1567158576263
tap2,122,207,66,279.74097,96.9495,1.65,1567158577365
tap2,123,828,687,882.18317,667.6522,1.37,1567158578284
tap2,124,207,687,252.76596,695.6377,1.48,1567158579151
tap2,125,828,66,836.2257,128.93285,1.42,1567158581263
tap2,135,621,1170,688.3626,1218.3654,1.4,1567158582243
tap2,134,0,549,88.91767,583.696,1.42,1567158583325
tap2,136,0,1170,71.933395,1120.4164,1.0799999,1567158584182
tap2,137,621,549,712.34045,491.74387,1.4599999,1567158585192
tap2,130,69,66,153.85754,115.93961,1.74,1567158586784
tap2,131,690,687,707.34503,710.6299,1.43,1567158587754
tap2,133,690,66,783.2748,84.95575,1.3399999,1567158588855
tap2,132,69,687,157.85384,649.6616,1.4699999,1567158589784
tap2,127,759,687,789.2692,668.65173,1.25,1567158590651
tap2,126,138,66,204.81036,150.92139,1.54,1567158592315
tap2,128,138,687,154.85661,676.6476,1.3299999,1567158593172
tap2,129,759,66,761.2951,148.92244,1.41,1567158594315
tap2,18,138,273,219.79648,275.85632,1.4699999,1567158595243
tap2,19,759,894,805.2544,942.5091,1.3399999,1567158596192
tap2,20,138,894,254.76411,924.51843,1.4,1567158597070
tap2,21,759,273,820.24054,269.85944,1.3,1567158598029
tap2,35,828,1170,915.15265,1169.3909,1.3299999,1567158598906
tap2,34,207,549,272.74747,557.70953,1.49,1567158599865
tap2,36,207,1170,261.75763,1208.3706,1.4599999,1567158600702
tap2,37,828,549,905.16187,542.71735,1.23,1567158601569
tap2,26,138,135,183.82979,233.87819,1.66,1567158602600
tap2,27,759,756,825.2359,769.5991,1.24,1567158603477
tap2,28,138,756,232.78445,794.5861,1.43,1567158604283
tap2,29,759,135,838.2239,188.90161,1.3399999,1567158605324
tap2,43,690,1032,756.29974,1083.4357,1.35,1567158606181
tap2,42,69,411,136.87326,468.75586,1.48,1567158607161
tap2,45,690,411,710.3423,406.78812,1.41,1567158608028
tap2,44,69,1032,166.84552,968.49554,1.52,1567158608855
tap2,24,138,825,176.83626,844.5601,1.48,1567158609701
tap2,25,759,204,826.235,191.90005,1.35,1567158610569
tap2,22,138,204,232.78445,292.84747,1.36,1567158611385
tap2,23,759,825,796.2627,735.6168,1.1899999,1567158612242
tap2,38,69,480,154.85661,483.74805,1.43,1567158613089
tap2,39,690,1101,766.29047,1042.457,1.1999999,1567158613895
tap2,40,69,1101,94.91212,1114.4196,1.3,1567158614742
tap2,41,690,480,745.3099,456.7621,1.3,1567158615660
tap2,33,690,549,859.20447,507.73553,1.3299999,1567158616446
tap2,32,69,1170,109.89824,1181.3846,1.38,1567158617313
tap2,30,69,549,91.914894,631.67096,1.4399999,1567158618211
tap2,31,690,1170,761.2951,1212.3685,1.49,1567158619017
tap2,46,69,342,131.8779,423.77927,1.35,1567158619966
tap2,47,690,963,727.32654,967.4961,1.48,1567158620834
tap2,48,69,963,105.90195,930.5153,1.28,1567158621619
tap2,49,690,342,721.3321,395.79385,1.4499999,1567158622568
tap2,108,276,963,369.6577,938.51117,1.4,1567158623384
tap2,231,897,1584,952.1184,1572.1812,1.3399999,1567158624313
tap2,230,276,1584,347.67807,1678.126,1.4399999,1567158625211
tap2,107,897,963,873.19147,992.48303,1.13,1567158626068
tap2,143,621,1032,702.3497,1058.4487,1.37,1567158626997
tap2,232,0,1653,107.90009,1723.1025,1.23,1567158628007
tap2,233,621,1653,712.34045,1651.14,1.28,1567158628905
tap2,144,0,1032,116.89177,1030.4633,1.27,1567158629792
tap2,44,69,1032,102.90472,993.48254,1.3199999,1567158630639
tap2,235,690,1653,733.321,1661.1348,1.3299999,1567158631558
tap2,43,690,1032,734.32007,1023.4669,1.1899999,1567158632425
tap2,234,69,1653,176.83626,1645.1431,1.17,1567158633374
tap2,12,138,1032,184.82886,1020.4685,1.3299999,1567158634231
tap2,237,759,1653,808.25165,1667.1317,1.51,1567158635201
tap2,11,759,1032,768.28864,1115.4191,1.3199999,1567158636109
tap2,236,138,1653,234.78261,1637.1473,1.27,1567158637007
tap2,238,207,1653,260.75854,1631.1504,1.25,1567158637854
tap2,67,828,1032,845.2174,1044.4559,1.35,1567158638772
tap2,68,207,1032,248.76965,1049.4534,1.3399999,1567158639578
tap2,239,828,1653,880.185,1621.1556,1.37,1567158640507
tap2,104,276,1032,337.68732,1021.46796,1.35,1567158641364
tap2,241,897,1653,952.1184,1623.1545,1.31,1567158642343
tap2,240,276,1653,389.63922,1647.1421,1.43,1567158643262
tap2,103,897,1032,931.1378,1052.4518,1.31,1567158644170
tap2,50,69,273,157.85384,201.89484,1.54,1567158645364
tap2,51,690,894,745.3099,869.5471,1.52,1567158646231
tap2,52,69,894,137.87234,849.5575,1.49,1567158647088
tap2,53,690,273,722.3312,282.85266,1.5799999,1567158648068
tap2,55,690,825,815.2451,840.5622,1.49,1567158648813
tap2,54,69,204,170.84181,194.89848,1.8199999,1567158650149
tap2,56,69,825,107.90009,834.5653,1.51,1567158651149
tap2,57,690,204,701.3506,214.88808,1.7199999,1567158652170
tap2,59,690,756,820.24054,769.5991,1.37,1567158652986
tap2,58,69,135,141.86864,187.90213,1.64,1567158654190
tap2,61,690,135,747.30804,85.95523,1.36,1567158655292
tap2,60,69,756,117.89084,750.609,1.48,1567158656180
tap2,62,207,480,213.80203,457.76157,1.4699999,1567158657037
tap2,63,828,1101,941.1286,1131.4106,1.49,1567158657833
tap2,64,207,1101,293.72803,1140.406,1.43,1567158658731
tap2,65,828,480,876.1887,468.75586,1.36,1567158659619
tap2,290,345,480,435.59668,450.76523,1.52,1567158660435
tap2,291,552,1446,605.4394,1445.2472,1.3299999,1567158661334
tap2,293,552,480,576.46625,536.72046,1.38,1567158662313
tap2,292,345,1446,434.5976,1441.2493,1.3299999,1567158663170
tap2,141,621,480,698.3534,522.7277,1.4,1567158664078
tap2,295,414,1446,480.55505,1484.2269,1.3,1567158664956
tap2,294,414,480,474.5606,524.7267,1.42,1567158665874
tap2,203,621,1446,732.3219,1439.2504,1.1899999,1567158666701
tap2,297,483,1446,537.5023,1553.191,1.35,1567158667629
tap2,41,690,480,712.34045,575.70013,1.3199999,1567158668548
tap2,296,483,480,530.5088,446.7673,1.36,1567158669313
tap2,205,690,1446,747.30804,1517.2097,1.27,1567158670231
tap2,319,414,1653,460.57355,1658.1364,1.17,1567158671027
tap2,325,552,756,642.4052,691.6398,1.26,1567158671843
tap2,324,414,756,509.52823,745.61163,1.27,1567158672588
tap2,315,552,1653,612.4329,1622.155,1.2099999,1567158673425
tap2,298,345,549,351.67438,545.71576,1.53,1567158674272
tap2,299,552,1515,598.44586,1508.2145,1.28,1567158675027
tap2,301,552,549,594.4496,554.71106,1.38,1567158675792
tap2,300,345,1515,434.5976,1515.2108,1.24,1567158676568
tap2,326,345,825,364.66235,861.5513,1.3399999,1567158677353
tap2,256,483,135,507.53006,157.91774,1.54,1567158678945
tap2,250,345,135,447.58557,150.92139,1.56,1567158679762
tap2,327,483,825,554.4866,787.5898,1.29,1567158680578
tap2,67,828,1032,902.1647,1043.4565,1.28,1567158681374
tap2,66,207,411,294.7271,413.7845,1.4499999,1567158682231
tap2,68,207,1032,261.75763,995.4815,1.24,1567158683016
tap2,69,828,411,949.1212,373.8053,1.04,1567158684159
tap2,72,207,963,244.77336,968.49554,1.3399999,1567158685017
tap2,73,828,342,893.173,322.83185,1.3299999,1567158686159
tap2,70,207,342,253.76503,344.8204,1.63,1567158686986
tap2,71,828,963,849.2137,938.51117,1.3299999,1567158687955
tap2,76,207,894,263.7558,989.4846,1.35,1567158688802
tap2,77,828,273,922.1462,230.87975,1.26,1567158689904
tap2,74,207,273,288.73267,261.86362,1.64,1567158690772
tap2,75,828,894,854.20905,932.5143,1.29,1567158691629
tap2,80,207,825,260.75854,801.5825,1.4,1567158692435
tap2,81,828,204,873.19147,268.85995,1.27,1567158693384
tap2,78,207,204,316.70676,183.9042,1.55,1567158694201
tap2,79,828,825,944.1258,829.56793,1.29,1567158695149
tap2,84,207,756,294.7271,808.57886,1.4,1567158695986
tap2,85,828,135,847.2156,156.91827,1.3299999,1567158697017
tap2,82,207,135,309.71323,158.91722,1.73,1567158697844
tap2,83,828,756,895.17114,786.5903,1.31,1567158698752
tap2,89,621,618,768.28864,580.6975,1.27,1567158699497
tap2,88,0,1239,108.89917,1232.3582,1.31,1567158700292
tap2,87,621,1239,667.3821,1195.3773,1.36,1567158701058
tap2,86,0,618,107.90009,676.6476,1.4,1567158702027
tap2,305,483,1515,551.4894,1530.203,1.16,1567158702997
tap2,33,690,549,741.3136,535.72095,1.3199999,1567158703864
tap2,304,483,549,592.4514,530.7236,1.4,1567158704660
tap2,215,690,1515,765.2914,1482.228,1.4,1567158705589
tap2,309,552,618,681.3691,628.67255,1.3299999,1567158706466
tap2,308,345,1584,390.6383,1579.1775,1.3299999,1567158707262
tap2,307,552,1584,618.42737,1625.1536,1.35,1567158708089
tap2,306,345,618,434.5976,662.65485,1.3299999,1567158708956
tap2,258,345,204,369.6577,189.9011,1.55,1567158709793
tap2,331,483,894,565.47644,876.54346,1.24,1567158710589
tap2,330,345,894,388.64014,929.51587,1.3199999,1567158711365
tap2,264,483,204,463.57077,233.87819,1.5799999,1567158712181
tap2,223,621,1584,611.43384,1604.1644,1.4699999,1567158713089
tap2,310,414,618,505.53192,588.69336,1.3399999,1567158713875
tap2,89,621,618,711.3414,616.6788,1.3299999,1567158714773
tap2,311,414,1584,501.5356,1541.1973,1.27,1567158715558
tap2,261,552,204,636.4107,179.9063,1.38,1567158716467
tap2,322,345,756,403.62628,741.6137,1.27,1567158717252
tap2,262,414,204,493.54303,183.9042,1.56,1567158718099
tap2,333,552,894,630.41626,868.5476,1.3399999,1567158718885
tap2,312,483,618,552.48846,682.6444,1.4399999,1567158719701
tap2,225,690,1584,701.3506,1571.1816,1.36,1567158720630
tap2,93,690,618,774.2831,666.6528,1.28,1567158721487
tap2,313,483,1584,598.44586,1591.1713,1.1999999,1567158722375
tap2,91,690,1239,704.34784,1309.318,1.16,1567158723222
tap2,90,69,618,152.85846,577.6991,1.42,1567158724100
tap2,93,690,618,709.3432,666.6528,1.3199999,1567158724957
tap2,92,69,1239,163.8483,1229.3596,1.38,1567158725824
tap2,108,276,963,334.6901,953.50336,1.35,1567158726671
tap2,109,897,342,946.12396,419.78134,1.4499999,1567158727589
tap2,106,276,342,359.667,300.8433,1.55,1567158728406
tap2,107,897,963,880.185,959.50024,1.3,1567158729192
tap2,100,276,1101,339.6855,1113.42,1.31,1567158729957
tap2,101,897,480,984.0888,437.77197,0.97999996,1567158731079
tap2,99,897,1101,970.10175,1129.4117,1.31,1567158731865
tap2,98,276,480,356.66974,462.75897,1.4599999,1567158732641
tap2,105,897,411,971.1008,419.78134,1.41,1567158734549
tap2,104,276,1032,334.6901,1019.469,1.41,1567158735345
tap2,102,276,411,286.7345,361.81155,1.54,1567158736141
tap2,103,897,1032,939.13043,989.4846,1.35,1567158736916
tap2,97,897,549,943.1267,575.70013,1.28,1567158737947
tap2,96,276,1170,345.67993,1202.3738,1.3199999,1567158738774
tap2,94,276,549,304.71786,515.7314,1.42,1567158739559
tap2,95,897,1170,918.14984,1096.429,1.36,1567158740447
tap2,111,897,894,966.10547,956.5018,1.38,1567158741243
tap2,110,276,273,358.6679,273.85736,1.54,1567158742059
tap2,112,276,894,321.70212,922.5195,1.35,1567158742814
tap2,113,897,273,946.12396,240.87454,1.17,1567158743875
tap2,116,276,825,336.68826,810.5778,1.3199999,1567158744671
tap2,117,897,204,951.1193,194.89848,1.3399999,1567158745722
tap2,114,276,204,360.66605,191.90005,1.68,1567158746569
tap2,115,897,825,980.0925,798.58405,1.24,1567158747406
tap2,119,897,756,989.08417,750.609,1.28,1567158748181
tap2,118,276,135,428.60315,140.92659,1.61,1567158749018
tap2,121,897,135,928.1406,195.89796,1.42,1567158749998
tap2,120,276,756,353.67252,728.6205,1.41,1567158750824
tap2,152,0,894,106.90102,920.52057,1.3199999,1567158751559
tap2,213,621,1515,685.3654,1512.2124,1.27,1567158752365
tap2,212,0,1515,128.88066,1557.189,1.35,1567158753283
tap2,151,621,894,674.3756,938.51117,1.3299999,1567158754048
tap2,56,69,825,145.86494,836.5643,1.4699999,1567158754844
tap2,205,690,1446,741.3136,1466.2363,1.26,1567158755722
tap2,204,69,1446,211.8039,1423.2587,1.31,1567158756528
tap2,55,690,825,777.2803,797.5846,1.1899999,1567158757283
tap2,24,138,825,191.82239,900.53094,1.3199999,1567158758008
tap2,207,759,1446,839.22296,1441.2493,1.36,1567158758865
tap2,206,138,1446,176.83626,1390.2759,1.3,1567158759650
tap2,23,759,825,845.2174,847.55853,1.13,1567158760426
tap2,80,207,825,243.77429,771.5981,1.35,1567158761181
tap2,209,828,1446,846.2165,1430.255,1.3199999,1567158762079
tap2,208,207,1446,297.72433,1450.2446,1.22,1567158762824
tap2,79,828,825,840.22205,889.5367,1.11,1567158763640
tap2,115,897,825,890.1758,836.5643,1.0699999,1567158764314
tap2,210,276,1446,370.6568,1427.2566,1.35,1567158765120
tap2,116,276,825,317.70584,803.5814,1.36,1567158765865
tap2,211,897,1446,950.12024,1503.217,1.1,1567158766865
tap2,203,621,1446,683.36725,1456.2415,1.27,1567158767651
tap2,156,0,825,71.933395,903.5294,1.17,1567158768426
tap2,202,0,1446,91.914894,1467.2357,1.15,1567158769253
tap2,155,621,825,733.321,828.5684,1.4,1567158769967
tap2,52,69,894,101.90564,851.55646,1.3299999,1567158770661
tap2,215,690,1515,728.3256,1452.2435,1.15,1567158771467
tap2,51,690,894,749.3062,918.5216,1.3199999,1567158772161
tap2,214,69,1515,191.82239,1525.2056,1.29,1567158772957
tap2,216,138,1515,236.78076,1506.2155,1.36,1567158773753
tap2,19,759,894,828.2331,913.5242,1.1899999,1567158774498
tap2,217,759,1515,886.17944,1473.2327,1.3399999,1567158775366
tap2,20,138,894,232.78445,977.49084,1.35,1567158776121
tap2,141,621,480,663.38574,480.7496,1.42,1567158776906
tap2,140,0,1101,141.86864,1092.431,1.28,1567158777692
tap2,138,0,480,210.80481,480.7496,1.4699999,1567158778488
tap2,139,621,1101,728.3256,1076.4393,1.18,1567158779284
tap2,142,0,411,207.80759,403.78967,1.49,1567158780151
tap2,143,621,1032,720.333,1058.4487,1.24,1567158780866
tap2,144,0,1032,76.92877,972.49347,1.2099999,1567158781651
tap2,145,621,411,651.39685,408.78708,1.3199999,1567158782570
tap2,148,0,963,199.81499,1004.4768,1.3,1567158783345
tap2,149,621,342,726.32745,271.8584,1.42,1567158784131
tap2,147,621,963,741.3136,966.4966,1.24,1567158784835
tap2,146,0,342,172.83997,428.77667,1.4,1567158785968
tap2,153,621,273,706.346,422.7798,1.35,1567158786805
tap2,152,0,894,204.81036,1041.4575,1.1899999,1567158787642
tap2,150,0,273,167.84459,354.8152,1.5,1567158788489
tap2,151,621,894,769.2877,928.51636,1.11,1567158789315
tap2,266,345,273,503.53375,329.82822,1.37,1567158790081
tap2,267,552,1239,634.4126,1202.3738,0.98999995,1567158790846
tap2,269,552,273,590.4533,250.86934,1.4399999,1567158791938
tap2,268,345,1239,440.59204,1382.28,1.15,1567158792775
tap2,271,414,1239,578.4644,1197.3763,1.29,1567158793561
tap2,153,621,273,705.3469,337.82404,1.27,1567158794428
tap2,270,414,273,533.50604,274.85684,1.3299999,1567158795122
tap2,87,621,1239,676.3737,1197.3763,1.16,1567158795969
tap2,91,690,1239,760.296,1052.4518,1.24,1567158796734
tap2,272,483,273,739.3154,361.81155,1.3299999,1567158797581
tap2,273,483,1239,407.62256,992.48303,1.2099999,1567158798388
tap2,53,690,273,774.2831,396.79333,1.3399999,1567158799296
tap2,277,552,342,380.64755,297.84488,1.25,1567158800071
tap2,276,345,1308,487.54858,1127.4127,1.3299999,1567158800919
tap2,274,345,342,473.56152,422.7798,1.36,1567158801786
tap2,275,552,1308,404.62534,1308.3186,1.14,1567158802623
tap2,183,621,1308,784.2738,1127.4127,1.1999999,1567158803306
tap2,278,414,342,548.4921,526.72565,1.3199999,1567158804174
tap2,149,621,342,856.2072,374.80478,1.3199999,1567158804939
tap2,279,414,1308,559.48193,1208.3706,1.13,1567158805745
tap2,281,483,1308,515.52264,1394.2738,1.24,1567158806541
tap2,49,690,342,822.23865,406.78812,1.35,1567158807378
tap2,280,483,342,506.531,511.73346,1.2099999,1567158808153
tap2,185,690,1308,686.3645,1237.3555,1.0699999,1567158809143
tap2,156,0,825,171.84088,889.5367,1.35,1567158810001
tap2,157,621,204,745.3099,316.83496,1.41,1567158811092
tap2,155,621,825,727.32654,900.53094,1.18,1567158811889
tap2,154,0,204,201.81314,302.84225,1.42,1567158812746
tap2,158,0,135,187.82608,222.88391,1.53,1567158813654
tap2,159,621,756,739.3154,810.5778,1.26,1567158814573
tap2,160,0,756,70.93432,892.5351,1.13,1567158815389
tap2,161,621,135,724.32935,222.88391,1.4699999,1567158816267
tap2,162,0,66,142.86772,233.87819,1.55,1567158817246
tap2,163,621,687,712.34045,920.52057,1.15,1567158818134
tap2,164,0,687,139.87048,813.57623,1.3399999,1567158818961
tap2,165,621,66,713.3395,218.88599,1.42,1567158819941
tap2,169,897,66,952.1184,209.89067,1.5699999,1567158820879
tap2,168,276,687,429.60223,806.5799,1.1999999,1567158821686
tap2,166,276,66,401.6281,150.92139,1.4699999,1567158822543
tap2,167,897,687,853.21,548.7142,1.15,1567158823574
tap2,170,138,618,311.71136,704.633,1.3299999,1567158824370
tap2,171,759,1239,791.26733,1193.3784,1.18,1567158825605
tap2,173,759,618,908.1591,703.6335,1.49,1567158826442
tap2,172,138,1239,279.74097,1333.3055,1.24,1567158827269
tap2,177,828,618,932.1369,697.63666,1.37,1567158828136
tap2,176,207,1239,286.7345,1231.3586,1.3,1567158828881
tap2,174,207,618,301.72064,796.5851,1.3299999,1567158829667
tap2,175,828,1239,911.1564,1133.4097,1.22,1567158830544
tap2,133,690,66,813.247,209.89067,1.48,1567158831810
tap2,249,483,1032,679.371,1054.4508,1.3399999,1567158832739
tap2,43,690,1032,826.235,1136.4081,1.1999999,1567158833606
tap2,248,483,66,562.4792,248.87038,1.4699999,1567158834739
tap2,251,552,1101,669.3802,1010.4737,1.0799999,1567158835555
tap2,250,345,135,393.63553,376.80374,1.31,1567158836443
tap2,252,345,1101,445.58743,968.49554,1.1,1567158837270
tap2,253,552,135,705.3469,277.8553,1.2099999,1567158838117
tap2,254,414,135,511.52637,319.8334,1.48,1567158839046
tap2,139,621,1101,740.3145,984.48724,1.17,1567158839862
tap2,161,621,135,692.35895,282.85266,1.4699999,1567158840730
tap2,255,414,1101,637.4098,1038.4591,1.1999999,1567158841475
tap2,178,276,618,485.5504,822.57153,1.25,1567158842230
tap2,179,897,1239,859.20447,1102.4258,0.53,1567158843148
tap2,181,897,618,947.12305,817.57416,1.2099999,1567158843965
tap2,180,276,1239,508.52914,1167.392,1.23,1567158844781
tap2,132,69,687,222.79372,853.5554,1.36,1567158845578
tap2,185,690,1308,789.2692,1265.341,1.06,1567158846527
tap2,184,69,1308,195.8187,1424.2582,1.3299999,1567158847323
tap2,131,690,687,765.2914,804.58093,1.12,1567158848211
tap2,127,759,687,918.14984,475.7522,1.4399999,1567158849027
tap2,187,759,1308,852.21094,1068.4435,1.0699999,1567158849976
tap2,186,138,1308,281.73914,1453.243,1.3299999,1567158850793
tap2,126,138,66,303.71878,253.86777,1.48,1567158852344
tap2,123,828,687,897.1693,556.71,1.27,1567158853426
tap2,188,207,1308,349.67624,1382.28,1.3199999,1567158854263
tap2,124,207,687,344.68085,768.5997,1.3299999,1567158855079
tap2,189,828,1308,918.14984,1152.3998,1.14,1567158855967
tap2,317,552,687,706.346,743.6127,1.3199999,1567158856845
tap2,316,345,1653,561.4801,1596.1686,1.14,1567158857651
tap2,314,345,687,530.5088,844.5601,1.31,1567158858498
tap2,315,552,1653,682.36816,1565.1848,0.96999997,1567158859365
tap2,266,345,273,379.64847,447.76678,1.24,1567158860406
tap2,335,483,963,647.4006,1086.4341,1.14,1567158861233
tap2,272,483,273,630.41626,333.8261,1.36,1567158862151
tap2,334,345,963,497.5393,1041.4575,1.15,1567158862917
tap2,318,414,687,585.4579,765.60126,1.12,1567158863743
tap2,233,621,1653,743.31177,1591.1713,1.1,1567158864713
tap2,163,621,687,816.2442,785.5908,1.3299999,1567158865611
tap2,319,414,1653,540.4995,1577.1785,1.01,1567158866580
tap2,269,552,273,676.3737,374.80478,1.3199999,1567158867427
tap2,336,414,963,600.44403,964.4976,1.23,1567158868243
tap2,337,552,963,685.3654,1032.4623,1.16,1567158869050
tap2,270,414,273,567.47455,407.7876,1.3299999,1567158869856
tap2,168,276,687,342.6827,804.58093,1.15,1567158870621
tap2,191,897,1308,898.1684,1159.3961,0.78,1567158871509
tap2,167,897,687,995.0786,797.5846,0.74,1567158872305
tap2,190,276,1308,460.57355,1313.3159,1.18,1567158873101
tap2,192,0,1377,105.90195,1344.2998,1.0799999,1567158873979
tap2,160,0,756,176.83626,928.51636,1.16,1567158874795
tap2,193,621,1377,770.2868,1266.3405,0.96999997,1567158875642
tap2,159,621,756,711.3414,855.5544,1.1899999,1567158876469
tap2,194,69,1377,243.77429,1422.2592,0.91999996,1567158877265
tap2,59,690,756,762.2942,896.533,0.87,1567158878112
tap2,60,69,756,234.78261,915.52313,1.16,1567158878878
tap2,195,690,1377,774.2831,1420.2603,0.62,1567158879725
tap2,28,138,756,268.75116,974.49243,1.05,1567158880551
tap2,197,759,1377,876.1887,1208.3706,0.75,1567158881358
tap2,27,759,756,898.1684,924.51843,0.71,1567158882225
tap2,196,138,1377,292.72894,1528.204,0.97999996,1567158883011
tap2,84,207,756,321.70212,922.5195,1.02,1567158883797
tap2,199,828,1377,912.1554,1191.3795,0.88,1567158884776
tap2,83,828,756,908.1591,912.5247,1.14,1567158885603
tap2,198,207,1377,377.65033,1525.2056,1.1999999,1567158886389
tap2,200,276,1377,192.82146,1667.1317,1.1,1567158887094
tap2,119,897,756,924.1443,915.52313,1.16,1567158888032
tap2,120,276,756,395.63367,756.6059,1.3399999,1567158888818
tap2,201,897,1377,974.0981,1217.366,1.13,1567158889696
tap2,242,345,66,440.59204,214.88808,1.3399999,1567158890624
tap2,347,966,687,959.11194,542.71735,1.16,1567158891573
tap2,338,966,66,1029.0472,201.89484,0.90999997,1567158892430
tap2,314,345,687,538.5014,550.71313,1.1899999,1567158893227
tap2,322,345,756,545.49493,697.63666,1.06,1567158894125
tap2,339,966,135,1031.0453,304.84122,0.89,1567158895156
tap2,348,966,756,992.0814,614.6798,0.98999995,1567158896064
tap2,250,345,135,514.5236,322.83185,1.3299999,1567158896819
tap2,258,345,204,451.58188,272.85788,1.54,1567158897646
tap2,349,966,825,990.08325,668.65173,1.06,1567158898432
tap2,340,966,204,1001.07306,334.8256,1.18,1567158899248
tap2,326,345,825,576.46625,925.51794,1.12,1567158900044
tap2,330,345,894,448.58466,1053.4513,1.12,1567158900851
tap2,341,966,273,1045.0323,453.76364,0.71,1567158901759
tap2,266,345,273,448.58466,453.76364,1.05,1567158902933
tap2,350,966,894,942.1277,1015.47107,1.1,1567158904351
tap2,76,207,894,336.68826,1046.455,1.3,1567158905199
tap2,219,828,1515,916.15173,1354.2946,1.12,1567158906127
tap2,218,207,1515,372.65494,1723.1025,1.26,1567158906923
tap2,75,828,894,943.1267,983.48773,1.1999999,1567158907862
tap2,220,276,1515,436.59573,1420.2603,1.38,1567158908648
tap2,111,897,894,945.1249,1016.4706,1.12,1567158909485
tap2,112,276,894,363.66327,995.4815,1.24,1567158910312
tap2,221,897,1515,864.1998,1410.2655,0.89,1567158911118
tap2,225,690,1584,725.3284,1447.2462,1.3399999,1567158911894
tap2,48,69,963,212.80296,1072.4414,1.37,1567158912772
tap2,47,690,963,801.2581,1150.4008,1.37,1567158913864
tap2,224,69,1584,282.73822,1628.152,1.26,1567158914660
tap2,165,621,66,728.3256,254.86725,1.43,1567158915926
tap2,247,414,1032,452.58093,815.5752,1.3199999,1567158916701
tap2,143,621,1032,857.2063,997.48047,1.3299999,1567158917600
tap2,246,414,66,563.4783,199.89589,1.48,1567158918437
tap2,15,759,963,842.22015,703.6335,1.26,1567158919243
tap2,226,138,1584,382.6457,1389.2764,1.18,1567158920070
tap2,227,759,1584,847.2156,1550.1926,1.0699999,1567158920958
tap2,16,138,963,306.716,1116.4185,1.18,1567158921692
tap2,72,207,963,327.6966,888.5372,1.1899999,1567158922489
tap2,229,828,1584,853.21,1388.2769,1.1,1567158923315
tap2,71,828,963,980.0925,793.5867,1.35,1567158924152
tap2,228,207,1584,437.59482,1526.2051,1.23,1567158924959
tap2,242,345,66,460.57355,253.86777,1.4399999,1567158926000
tap2,243,552,1032,667.3821,917.5221,1.14,1567158926806
tap2,244,345,1032,433.5985,907.5273,1.0799999,1567158927613
tap2,245,552,66,608.43665,238.87558,1.3299999,1567158928450
tap2,148,0,963,213.80203,852.55597,1.3,1567158929276
tap2,223,621,1584,744.31085,1467.2357,1.09,1567158930113
tap2,147,621,963,694.35706,1134.4092,1.11,1567158930930
tap2,222,0,1584,173.83904,1402.2697,1.35,1567158931736
tap2,252,345,1101,440.59204,1335.3044,1.3,1567158932543
tap2,344,966,480,1013.062,635.6689,1.1,1567158933584
tap2,290,345,480,592.4514,637.66785,1.1999999,1567158934349
tap2,353,966,1101,980.0925,840.5622,1.1,1567158935237
tap2,345,966,549,1031.0453,700.6351,0.94,1567158935993
tap2,260,345,1170,492.54395,982.4883,1.35,1567158936779
tap2,354,966,1170,811.24884,1363.2899,1.14,1567158937912
tap2,298,345,549,458.5754,732.6184,1.41,1567158938820
tap2,346,966,618,994.0796,816.5747,1.3,1567158939728
tap2,268,345,1239,461.57263,1432.254,1.56,1567158940545
tap2,355,966,1239,873.19147,1460.2394,1.01,1567158941361
tap2,306,345,618,439.59296,790.5882,1.39,1567158942219
tap2,314,345,687,405.62442,828.5684,1.27,1567158943097
tap2,356,966,1308,973.099,1102.4258,1.2099999,1567158944015
tap2,347,966,687,843.21924,612.6809,1.36,1567158944975
tap2,276,345,1308,551.4894,1419.2607,1.17,1567158945842
tap2,257,483,1101,625.4209,1109.4221,1.26,1567158946700
tap2,61,690,135,782.2757,270.85892,1.4,1567158947710
tap2,39,690,1101,779.27844,995.4815,1.25,1567158948598
tap2,256,483,135,611.43384,188.90161,1.27,1567158949976
tap2,258,345,204,413.61703,253.86777,1.4499999,1567158950752
tap2,259,552,1170,598.44586,1159.3961,1.15,1567158951711
tap2,260,345,1170,400.62906,1153.3993,1.18,1567158952507
tap2,261,552,204,656.3922,179.9063,1.43,1567158953477
tap2,157,621,204,660.38855,183.9042,1.35,1567158954232
tap2,263,414,1170,497.5393,1236.3561,1.3,1567158955059
tap2,262,414,204,499.53748,164.91411,1.4499999,1567158955988
tap2,135,621,1170,680.37006,1136.4081,1.2099999,1567158956906
tap2,244,345,1032,350.6753,1008.47473,1.2099999,1567158957743
tap2,361,966,1653,1009.0657,1636.1478,1.17,1567158958845
tap2,352,966,1032,1014.06104,1039.4586,1.0799999,1567158960182
tap2,316,345,1653,381.64664,1685.1223,1.24,1567158961081
tap2,282,345,411,436.59573,435.773,1.3399999,1567158962020
tap2,283,552,1377,595.44867,1437.2513,1.15,1567158962959
tap2,284,345,1377,386.642,1385.2784,1.1999999,1567158963765
tap2,285,552,411,607.43756,433.77408,1.36,1567158964633
tap2,145,621,411,645.4024,389.79697,1.4,1567158965439
tap2,287,414,1377,503.53375,1345.2993,1.25,1567158966347
tap2,193,621,1377,690.3608,1338.303,1.13,1567158967123
tap2,286,414,411,532.50696,399.79178,1.3399999,1567158967960
tap2,288,483,411,513.52454,394.79437,1.37,1567158968725
tap2,195,690,1377,748.3071,1353.2952,1.09,1567158969634
tap2,289,483,1377,518.5199,1403.269,1.24,1567158970420
tap2,45,690,411,765.2914,397.79282,1.37,1567158971267
tap2,31,690,1170,785.2729,1152.3998,1.18,1567158972114
tap2,264,483,204,527.5116,246.87141,1.37,1567158972941
tap2,57,690,204,742.3127,137.92816,1.41,1567158973778
tap2,265,483,1170,511.52637,1175.3878,1.15,1567158974655
tap2,300,345,1515,439.59296,1503.217,1.24,1567158975462
tap2,350,966,894,977.0953,827.569,1.15,1567158976380
tap2,330,345,894,436.59573,833.56586,1.2099999,1567158977187
tap2,359,966,1515,1009.0657,1493.2223,1.03,1567158978054
tap2,351,966,963,1020.0555,958.50073,0.94,1567158978881
tap2,308,345,1584,417.6133,1586.1738,1.14,1567158979698
tap2,360,966,1584,1026.0499,1558.1884,0.91999996,1567158980575
tap2,334,345,963,433.5985,948.506,1.17,1567158981494
tap2,137,621,549,701.3506,557.70953,1.28,1567158982331
tap2,303,414,1515,529.5097,1445.2472,1.17,1567158983158
tap2,213,621,1515,659.38947,1537.1993,1.15,1567158983964
tap2,302,414,549,475.55966,564.7059,1.3,1567158984832
tap2,254,414,135,447.58557,120.93701,1.35,1567158985617
tap2,329,552,825,643.40424,876.54346,1.24,1567158986383
tap2,253,552,135,625.4209,131.93129,1.3399999,1567158987271
tap2,328,414,825,453.58002,729.62,1.27,1567158988026
tap2,334,345,963,421.60962,971.494,1.16,1567158988802
tap2,342,966,342,987.08606,349.81778,1.24,1567158989731
tap2,274,345,342,361.66513,322.83185,1.43,1567158990496
tap2,351,966,963,984.0888,992.48303,1.16,1567158991323
tap2,282,345,411,440.59204,447.76678,1.1899999,1567158992191
tap2,352,966,1032,1043.0342,996.48096,0.7,1567158993058
tap2,343,966,411,998.07587,390.79645,1.22,1567158993998
tap2,244,345,1032,400.62906,989.4846,1.2099999,1567158994855
tap2,322,345,756,394.6346,728.6205,1.29,1567158995621
tap2,357,966,1377,1038.0388,1289.3285,0.82,1567158996539
tap2,348,966,756,1006.0685,745.61163,1.12,1567158997407
tap2,284,345,1377,428.60315,1367.2878,1.24,1567158998336
tap2,292,345,1446,387.64108,1477.2306,1.26,1567158999204
tap2,349,966,825,1015.0601,783.59186,1.02,1567159000101
tap2,326,345,825,429.60223,806.5799,1.25,1567159000990
tap2,358,966,1446,1022.05365,1431.2545,0.89,1567159001939
tap2,131,690,687,763.2933,709.6304,1.31,1567159002827
tap2,321,483,1653,575.46716,1573.1805,1.18,1567159003684
tap2,320,483,687,551.4894,706.63196,1.1999999,1567159004572
tap2,235,690,1653,749.3062,1696.1166,1.15,1567159005481
tap2,362,0,1722,69.93524,1769.0786,0.91999996,1567159006308
tap2,139,621,1101,674.3756,1090.432,1.22,1567159007114
tap2,140,0,1101,93.91304,1121.4159,1.09,1567159007971
tap2,371,621,1722,670.3793,1654.1384,1.06,1567159008829
tap2,39,690,1101,729.3247,1093.4304,1.14,1567159009584
tap2,363,69,1722,103.90379,1743.092,1.16,1567159010442
tap2,372,690,1722,737.3173,1756.0853,1.15,1567159011299
tap2,40,69,1101,141.86864,1070.4425,1.04,1567159012157
tap2,136,0,1170,83.922295,1167.392,1.14,1567159012902
tap2,386,621,1791,633.4135,1832.0458,1.0,1567159013810
tap2,135,621,1170,647.4006,1208.3706,1.27,1567159014576
tap2,377,0,1791,126.882515,1758.0842,1.11,1567159015464
tap2,31,690,1170,712.34045,1207.3711,1.1899999,1567159016270
tap2,378,69,1791,156.85477,1728.0999,1.15,1567159017107
tap2,32,69,1170,133.87604,1212.3685,1.16,1567159017893
tap2,387,690,1791,702.3497,1795.0651,1.26,1567159018791
tap2,8,138,1101,150.86032,1074.4404,1.13,1567159019669
tap2,373,759,1722,783.2748,1716.1062,1.25,1567159020526
tap2,7,759,1101,854.20905,1139.4065,1.23,1567159021394
tap2,364,138,1722,187.82608,1708.1104,1.29,1567159022200
tap2,374,828,1722,829.2322,1763.0817,1.1999999,1567159023068
tap2,64,207,1101,330.69382,1131.4106,1.25,1567159023925
tap2,365,207,1722,298.72342,1700.1145,1.1899999,1567159024854
tap2,63,828,1101,891.17487,1073.4409,1.28,1567159025671
tap2,379,138,1791,242.7752,1793.066,1.2099999,1567159026651
tap2,3,759,1170,842.22015,1145.4034,1.28,1567159027518
tap2,4,138,1170,254.76411,1156.3977,1.22,1567159028365
tap2,388,759,1791,799.25995,1797.064,1.3199999,1567159029355
tap2,380,207,1791,271.74838,1802.0614,1.3,1567159030222
tap2,35,828,1170,921.1471,1137.4076,1.38,1567159031050
tap2,389,828,1791,887.1785,1805.0598,1.26,1567159032100
tap2,36,207,1170,274.7456,1144.4039,1.29,1567159033070
tap2,100,276,1101,311.71136,1113.42,1.29,1567159033866
tap2,375,897,1722,1044.0333,1885.0182,0.84,1567159034886
tap2,99,897,1101,959.11194,1130.4113,1.3199999,1567159035764
tap2,366,276,1722,340.68454,1748.0895,1.4,1567159036713
tap2,368,414,1722,467.56708,1753.0869,1.31,1567159037550
tap2,159,621,756,698.3534,780.59344,1.39,1567159038418
tap2,371,621,1722,742.3127,1676.127,1.35,1567159039336
tap2,324,414,756,549.4912,749.60956,1.39,1567159040316
tap2,96,276,1170,321.70212,1156.3977,1.18,1567159041132
tap2,390,897,1791,925.1434,1815.0546,1.3199999,1567159042367
tap2,95,897,1170,968.10364,1208.3706,1.3,1567159043214
tap2,381,276,1791,355.6707,1790.0676,1.3299999,1567159044194
tap2,385,552,1791,610.4348,1833.0453,1.25,1567159045072
tap2,326,345,825,409.62073,860.55176,1.26,1567159045980
tap2,382,345,1791,436.59573,1781.0723,1.4499999,1567159046889
tap2,329,552,825,630.41626,835.5648,1.3399999,1567159047756
tap2,323,483,756,549.4912,715.62726,1.3299999,1567159048563
tap2,372,690,1722,780.2775,1730.0989,1.48,1567159049502
tap2,59,690,756,751.3043,773.59705,1.4499999,1567159050502
tap2,369,483,1722,573.469,1731.0984,1.35,1567159051482
tap2,353,966,1101,1007.0675,1043.4565,1.05,1567159052390
tap2,367,345,1722,446.5865,1688.1207,1.43,1567159053360
tap2,252,345,1101,407.62256,1119.417,1.24,1567159054156
tap2,376,966,1722,1036.0406,1796.0645,0.96999997,1567159055166
tap2,383,414,1791,511.52637,1823.0504,1.31,1567159056054
tap2,155,621,825,696.3552,853.5554,1.3299999,1567159056932
tap2,328,414,825,473.56152,806.5799,1.35,1567159057718
tap2,386,621,1791,716.33673,1812.0562,1.18,1567159058748
tap2,55,690,825,802.2572,825.57,1.42,1567159059606
tap2,384,483,1791,586.457,1781.0723,1.28,1567159060422
tap2,327,483,825,562.4792,863.55023,1.48,1567159061331
tap2,387,690,1791,770.2868,1818.0531,1.41,1567159062249
