drag1,2,379.64847,654.659,0.71,2358.6617699999997,69.04621082248488
drag1,3,658.3904,948.506,0.72999996,2502.383539,61.13275198403309
drag1,4,686.3645,686.64233,0.65999997,2493.904692,62.88656526176938
drag1,5,397.0244,969.49506,0.82,4030.5306929999997,64.20180004496446
drag1,9,388.61215,851.55646,0.78,1979.7676159999999,59.03144407591469
drag1,17,693.35803,1096.429,0.78999996,1500.084846,57.27576734088872
drag1,16,405.6847,1080.4373,0.64,3101.754462,70.96209179005461
drag1,7,660.4123,835.5648,0.84,2040.7855379999999,68.83913650405356
drag1,4,693.35803,704.633,0.66999996,2035.501615,71.0653695160258
drag1,10,416.61426,401.7907,0.7,2347.5349229999997,68.58787000931571
drag1,2,390.6383,682.6444,0.78999996,3573.547154,54.2709448402802
drag1,11,685.3654,419.8793,0.93,2959.107384,65.29862383676958
drag1,4,667.3821,678.64655,0.59999996,2324.985693,73.11811383791962
drag1,18,394.75327,1240.354,0.68,2185.483846,65.49145678556154
drag1,2,384.64386,700.6351,0.83,3489.508077,67.69436703353674
drag1,19,710.3423,1239.3545,0.75,2566.638846,65.37368720195398
drag1,13,678.3719,246.87141,0.84,2418.3112309999997,75.54134854247377
drag1,6,393.63553,532.72253,0.77,2193.7105389999997,71.13933526837934
drag1,12,401.6281,284.85162,0.87,1979.5585389999999,61.02611339820655
drag1,8,698.3534,532.3618,0.79999995,3133.5351539999997,62.5607591489779
drag1,19,690.3608,1270.3384,0.72999996,2265.5209999999997,73.88393612796614
drag1,22,425.60593,1497.2882,0.68,2338.0230779999997,72.04910436180484
drag1,18,395.63367,1259.3441,0.69,2201.133231,63.8515854676426
drag1,23,657.3913,1510.2134,0.85999995,1991.559307,82.30563525553569
drag1,14,398.6309,44.976574,0.65999997,3926.2402309999998,112.62063612231373
drag1,11,693.35803,362.81104,0.93,3015.641231,59.2097238844919
drag1,10,400.62906,378.8027,0.91999996,1959.8890769999998,64.17931711844751
drag1,15,662.3956,95.95003,0.9,1765.487154,99.88740068815538
drag1,17,685.3654,1096.429,0.81,3270.854,64.56121819859312
drag1,20,391.6374,1369.2867,0.91999996,4145.246231,71.23997448524096
drag1,21,673.3765,1377.2826,0.74,2053.0606159999998,69.16743150833
drag1,16,394.0263,1092.431,0.93,2651.091077,62.84053164547435
drag1,24,244.77336,85.95523,0.88,2970.1718459999997,95.561444301753
drag1,26,523.51526,369.80737,1.0,2715.552539,64.52583061078876
drag1,27,245.77243,404.78915,0.76,2596.1556929999997,60.97223464661021
drag1,25,527.5543,118.93805,0.88,2022.3645379999998,72.83107654578647
drag1,66,821.73914,1532.2019,0.72999996,3112.772308,51.94183437463307
drag1,41,538.5014,1281.3326,0.7,2846.594616,51.831012270061514
drag1,42,568.47363,1526.2051,0.90999997,2132.869077,58.146738213744285
drag1,65,825.2359,1280.3331,0.88,1858.4616919999999,68.65339239033163
drag1,36,262.00934,775.09235,0.85999995,4322.3350009999995,70.26622318423448
drag1,38,518.5199,1098.4279,0.84,2041.2259999999999,64.11981238584659
drag1,39,281.73914,1106.4237,0.87,3246.251692,60.97218660837509
drag1,37,513.52454,829.56793,0.85999995,1920.2630769999998,82.26865400407934
drag1,16,415.61517,1088.4331,0.63,2025.8087699999999,59.16617043057196
drag1,56,91.914894,1363.5277,0.81,3703.406231,66.88615321698558
drag1,20,387.64108,1393.4691,0.72999996,1572.230539,67.9351196901375
drag1,53,97.90935,1099.4274,0.71,2733.70077,68.81904635931797
drag1,59,824.2368,267.86047,0.88,2189.193847,72.56804921968556
drag1,30,548.6487,501.73868,0.78,4203.918616,74.11665553381752
drag1,29,539.5005,223.88339,0.82,2233.534,66.81985474260014
drag1,60,826.235,486.74646,0.93,2403.425154,59.12427939778939
drag1,33,551.4894,665.65326,0.89,2021.3200769999999,57.056211404358265
drag1,62,849.2137,932.5143,0.71,2434.5239229999997,65.25126281623082
drag1,61,806.2535,680.6455,0.69,1806.869769,62.82527920592823
drag1,34,547.49304,941.5096,0.64,2184.901769,59.35121439721476
drag1,6,404.57208,524.7267,0.87,1980.5784609999998,71.7426811476694
drag1,48,96.91027,242.8735,0.81,1876.223384,71.31671076526891
drag1,12,387.64108,219.88547,0.75,2779.719307,61.969872006972835
drag1,49,93.91304,513.7324,0.65,2062.382769,60.68868266531302
drag1,51,84.92137,954.50287,0.84,2084.303307,66.90254152479582
drag1,2,390.6383,672.84546,0.82,2623.785462,67.75202696319852
drag1,5,386.642,918.5216,0.89,2564.225846,62.11865251694498
drag1,50,125.00617,682.6444,0.81,2784.244846,69.81481430771328
drag1,37,533.50604,802.582,0.85999995,2036.6153849999998,69.45741580425243
drag1,64,818.2424,1066.4446,0.83,2373.356154,72.1354476070022
drag1,38,572.4699,1073.4409,0.7,3486.607923,72.33154327467773
drag1,63,844.2183,840.5622,0.98999995,1876.4776929999998,66.92268372523998
drag1,29,523.51526,260.86414,0.78999996,3114.775616,63.97472427598339
drag1,31,284.73636,504.7371,0.81,2400.353847,69.15024848956917
drag1,28,261.75763,253.86777,0.76,1685.393,70.84345295265597
drag1,30,525.5134,520.72876,0.81,2125.6401539999997,71.53423455083222
drag1,42,550.4903,1515.2108,0.77,3894.770847,61.69917228300899
drag1,40,249.37772,1280.3331,0.89,3715.9674619999996,71.81592785892109
drag1,41,541.4986,1261.343,0.72999996,1858.1446159999998,61.98374523254485
drag1,43,254.76411,1510.2134,0.84999996,2235.747923,64.11504796274856
drag1,45,244.77336,1390.2759,0.71999997,2391.358692,72.94807417675734
drag1,82,518.5199,1657.1368,0.74,3086.719693,61.14627444118251
drag1,80,261.75763,1661.1348,0.84999996,2855.370923,69.0627789950507
drag1,44,529.5097,1421.2598,0.81,2297.4294609999997,65.22347366993726
drag1,57,825.2359,84.95575,0.91999996,2102.117769,85.2804078038554
drag1,26,556.48474,372.80582,0.78999996,2148.823539,77.17885847792306
drag1,58,825.2359,368.8079,0.72999996,2098.3018469999997,67.97483400517714
drag1,25,558.4829,98.94846,0.78,1917.798231,79.87617439648197
drag1,64,819.24146,1106.4237,0.71999997,2769.157307,63.57562510316326
drag1,44,564.47736,1365.2888,0.69,2960.782154,66.12666329088992
drag1,38,562.6098,1116.2877,0.78999996,1742.940461,68.95089265216662
drag1,67,812.2479,1382.28,0.81,1737.20177,65.28909512097131
drag1,9,424.60684,818.57367,0.82,1560.4213849999999,68.66543028671894
drag1,53,99.90749,1127.4127,0.90999997,2981.927308,68.12790438486735
drag1,16,372.65494,1104.4248,0.78999996,3018.934692,63.968690637589845
drag1,52,106.90102,844.5601,0.65999997,2646.575,70.8158725991007
drag1,74,950.45123,820.9098,0.74,3921.3782309999997,69.67263713552106
drag1,17,747.30804,1139.4065,0.81,621.242846,42.02023954650933
drag1,75,951.1193,1058.4487,0.84,2359.4585389999997,64.99755712707676
drag1,7,678.3719,831.5669,0.71,3392.772308,64.12272529257658
drag1,70,980.0925,257.8657,0.78,2161.762615,80.66679218424065
drag1,8,686.3645,513.7324,0.96,2597.468769,64.18262011775978
drag1,13,687.3635,272.85788,0.95,1500.699461,70.98837027972246
drag1,71,966.1901,512.64825,0.82,2113.682847,78.19682743750109
drag1,78,976.5348,1357.2931,0.79999995,2157.194385,68.07781141980252
drag1,83,696.3552,1666.1322,0.77,2135.796692,66.12884657786861
drag1,21,691.35986,1396.2727,1.0799999,2297.354154,68.84372809841454
drag1,85,978.09436,1678.126,0.90999997,1848.577,54.12394222677896
drag1,19,688.3626,1216.3665,0.71999997,2662.2190769999997,66.83870307488993
drag1,77,957.1138,1543.1962,0.71,2195.31,64.5805723447707
drag1,76,977.0953,1277.3347,0.78999996,1858.5824619999999,70.39059825660142
drag1,23,710.3423,1505.216,0.71,2332.985462,71.19030139596885
drag1,15,688.8622,90.95263,0.95,2419.845692,80.22536182736815
drag1,69,965.1064,380.80167,0.96,2646.246154,61.38607956850578
drag1,11,680.37006,381.80115,0.85999995,1980.728923,76.97720246192712
drag1,68,950.12024,120.93701,0.89,1899.975616,66.82491871499036
drag1,21,691.35986,1407.267,0.81,3492.3865379999997,56.805669846092016
drag1,75,947.12305,1149.4014,0.77,5136.041846,65.86782084269011
drag1,17,662.38666,1130.4113,0.79999995,2969.51077,66.98742880157333
drag1,78,946.12396,1377.2826,0.85999995,1932.1741539999998,64.17523558276861
drag1,54,96.91027,1236.3561,0.97999996,2133.751539,66.90035834576342
drag1,22,386.642,1488.2249,0.94,2292.377385,79.10982361050283
drag1,18,420.61053,1265.341,0.94,1573.8319999999999,69.9993268303402
drag1,55,122.886215,1509.2139,0.84,1827.899923,59.23864464222507
drag1,67,825.36694,1383.2795,0.79999995,2941.0047689999997,72.02264881180649
drag1,82,564.47736,1661.1348,0.72999996,2137.819615,64.33558880121433
drag1,84,845.2174,1665.1327,0.98999995,2065.0268459999998,56.97045007634647
drag1,44,557.4838,1403.269,1.06,4490.390538,63.812686125243815
drag1,38,542.4977,1104.4248,0.77,2145.614923,66.82155625203143
drag1,45,268.75116,1366.2883,0.87,3506.756231,67.28205854817735
drag1,44,521.5171,1412.2644,0.84999996,2383.478462,64.96772853811291
drag1,39,273.1042,1123.4149,0.94,1624.0259999999998,71.90316693302654
drag1,56,117.89084,1376.2832,0.88,2165.1388469999997,60.132539433202446
drag1,81,388.64014,1660.6444,0.90999997,1837.7769999999998,64.6620981119302
drag1,20,414.68887,1394.2738,0.78999996,1899.72523,68.8756342325805
drag1,79,112.89547,1656.1373,0.76,2619.023615,70.27713093530444
drag1,33,541.4986,650.6611,0.74,2854.169846,70.45850390457478
drag1,35,285.73544,919.52106,1.0,2505.3019999999997,66.14081419983292
drag1,34,530.5088,974.49243,0.88,1717.045615,59.98262811399057
drag1,32,258.09485,718.6257,0.81,3327.067154,65.51878446462582
drag1,9,407.62256,766.6007,0.9,1471.105231,75.34911597074229
drag1,8,660.38855,570.70276,0.79999995,2095.181769,69.89482399377057
drag1,6,377.65033,520.72876,0.85999995,2525.839,69.97701392608965
drag1,7,676.53625,791.4251,0.83,2493.264385,61.28292341506145
drag1,14,400.62906,101.9469,0.90999997,2493.447001,73.85038876849889
drag1,47,124.88437,381.80115,0.88,1767.568231,61.231533113694
drag1,46,99.90749,92.951584,0.83,2567.596231,105.0264215003512
drag1,10,375.65216,389.79697,1.01,2839.4263849999998,69.13570524622611
drag1,4,679.371,654.659,0.94,2601.594616,66.28663976386012
drag1,73,982.09064,960.4997,0.7,1654.5761539999999,53.68230030406736
drag1,72,967.10455,656.65796,1.05,1540.327231,65.87802261797015
drag1,3,705.3469,951.5044,1.06,2019.344308,57.279282887558196
scale2,25,70.00692,1784.894769
scale2,9,33.319748,1686.0523079999998
scale2,28,6.4575233,1716.954385
scale2,10,35.815735,1379.633846
scale2,29,10.571949,1637.514846
scale2,12,0.5427532,1911.036846
scale2,30,-3.4215546,1932.5532309999999
scale2,13,2.7874718,1879.395231
scale2,32,8.459536,1828.365
scale2,15,9.866238,1635.252462
scale2,34,-9.082981,2042.0486919999998
scale2,17,-16.209457,2082.729077
scale2,1,-10.486662,2134.3654619999998
scale2,20,-16.1034,2042.6323849999999
scale2,3,-465.18646,4891.552001
scale2,25,13.091726,2418.331846
scale2,9,43.50032,1664.6043849999999
scale2,28,25.284004,2228.759462
scale2,10,26.91132,1858.8523069999999
scale2,29,29.5133,1584.6370769999999
scale2,12,10.838888,1726.766846
scale2,30,15.022236,1562.9996919999999
scale2,13,14.90126,1982.7329229999998
scale2,32,-4.4529305,2256.998615
scale2,15,-2.0978107,2275.7380009999997
scale2,34,-4.7766438,1673.449923
scale2,17,1.8237591,2119.7741539999997
scale2,1,23.681173,1981.211462
scale2,20,0.0031471252,1959.8770769999999
scale2,3,-7.6472626,2543.1769999999997
scale2,24,6.6139984,1859.1560769999999
scale2,16,-0.8932171,2157.186077
scale2,2,-473.45886,4280.078923
scale2,25,36.54102,2234.8867689999997
scale2,9,15.347271,3002.907154
scale2,28,37.53375,2053.457
scale2,10,-3.0955124,2618.0214619999997
scale2,29,7.140072,2123.4218459999997
scale2,12,-6.808176,2493.498846
scale2,30,7.9515896,2371.8824609999997
scale2,13,3.7489815,2300.712693
scale2,32,-4.9073124,2420.6643839999997
scale2,15,-8.607073,2626.376923
scale2,34,-3.6906967,2481.903692
scale2,17,19.51759,2807.845077
scale2,1,26.777,2349.393693
scale2,20,28.758682,1899.661923
scale2,3,-151.63853,3902.9548459999996
scale2,24,4.04607,2134.766231
scale2,16,-13.358665,2237.354385
scale2,2,-0.702816,2492.147923
scale2,23,-11.020603,2531.569154
scale2,7,5.069641,2502.0160769999998
scale2,11,-8.771038,2368.408231
scale2,14,0.5792599,2848.701692
scale2,26,0.5616989,2239.520385
scale2,35,21.94975,2114.7206929999998
scale2,21,28.044977,2461.099385
scale2,22,24.316011,1840.626538
scale2,27,-16.127192,2312.4513079999997
scale2,36,-9.854782,2949.9359999999997
scale2,31,-11.761562,2902.6626149999997
scale2,19,-8.778717,2685.5745389999997
scale2,4,-11.472467,3105.4259239999997
scale2,8,-7.3637066,2868.9476919999997
scale2,5,1.4537201,2236.281923
scale2,33,24.053164,2031.888923
scale2,18,12.178682,2023.050385
scale2,6,-6.456768,2543.844
scale1,27,-14.663658,754.002385
scale1,46,-6.9474964,1706.161692
scale1,26,0.008239746,940.933
scale1,4,-7.7708015,937.3950769999999
scale1,43,-9.974539,1202.390539
scale1,25,15.032627,774.3449999999999
scale1,42,-11.584362,1255.549154
scale1,23,-13.47171,774.0989999999999
scale1,5,111.253296,763.8666929999999
scale1,24,-5.2799263,1001.268692
scale1,19,-27.446714,1346.415692
scale1,2,-18.148968,1296.464461
scale1,44,-9.19784,1235.0863849999998
scale1,65,-13.183731,1363.347
scale1,45,-9.439917,980.992539
scale1,28,-3.6320457,1317.411154
scale1,13,30.101269,757.305615
scale1,56,25.924335,705.4233849999999
scale1,40,-9.948034,868.041693
scale1,41,-3.18849,899.162692
scale1,6,-21.077185,2469.839
scale1,51,-33.325962,1051.560462
scale1,36,-1.1252575,1062.987692
scale1,21,-17.820202,1396.847
scale1,8,-16.612324,1308.494846
scale1,57,-18.24393,1111.9889229999999
scale1,39,7.1530952,733.3120769999999
scale1,9,-26.64145,1131.712308
scale1,58,-9.375698,1184.779384
scale1,47,-22.14473,845.931385
scale1,1,-11.420185,1581.035923
scale1,35,4.416195,706.4381539999999
scale1,3,-18.429892,1233.087616
scale1,17,-19.45816,1274.867461
scale1,53,2.588894,1195.110692
scale1,34,-3.7108727,1009.108923
scale1,18,-11.3694935,1276.874308
scale1,50,-19.662266,1244.4585379999999
scale1,62,-7.55171,1141.7301539999999
scale1,66,-22.693016,1744.0926929999998
scale1,20,-17.427767,1654.8469229999998
scale1,37,-3.3283424,1308.058693
scale1,32,-5.433323,1213.545923
scale1,31,-8.651098,1447.918308
scale1,49,1.038517,1299.3796149999998
scale1,7,-12.759453,2636.4069999999997
scale1,15,16.923992,896.577539
scale1,10,-15.808073,1856.958154
scale1,60,9.128849,841.319
scale1,63,-16.476625,1410.068769
scale1,59,-6.941677,1723.405847
scale1,55,-5.9721165,1392.816384
scale1,14,-10.253403,1851.28477
scale1,12,-2.194519,1337.839923
scale1,54,-16.721792,2020.0566159999998
scale1,52,-15.701815,1486.889539
scale1,48,-12.871616,1606.426461
scale1,30,-10.722588,1483.7328459999999
scale1,16,-11.420048,2075.736539
scale1,11,-9.35788,1102.921
scale1,61,-11.127743,2001.8800769999998
scale1,38,-8.56913,2128.051001
scale1,29,-6.0877476,1378.423847
scale1,64,-18.929735,2667.770692
scale1,22,-16.65172,2196.5293079999997
scale1,33,-15.18029,972.470615
rotate2,2,0.8555832,3995.130308
rotate2,13,-0.28919983,2609.1703079999997
rotate2,8,1.4346924,2859.700462
rotate2,3,1.131012,2401.4003079999998
rotate2,7,1.3188782,2812.560462
rotate2,12,1.0714798,2587.922385
rotate2,1,-1.7211609,2360.237231
rotate2,11,-1.0880051,2636.834078
rotate2,6,0.27524567,2571.4067689999997
rotate2,10,-0.54354095,2564.2486919999997
rotate2,5,0.38700104,2155.117692
rotate2,15,-1.5163269,1838.436616
rotate2,9,1.7490463,2289.365308
rotate2,4,1.6371536,2267.359
rotate2,14,-63.812714,2533.338154
rotate1,9,-0.31529808,1767.438846
rotate1,4,-4.087183,1209.21577
rotate1,13,-1.2891979,962.578616
rotate1,6,-0.67604256,3175.2266919999997
rotate1,9,-0.4562893,3615.220538
rotate1,4,-2.949813,1133.633461
rotate1,13,0.31789303,2687.645615
rotate1,6,2.2103252,3628.5783079999997
rotate1,15,-0.6099701,2019.514307
rotate1,2,-1.1461792,1461.736616
rotate1,10,0.22386456,1422.517077
rotate1,5,2.4409237,2108.50023
rotate1,14,0.06899834,1276.262231
rotate1,8,3.6649609,1378.52223
rotate1,11,0.68293095,1123.971
rotate1,7,1.1444874,1039.3008459999999
rotate1,1,-2.237091,1162.430385
rotate1,12,5.3633766,1774.8331529999998
rotate1,3,-1.2895699,1470.549077
tap2,6,138,480,216.79926,487.74594,1.4499999,1567568478792
tap2,7,759,1101,824.2368,1129.4117,0.98999995,1567568480112
tap2,8,138,1101,236.78076,1132.4102,1.28,1567568481052
tap2,9,759,480,804.2553,497.74075,1.3399999,1567568482062
tap2,164,0,687,80.92507,720.62463,1.24,1567568483114
tap2,183,621,1308,671.37836,1357.2931,0.87,1567568483992
tap2,182,0,1308,89.91675,1326.3092,0.96,1567568485065
tap2,163,621,687,710.3423,713.6283,1.06,1567568486066
tap2,242,345,66,420.61053,123.93545,1.3199999,1567568487148
tap2,243,552,1032,621.4246,1059.4481,0.62,1567568488364
tap2,244,345,1032,450.5828,1067.444,1.09,1567568489140
tap2,245,552,66,653.395,122.93597,1.11,1567568490457
tap2,42,69,411,126.882515,453.76364,1.17,1567568491468
tap2,43,690,1032,736.31824,1049.4534,1.0699999,1567568492510
tap2,45,690,411,755.30066,481.74908,1.27,1567568493532
tap2,44,69,1032,153.85754,1056.4497,1.13,1567568494451
tap2,322,345,756,408.62164,725.6221,1.14,1567568495258
tap2,321,483,1653,558.4829,1668.1311,0.48999998,1567568496330
tap2,316,345,1653,403.62628,1651.14,1.38,1567568497300
tap2,323,483,756,571.4709,782.5924,1.18,1567568498138
tap2,2,138,549,197.81683,562.7069,1.16,1567568499077
tap2,3,759,1170,836.2257,1156.3977,0.87,1567568500068
tap2,4,138,1170,213.80203,1183.3837,1.2099999,1567568500987
tap2,5,759,549,820.24054,538.7194,1.13,1567568501927
tap2,11,759,1032,845.2174,1045.4554,1.12,1567568502969
tap2,10,138,411,228.78816,431.77512,1.42,1567568503827
tap2,12,138,1032,205.80943,1075.4398,1.11,1567568504675
tap2,13,759,411,792.2664,466.7569,1.0,1567568505461
tap2,15,759,963,843.21924,973.4929,1.3,1567568506442
tap2,14,138,342,220.79556,366.80893,1.37,1567568507443
tap2,17,759,342,831.23035,334.8256,1.15,1567568508617
tap2,16,138,963,209.80574,978.49036,1.06,1567568509598
tap2,122,207,66,267.75208,114.94013,1.0,1567568510966
tap2,123,828,687,914.15356,722.6236,1.11,1567568511977
tap2,124,207,687,296.72525,699.63556,1.03,1567568512927
tap2,125,828,66,897.1693,112.94118,0.9,1567568514000
tap2,135,621,1170,704.34784,1155.3982,0.74,1567568514960
tap2,134,0,549,73.93155,574.7007,1.14,1567568516063
tap2,136,0,1170,89.91675,1176.3873,0.97999996,1567568517105
tap2,137,621,549,699.3525,565.7053,1.0,1567568518106
tap2,130,69,66,140.86957,148.92244,0.97999996,1567568519260
tap2,131,690,687,743.31177,728.6205,1.03,1567568520281
tap2,133,690,66,756.29974,120.93701,1.23,1567568521282
tap2,132,69,687,153.85754,712.62885,0.90999997,1567568522202
tap2,127,759,687,855.2081,710.6299,0.95,1567568523182
tap2,126,138,66,249.76874,112.94118,0.45999998,1567568524520
tap2,128,138,687,178.83441,730.61945,0.97999996,1567568525583
tap2,129,759,66,849.2137,111.941696,1.22,1567568526696
tap2,18,138,273,220.79556,273.85736,1.2099999,1567568527820
tap2,19,759,894,827.2341,892.5351,0.69,1567568528790
tap2,20,138,894,224.79185,916.52264,0.75,1567568529862
tap2,21,759,273,823.23773,296.8454,1.17,1567568530924
tap2,35,828,1170,894.17206,1154.3987,0.89,1567568531925
tap2,34,207,549,303.71878,537.7199,0.96,1567568532936
tap2,36,207,1170,278.7419,1181.3846,1.0,1567568533988
tap2,37,828,549,924.1443,560.70795,1.14,1567568535112
tap2,26,138,135,235.78168,170.91098,1.0799999,1567568536225
tap2,27,759,756,844.2183,777.595,1.01,1567568537257
tap2,28,138,756,186.82701,795.58563,0.97999996,1567568538155
tap2,29,759,135,829.2322,139.92712,1.1,1567568539401
tap2,43,690,1032,740.3145,1067.444,0.82,1567568540280
tap2,42,69,411,140.86957,443.76886,1.24,1567568541342
tap2,45,690,411,781.2766,428.77667,1.0699999,1567568542353
tap2,44,69,1032,147.8631,1049.4534,1.06,1567568543354
tap2,24,138,825,198.81592,850.557,1.06,1567568544304
tap2,25,759,204,827.2341,217.8865,1.0799999,1567568545326
tap2,22,138,204,209.80574,215.88756,0.89,1567568546347
tap2,23,759,825,823.23773,865.5492,0.96999997,1567568547480
tap2,38,69,480,117.89084,496.74127,1.02,1567568548451
tap2,39,690,1101,776.28125,1112.4205,0.93,1567568549462
tap2,40,69,1101,156.85477,1123.4149,1.0699999,1567568550412
tap2,41,690,480,768.28864,496.74127,1.11,1567568551423
tap2,33,690,549,772.2849,579.69806,1.05,1567568552516
tap2,32,69,1170,130.87881,1206.3717,0.97999996,1567568553517
tap2,30,69,549,158.85292,569.70325,1.13,1567568554528
tap2,31,690,1170,777.2803,1166.3925,0.96,1567568555549
tap2,46,69,342,137.87234,379.8022,1.17,1567568556570
tap2,47,690,963,757.2988,983.48773,1.03,1567568557562
tap2,48,69,963,156.85477,965.49713,1.06,1567568558562
tap2,49,690,342,739.3154,356.81415,1.25,1567568559492
tap2,108,276,963,346.67902,1013.4721,0.95,1567568560422
tap2,231,897,1584,999.07495,1595.1692,0.76,1567568561606
tap2,230,276,1584,365.66144,1610.1614,1.12,1567568562648
tap2,107,897,963,950.12024,975.4919,1.16,1567568563761
tap2,143,621,1032,716.33673,1067.444,1.02,1567568564804
tap2,232,0,1653,77.92784,1698.1155,1.01,1567568565937
tap2,233,621,1653,701.3506,1661.1348,1.0699999,1567568566999
tap2,144,0,1032,89.91675,1058.4487,1.04,1567568568153
tap2,44,69,1032,146.86401,1059.4481,1.05,1567568569093
tap2,235,690,1653,764.2923,1652.1395,0.5,1567568570063
tap2,43,690,1032,755.30066,1056.4497,1.0699999,1567568571258
tap2,234,69,1653,156.85477,1663.1338,0.42999998,1567568572229
tap2,12,138,1032,213.80203,1072.4414,1.12,1567568573485
tap2,237,759,1653,866.198,1645.1431,0.95,1567568574568
tap2,11,759,1032,853.21,1049.4534,0.76,1567568575528
tap2,236,138,1653,190.82332,1662.1343,0.75,1567568576457
tap2,238,207,1653,252.76596,1707.1108,1.04,1567568577377
tap2,67,828,1032,895.17114,1045.4554,1.09,1567568578572
tap2,68,207,1032,268.75116,1058.4487,1.1,1567568579481
tap2,239,828,1653,893.173,1684.1228,1.11,1567568580482
tap2,104,276,1032,350.6753,1062.4467,1.0799999,1567568581360
tap2,241,897,1653,966.10547,1678.126,0.69,1567568582402
tap2,240,276,1653,352.67346,1648.1416,1.01,1567568583464
tap2,103,897,1032,966.10547,1049.4534,1.12,1567568584543
tap2,50,69,273,125.88344,295.84592,1.24,1567568585507
tap2,51,690,894,761.2951,887.5377,1.06,1567568586447
tap2,52,69,894,144.86586,920.52057,1.09,1567568587417
tap2,53,690,273,739.3154,313.83655,0.97999996,1567568588367
tap2,55,690,825,740.3145,893.5346,1.01,1567568589185
tap2,54,69,204,118.889915,234.87766,1.05,1567568590267
tap2,56,69,825,144.86586,849.5575,1.28,1567568591187
tap2,57,690,204,730.3238,245.87193,0.98999995,1567568592065
tap2,59,690,756,777.2803,770.59863,1.22,1567568592892
tap2,58,69,135,142.86772,171.91046,1.3,1567568594016
tap2,61,690,135,742.3127,163.91463,0.78,1567568595129
tap2,60,69,756,134.87512,801.5825,1.1999999,1567568596181
tap2,62,207,480,280.74005,497.74075,1.0,1567568597121
tap2,63,828,1101,860.2035,1132.4102,0.96,1567568597999
tap2,64,207,1101,275.7447,1143.4044,1.06,1567568598847
tap2,65,828,480,916.15173,490.7444,1.02,1567568599858
tap2,290,345,480,440.59204,479.75012,1.18,1567568600706
tap2,291,552,1446,632.4144,1443.2483,0.45999998,1567568601584
tap2,293,552,480,600.44403,511.73346,1.16,1567568602585
tap2,292,345,1446,429.60223,1445.2472,1.15,1567568603545
tap2,141,621,480,679.371,505.73657,1.15,1567568604495
tap2,295,414,1446,491.54486,1459.24,1.05,1567568605425
tap2,294,414,480,509.52823,483.74805,0.59,1567568606344
tap2,203,621,1446,682.36816,1463.2379,1.15,1567568607386
tap2,297,483,1446,565.47644,1438.2509,1.15,1567568608254
tap2,41,690,480,741.3136,512.7329,1.0799999,1567568609255
tap2,296,483,480,564.47736,507.73553,1.26,1567568610062
tap2,205,690,1446,766.29047,1429.2556,1.11,1567568611053
tap2,319,414,1653,463.57077,1678.126,1.05,1567568611891
tap2,325,552,756,613.432,775.596,1.15,1567568612871
tap2,324,414,756,513.52454,769.5991,1.14,1567568613678
tap2,315,552,1653,614.4311,1666.1322,1.12,1567568614659
tap2,298,345,549,418.6124,570.70276,1.18,1567568615711
tap2,299,552,1515,649.3987,1530.203,1.13,1567568616712
tap2,301,552,549,600.44403,578.6986,1.1999999,1567568617621
tap2,300,345,1515,424.60684,1511.2129,1.0699999,1567568618530
tap2,326,345,825,398.6309,854.5549,1.0,1567568619388
tap2,256,483,135,576.46625,168.91202,0.84999996,1567568620378
tap2,250,345,135,437.59482,169.9115,1.1,1567568621380
tap2,327,483,825,554.4866,867.54816,0.98999995,1567568622319
tap2,67,828,1032,904.16284,1076.4393,0.95,1567568623300
tap2,66,207,411,280.74005,398.7923,1.11,1567568624239
tap2,68,207,1032,290.7308,1034.4612,1.12,1567568625057
tap2,69,828,411,882.18317,438.77145,0.84999996,1567568625894
tap2,72,207,963,314.70862,975.4919,0.85999995,1567568626813
tap2,73,828,342,908.1591,365.80948,1.03,1567568627784
tap2,70,207,342,273.74652,355.81467,1.18,1567568628785
tap2,71,828,963,902.1647,989.4846,1.01,1567568629776
tap2,76,207,894,263.7558,917.5221,1.03,1567568630736
tap2,77,828,273,884.18134,304.84122,1.1,1567568631604
tap2,74,207,273,269.75024,288.84955,1.2099999,1567568632615
tap2,75,828,894,873.19147,927.5169,0.81,1567568633606
tap2,80,207,825,264.75485,830.5674,1.23,1567568634494
tap2,81,828,204,899.1674,245.87193,1.1,1567568635485
tap2,78,207,204,260.75854,217.8865,1.06,1567568636547
tap2,79,828,825,940.1295,836.5643,0.87,1567568637548
tap2,84,207,756,279.74097,776.5955,1.17,1567568638478
tap2,85,828,135,874.19055,172.90994,0.96,1567568639376
tap2,82,207,135,286.7345,173.90942,1.02,1567568640398
tap2,83,828,756,896.1702,773.59705,0.97999996,1567568641399
tap2,89,621,618,711.3414,630.6715,1.11,1567568642216
tap2,88,0,1239,100.90657,1254.3467,1.0,1567568643227
tap2,87,621,1239,674.3756,1252.3477,1.09,1567568644147
tap2,86,0,618,73.93155,662.65485,1.03,1567568645116
tap2,305,483,1515,548.4921,1498.2196,1.0,1567568646128
tap2,33,690,549,755.30066,552.7121,1.03,1567568646884
tap2,304,483,549,549.4912,586.6944,0.96999997,1567568647629
tap2,215,690,1515,736.31824,1509.2139,1.03,1567568648743
tap2,309,552,618,617.4283,621.6762,1.11,1567568649642
tap2,308,345,1584,410.6198,1597.1681,0.94,1567568650612
tap2,307,552,1584,577.46533,1617.1577,0.82,1567568651552
tap2,306,345,618,417.6133,631.67096,1.14,1567568652532
tap2,258,345,204,408.62164,208.8912,1.11,1567568653482
tap2,331,483,894,552.48846,931.51483,0.93,1567568654340
tap2,330,345,894,430.6013,913.5242,1.0699999,1567568655188
tap2,264,483,204,558.4829,227.8813,1.15,1567568656209
tap2,223,621,1584,689.3617,1595.1692,0.93,1567568657220
tap2,310,414,618,481.5541,653.65955,1.12,1567568658129
tap2,89,621,618,691.35986,658.6569,0.96999997,1567568658936
tap2,311,414,1584,482.5532,1604.1644,1.0,1567568659998
tap2,261,552,204,614.4311,244.87245,1.2099999,1567568660989
tap2,322,345,756,421.60962,801.5825,1.03,1567568661806
tap2,262,414,204,498.5384,206.89224,1.16,1567568662776
tap2,333,552,894,627.41907,913.5242,1.06,1567568663552
tap2,312,483,618,552.48846,640.6663,1.0699999,1567568664359
tap2,225,690,1584,751.3043,1599.1671,0.98999995,1567568665401
tap2,93,690,618,769.2877,654.659,1.15,1567568666228
tap2,313,483,1584,543.49677,1603.165,0.97999996,1567568667311
tap2,91,690,1239,771.2858,1274.3363,0.98999995,1567568668302
tap2,90,69,618,155.85568,649.6616,1.05,1567568669221
tap2,93,690,618,787.27106,618.67773,1.01,1567568670110
tap2,92,69,1239,155.85568,1278.3342,1.01,1567568671070
tap2,108,276,963,352.67346,974.49243,1.03,1567568671856
tap2,109,897,342,927.14154,377.80322,1.12,1567568672735
tap2,106,276,342,379.64847,367.8084,1.0799999,1567568673654
tap2,107,897,963,961.1101,977.49084,0.87,1567568674614
tap2,100,276,1101,336.68826,1139.4065,1.1,1567568675564
tap2,101,897,480,953.1175,534.7215,1.02,1567568676575
tap2,99,897,1101,979.09344,1114.4196,0.59999996,1567568677596
tap2,98,276,480,353.67252,501.73868,0.98999995,1567568678516
tap2,105,897,411,975.09717,440.77042,0.97999996,1567568679476
tap2,104,276,1032,356.66974,1045.4554,1.0799999,1567568680344
tap2,102,276,411,334.6901,422.7798,1.18,1567568681304
tap2,103,897,1032,969.10266,1062.4467,1.0,1567568682284
tap2,97,897,549,983.0897,572.7017,1.09,1567568683265
tap2,96,276,1170,350.6753,1200.3748,0.97999996,1567568684164
tap2,94,276,549,313.70953,589.6929,1.02,1567568685084
tap2,95,897,1170,961.1101,1178.3862,0.62,1567568686043
tap2,111,897,894,975.09717,919.52106,0.84999996,1567568686972
tap2,110,276,273,346.67902,302.84225,0.79999995,1567568687882
tap2,112,276,894,362.6642,915.52313,0.84,1567568688739
tap2,113,897,273,954.1166,323.83133,1.15,1567568689608
tap2,116,276,825,342.6827,837.5637,1.14,1567568690496
tap2,117,897,204,963.1082,235.87714,1.16,1567568691395
tap2,114,276,204,356.66974,255.86673,0.68,1567568692345
tap2,115,897,825,962.1092,835.5648,0.61,1567568693203
tap2,119,897,756,934.1351,819.5731,0.93,1567568694204
tap2,118,276,135,349.67624,150.92139,1.05,1567568695204
tap2,121,897,135,958.11285,157.91774,1.16,1567568696226
tap2,120,276,756,338.6864,782.5924,1.17,1567568697084
tap2,152,0,894,93.91304,924.51843,1.15,1567568698075
tap2,213,621,1515,684.36633,1516.2103,1.04,1567568699014
tap2,212,0,1515,86.91952,1527.2046,0.96,1567568700015
tap2,151,621,894,722.3312,924.51843,1.06,1567568700883
tap2,56,69,825,102.90472,894.53406,1.06,1567568701843
tap2,205,690,1446,766.29047,1434.2529,1.01,1567568702732
tap2,204,69,1446,177.83534,1426.2571,0.62,1567568703518
tap2,55,690,825,753.3025,856.55383,1.06,1567568704560
tap2,24,138,825,189.82423,854.5549,1.05,1567568705459
tap2,207,759,1446,823.23773,1434.2529,1.01,1567568706450
tap2,206,138,1446,221.79463,1470.2343,1.05,1567568707410
tap2,23,759,825,850.21277,856.55383,0.95,1567568708462
tap2,80,207,825,291.7299,828.5684,0.98999995,1567568709309
tap2,209,828,1446,878.1869,1474.2322,0.78999996,1567568710351
tap2,208,207,1446,292.72894,1450.2446,0.98999995,1567568711199
tap2,79,828,825,908.1591,865.5492,1.02,1567568712169
tap2,115,897,825,952.1184,844.5601,1.04,1567568713129
tap2,210,276,1446,335.68918,1471.2336,1.05,1567568714018
tap2,116,276,825,343.68176,842.56116,0.62,1567568714896
tap2,211,897,1446,951.1193,1427.2566,0.90999997,1567568715897
tap2,203,621,1446,687.3635,1475.2316,1.04,1567568716816
tap2,156,0,825,83.922295,877.5429,1.11,1567568717807
tap2,202,0,1446,100.90657,1461.2389,0.83,1567568718726
tap2,155,621,825,688.3626,847.55853,1.1,1567568719604
tap2,52,69,894,132.87697,915.52313,1.0,1567568720483
tap2,215,690,1515,729.3247,1540.1978,1.05,1567568721463
tap2,51,690,894,781.2766,927.5169,1.0699999,1567568722239
tap2,214,69,1515,150.86032,1541.1973,1.0699999,1567568723210
tap2,216,138,1515,215.80019,1534.2009,0.90999997,1567568724047
tap2,19,759,894,841.22107,927.5169,0.94,1567568724966
tap2,217,759,1515,821.2396,1539.1982,0.68,1567568725998
tap2,20,138,894,200.81406,921.52,1.06,1567568726887
tap2,141,621,480,694.35706,495.7418,1.0799999,1567568727877
tap2,140,0,1101,91.914894,1137.4076,1.03,1567568728776
tap2,138,0,480,78.92692,554.71106,1.17,1567568729818
tap2,139,621,1101,690.3608,1120.4164,1.09,1567568730727
tap2,142,0,411,78.92692,441.7699,1.17,1567568731717
tap2,143,621,1032,698.3534,1044.4559,0.96999997,1567568732637
tap2,144,0,1032,83.922295,1059.4481,0.90999997,1567568733556
tap2,145,621,411,695.35614,410.78604,1.26,1567568734495
tap2,148,0,963,87.918594,987.48566,0.89,1567568735425
tap2,149,621,342,687.3635,359.8126,1.17,1567568736283
tap2,147,621,963,683.36725,1025.4658,0.95,1567568737028
tap2,146,0,342,86.91952,402.7902,1.1899999,1567568738121
tap2,153,621,273,695.35614,302.84225,1.11,1567568739112
tap2,152,0,894,97.90935,927.5169,0.7,1567568740062
tap2,150,0,273,97.90935,304.84122,1.14,1567568741022
tap2,151,621,894,701.3506,941.5096,1.02,1567568742084
tap2,266,345,273,419.61148,284.85162,1.18,1567568742983
tap2,267,552,1239,638.4089,1277.3347,0.65,1567568743851
tap2,269,552,273,616.42926,306.84018,1.3399999,1567568744862
tap2,268,345,1239,404.62534,1256.3456,1.04,1567568745710
tap2,271,414,1239,465.5689,1282.332,0.85999995,1567568746558
tap2,153,621,273,675.37463,279.85425,1.12,1567568747467
tap2,270,414,273,483.55228,280.85373,1.22,1567568748376
tap2,87,621,1239,698.3534,1261.343,1.0799999,1567568749295
tap2,91,690,1239,749.3062,1224.3623,0.95,1567568750164
tap2,272,483,273,544.49585,297.84488,1.1899999,1567568751031
tap2,273,483,1239,526.5125,1234.357,0.94,1567568751879
tap2,53,690,273,741.3136,322.83185,1.01,1567568752819
tap2,277,552,342,659.38947,350.81726,1.1899999,1567568753636
tap2,276,345,1308,410.6198,1318.3134,1.01,1567568754535
tap2,274,345,342,408.62164,377.80322,1.2099999,1567568755393
tap2,275,552,1308,594.4496,1337.3035,1.05,1567568756261
tap2,183,621,1308,685.3654,1318.3134,1.01,1567568757210
tap2,278,414,342,495.54117,361.81155,1.1899999,1567568758160
tap2,149,621,342,684.36633,365.80948,1.25,1567568759038
tap2,279,414,1308,472.56244,1331.3065,0.97999996,1567568759917
tap2,281,483,1308,544.49585,1334.305,0.91999996,1567568760713
tap2,49,690,342,752.3034,382.80063,1.15,1567568761581
tap2,280,483,342,558.4829,382.80063,0.97999996,1567568762378
tap2,185,690,1308,775.28217,1304.3207,0.95,1567568763379
tap2,156,0,825,96.91027,843.5606,0.79999995,1567568764379
tap2,157,621,204,700.3515,206.89224,1.0799999,1567568765278
tap2,155,621,825,663.38574,877.5429,1.12,1567568766085
tap2,154,0,204,105.90195,255.86673,1.05,1567568767229
tap2,158,0,135,82.92322,181.90526,0.96,1567568768291
tap2,159,621,756,652.39594,806.5799,0.97999996,1567568769179
tap2,160,0,756,74.93062,783.59186,1.1,1567568770037
tap2,161,621,135,698.3534,161.91566,1.03,1567568770916
tap2,162,0,66,85.92044,133.93024,1.18,1567568772070
tap2,163,621,687,706.346,755.60645,0.76,1567568772815
tap2,164,0,687,81.92415,694.6382,1.04,1567568773796
tap2,165,621,66,665.3839,88.95367,1.16,1567568774756
tap2,169,897,66,952.1184,83.95627,1.12,1567568775808
tap2,168,276,687,331.69287,751.6085,1.13,1567568776686
tap2,166,276,66,375.65216,94.95055,1.05,1567568777666
tap2,167,897,687,924.1443,692.6392,0.77,1567568778453
tap2,170,138,618,168.84366,654.659,1.03,1567568779372
tap2,171,759,1239,818.2424,1254.3467,0.87,1567568780394
tap2,173,759,618,837.2248,673.6491,1.06,1567568781292
tap2,172,138,1239,217.79834,1281.3326,1.02,1567568782171
tap2,177,828,618,876.1887,668.65173,1.02,1567568783335
tap2,176,207,1239,320.70306,1245.3513,0.71999997,1567568784142
tap2,174,207,618,282.73822,647.66266,1.13,1567568785071
tap2,175,828,1239,887.1785,1272.3373,1.02,1567568786001
tap2,133,690,66,735.31915,117.93857,1.1999999,1567568787226
tap2,249,483,1032,552.48846,1018.46954,1.09,1567568788044
tap2,43,690,1032,762.2942,1075.4398,0.94,1567568788820
tap2,248,483,66,565.47644,109.94273,1.18,1567568789953
tap2,251,552,1101,613.432,1132.4102,0.84999996,1567568790822
tap2,250,345,135,406.6235,137.92816,1.2099999,1567568791884
tap2,252,345,1101,418.6124,1117.418,1.06,1567568792762
tap2,253,552,135,619.42645,154.91931,1.23,1567568793722
tap2,254,414,135,461.57263,186.90265,1.18,1567568794733
tap2,139,621,1101,710.3423,1100.4269,0.96,1567568795683
tap2,161,621,135,675.37463,137.92816,1.2099999,1567568796623
tap2,255,414,1101,480.55505,1093.4304,0.98999995,1567568797471
tap2,178,276,618,370.6568,608.683,1.01,1567568798288
tap2,179,897,1239,932.1369,1240.354,0.81,1567568799299
tap2,181,897,618,969.10266,634.66943,1.11,1567568800248
tap2,180,276,1239,343.68176,1269.3389,0.96999997,1567568801096
tap2,132,69,687,148.86217,710.6299,1.05,1567568801954
tap2,185,690,1308,745.3099,1337.3035,0.94,1567568803047
tap2,184,69,1308,138.87141,1310.3175,0.75,1567568803945
tap2,131,690,687,766.29047,712.62885,1.03,1567568804803
tap2,127,759,687,834.2276,689.6408,1.0,1567568805559
tap2,187,759,1308,839.22296,1316.3143,0.93,1567568806540
tap2,186,138,1308,212.80296,1333.3055,1.03,1567568807459
tap2,126,138,66,181.83163,113.94065,1.16,1567568808746
tap2,123,828,687,942.1277,676.6476,0.41,1567568809624
tap2,188,207,1308,251.76688,1359.292,1.17,1567568810604
tap2,124,207,687,321.70212,717.6262,1.05,1567568811503
tap2,189,828,1308,912.1554,1331.3065,0.90999997,1567568812545
tap2,317,552,687,653.395,656.65796,1.05,1567568813352
tap2,316,345,1653,417.6133,1631.1504,1.0,1567568814383
tap2,314,345,687,421.60962,735.6168,1.1999999,1567568815292
tap2,315,552,1653,620.42554,1692.1187,0.79999995,1567568816160
tap2,266,345,273,406.6235,305.8407,1.16,1567568817100
tap2,335,483,963,580.4625,1003.47736,1.02,1567568817876
tap2,272,483,273,553.4875,297.84488,1.02,1567568818663
tap2,334,345,963,434.5976,980.4893,1.09,1567568819449
tap2,318,414,687,476.55875,690.64026,1.1,1567568820225
tap2,233,621,1653,694.35706,1680.1249,1.04,1567568821104
tap2,163,621,687,712.34045,743.6127,0.95,1567568821992
tap2,319,414,1653,490.5458,1694.1176,1.01,1567568822993
tap2,269,552,273,616.42926,306.84018,1.29,1567568823923
tap2,336,414,963,500.53653,943.50854,0.9,1567568824668
tap2,337,552,963,617.4283,1007.4752,0.98999995,1567568825475
tap2,270,414,273,494.54208,278.85477,1.12,1567568826405
tap2,168,276,687,366.6605,709.6304,1.1899999,1567568827201
tap2,191,897,1308,954.1166,1330.3071,0.84,1567568828038
tap2,167,897,687,988.0851,753.6075,0.96999997,1567568828948
tap2,190,276,1308,326.6975,1339.3024,0.98999995,1567568829795
tap2,192,0,1377,96.91027,1416.2623,0.84999996,1567568830694
tap2,160,0,756,46.95652,787.5898,0.88,1567568831797
tap2,193,621,1377,708.3441,1412.2644,0.96999997,1567568832777
tap2,159,621,756,721.3321,739.61475,1.02,1567568833503
tap2,194,69,1377,165.84644,1423.2587,1.0799999,1567568834432
tap2,59,690,756,764.2923,809.5783,0.84,1567568835218
tap2,60,69,756,161.85014,790.5882,1.09,1567568836148
tap2,195,690,1377,736.31824,1404.2686,0.93,1567568837128
tap2,28,138,756,218.79741,767.6002,0.82,1567568838037
tap2,197,759,1377,819.24146,1394.2738,0.96,1567568839048
tap2,27,759,756,829.2322,765.60126,0.96999997,1567568840294
tap2,196,138,1377,213.80203,1426.2571,1.01,1567568841142
tap2,84,207,756,295.7262,800.583,1.03,1567568842010
tap2,199,828,1377,899.1674,1420.2603,0.79999995,1567568842960
tap2,83,828,756,913.1545,779.59393,1.01,1567568843828
tap2,198,207,1377,268.75116,1393.2743,1.09,1567568844666
tap2,200,276,1377,348.67715,1392.2748,1.0799999,1567568845422
tap2,119,897,756,969.10266,775.596,1.12,1567568846361
tap2,120,276,756,373.65402,776.5955,0.7,1567568847178
tap2,201,897,1377,952.1184,1412.2644,0.64,1567568848087
tap2,242,345,66,419.61148,107.94378,1.22,1567568849293
tap2,347,966,687,998.07587,717.6262,1.05,1567568850528
tap2,338,966,66,1002.07214,112.94118,1.18,1567568852234
tap2,314,345,687,442.5902,695.6377,1.12,1567568853061
tap2,322,345,756,388.64014,799.58356,1.06,1567568853899
tap2,339,966,135,1019.05646,151.92087,0.91999996,1567568854879
tap2,348,966,756,1040.037,799.58356,0.56,1567568855829
tap2,250,345,135,420.61053,173.90942,1.17,1567568857003
tap2,258,345,204,410.6198,202.89432,1.17,1567568857913
tap2,349,966,825,1031.0453,853.5554,0.75,1567568858852
tap2,340,966,204,1026.0499,209.89067,0.97999996,1567568859822
tap2,326,345,825,389.63922,863.55023,0.84,1567568860639
tap2,330,345,894,400.62906,938.51117,1.04,1567568861416
tap2,341,966,273,972.0999,312.83707,0.91999996,1567568862212
tap2,266,345,273,420.61053,308.83914,1.18,1567568863132
tap2,350,966,894,998.07587,903.5294,0.44,1567568863938
tap2,76,207,894,255.76318,942.5091,0.91999996,1567568864735
tap2,219,828,1515,857.2063,1519.2087,1.01,1567568865746
tap2,218,207,1515,284.73636,1534.2009,0.68,1567568866624
tap2,75,828,894,859.20447,994.482,0.95,1567568867697
tap2,220,276,1515,351.67438,1532.2019,0.7,1567568868453
tap2,111,897,894,969.10266,901.53046,0.81,1567568869444
tap2,112,276,894,349.67624,886.53827,1.12,1567568870251
tap2,221,897,1515,939.13043,1540.1978,0.94,1567568871313
tap2,225,690,1584,735.31915,1593.1702,0.75,1567568872150
tap2,48,69,963,143.86679,1002.47784,1.0699999,1567568873069
tap2,47,690,963,738.3164,1019.469,0.85999995,1567568873825
tap2,224,69,1584,155.85568,1574.18,0.96999997,1567568874714
tap2,165,621,66,670.3793,104.945335,1.1,1567568875867
tap2,247,414,1032,450.5828,1067.444,1.01,1567568876613
tap2,143,621,1032,702.3497,1063.446,0.90999997,1567568877399
tap2,246,414,66,492.54395,119.93753,1.1999999,1567568878503
tap2,15,759,963,834.2276,992.48303,1.01,1567568879320
tap2,226,138,1584,213.80203,1628.152,1.09,1567568880249
tap2,227,759,1584,806.2535,1617.1577,0.96,1567568881137
tap2,16,138,963,193.82054,989.4846,1.03,1567568881955
tap2,72,207,963,261.75763,969.49506,0.61,1567568882782
tap2,229,828,1584,886.17944,1631.1504,0.84999996,1567568883701
tap2,71,828,963,891.17487,1017.47003,0.90999997,1567568884538
tap2,228,207,1584,280.74005,1605.164,1.0699999,1567568885386
tap2,242,345,66,403.62628,91.9521,1.14,1567568886499
tap2,243,552,1032,580.4625,1069.443,1.02,1567568887337
tap2,244,345,1032,382.6457,1018.46954,1.04,1567568888092
tap2,245,552,66,620.42554,107.94378,1.13,1567568888991
tap2,148,0,963,78.92692,970.4945,0.95,1567568889900
tap2,223,621,1584,657.3913,1627.1525,1.04,1567568890840
tap2,147,621,963,721.3321,983.48773,1.0699999,1567568891585
tap2,222,0,1584,99.90749,1569.1827,0.98999995,1567568892392
tap2,252,345,1101,434.5976,1147.4023,1.01,1567568893189
tap2,344,966,480,1019.05646,517.73035,0.90999997,1567568893955
tap2,290,345,480,429.60223,515.7314,0.85999995,1567568894762
tap2,353,966,1101,1001.07306,1122.4154,0.95,1567568895823
tap2,345,966,549,1042.0352,557.70953,0.77,1567568896733
tap2,260,345,1170,448.58466,1187.3816,1.12,1567568897601
tap2,354,966,1170,1025.0509,1204.3727,0.76,1567568898540
tap2,298,345,549,394.6346,580.6975,1.0799999,1567568899398
tap2,346,966,618,1001.07306,653.65955,1.0,1567568900307
tap2,268,345,1239,424.60684,1273.3368,0.9,1567568901165
tap2,355,966,1239,1008.0666,1224.3623,0.87,1567568902043
tap2,306,345,618,418.6124,653.65955,1.17,1567568902922
tap2,314,345,687,394.6346,708.6309,1.16,1567568903790
tap2,356,966,1308,1034.0426,1323.3108,0.66999996,1567568904771
tap2,347,966,687,1039.038,699.63556,0.77,1567568905720
tap2,276,345,1308,406.6235,1328.3081,0.65,1567568906548
tap2,257,483,1101,551.4894,1120.4164,1.04,1567568907416
tap2,61,690,135,724.32935,170.91098,1.1899999,1567568908386
tap2,39,690,1101,761.2951,1128.4122,0.90999997,1567568909193
tap2,256,483,135,531.5079,165.91359,1.03,1567568910133
tap2,258,345,204,412.61795,250.86934,1.1899999,1567568910899
tap2,259,552,1170,615.4302,1230.3591,0.76,1567568911818
tap2,260,345,1170,418.6124,1213.368,1.02,1567568912544
tap2,261,552,204,606.4385,237.8761,1.15,1567568913483
tap2,157,621,204,697.3543,247.8709,1.3299999,1567568914239
tap2,263,414,1170,492.54395,1177.3867,1.01,1567568915056
tap2,262,414,204,475.55966,240.87454,1.1,1567568915935
tap2,135,621,1170,708.3441,1184.383,1.12,1567568916701
tap2,244,345,1032,414.6161,1085.4347,1.13,1567568917467
tap2,361,966,1653,1003.0712,1700.1145,0.9,1567568918529
tap2,352,966,1032,1041.0361,1082.4362,0.7,1567568919407
tap2,316,345,1653,418.6124,1701.114,0.84999996,1567568920276
tap2,282,345,411,407.62256,437.77197,1.06,1567568921185
tap2,283,552,1377,631.41534,1411.2649,0.84,1567568921931
tap2,284,345,1377,421.60962,1409.266,0.96,1567568922687
tap2,285,552,411,616.42926,423.77927,1.1899999,1567568923586
tap2,145,621,411,684.36633,437.77197,1.06,1567568924372
tap2,287,414,1377,490.5458,1416.2623,1.02,1567568925230
tap2,193,621,1377,692.35895,1399.2711,0.72999996,1567568925965
tap2,286,414,411,446.5865,435.773,1.02,1567568926875
tap2,288,483,411,549.4912,443.76886,1.0799999,1567568927692
tap2,195,690,1377,774.2831,1371.2858,0.97999996,1567568928560
tap2,289,483,1377,545.49493,1442.2488,1.09,1567568929316
tap2,45,690,411,740.3145,442.76938,1.12,1567568930296
tap2,31,690,1170,754.3016,1199.3752,0.76,1567568931052
tap2,264,483,204,538.5014,244.87245,1.16,1567568931910
tap2,57,690,204,756.29974,236.87662,1.09,1567568932728
tap2,265,483,1170,546.494,1180.3851,0.95,1567568933555
tap2,300,345,1515,408.62164,1548.1936,0.93,1567568934270
tap2,350,966,894,1014.06104,918.5216,0.71999997,1567568935107
tap2,330,345,894,404.62534,949.50543,1.06,1567568935955
tap2,359,966,1515,982.09064,1535.2004,0.88,1567568937242
tap2,351,966,963,1034.0426,990.4841,0.74,1567568938039
tap2,308,345,1584,407.62256,1656.1373,0.82,1567568938825
tap2,360,966,1584,1007.0675,1612.1603,0.82,1567568939714
tap2,334,345,963,450.5828,960.4997,1.13,1567568940552
tap2,137,621,549,699.3525,582.6965,1.02,1567568941451
tap2,303,414,1515,473.56152,1550.1926,0.98999995,1567568942390
tap2,213,621,1515,706.346,1551.192,1.03,1567568943136
tap2,302,414,549,494.54208,593.6908,0.85999995,1567568944004
tap2,254,414,135,475.55966,169.9115,0.93,1567568945005
tap2,329,552,825,591.4524,882.54034,1.0799999,1567568945843
tap2,253,552,135,628.41815,157.91774,1.13,1567568946752
tap2,328,414,825,508.52914,849.5575,1.11,1567568947580
tap2,334,345,963,427.60406,992.48303,1.13,1567568948397
tap2,342,966,342,999.07495,389.79697,1.15,1567568949316
tap2,274,345,342,424.60684,373.8053,1.16,1567568950102
tap2,351,966,963,1016.0592,976.4914,0.76,1567568950950
tap2,282,345,411,423.6078,436.7725,1.11,1567568951829
tap2,352,966,1032,1035.0416,1055.4503,0.75,1567568952707
tap2,343,966,411,1015.0601,453.76364,1.02,1567568953544
tap2,244,345,1032,407.62256,1103.4253,1.04,1567568954331
tap2,322,345,756,442.5902,807.57935,1.03,1567568955158
tap2,357,966,1377,1045.0323,1385.2784,0.66999996,1567568956098
tap2,348,966,756,1000.07404,797.5846,1.02,1567568956884
tap2,284,345,1377,439.59296,1400.2706,0.88,1567568957763
tap2,292,345,1446,425.60593,1450.2446,1.04,1567568958529
tap2,349,966,825,1024.0518,860.55176,0.81,1567568959336
tap2,326,345,825,380.64755,856.55383,1.13,1567568960123
tap2,358,966,1446,1009.0657,1466.2363,0.71,1567568960991
tap2,131,690,687,789.2692,700.6351,1.0699999,1567568961747
tap2,321,483,1653,510.52728,1661.1348,1.16,1567568962789
tap2,320,483,687,551.4894,727.62103,1.02,1567568963627
tap2,235,690,1653,768.28864,1684.1228,0.75,1567568964495
tap2,362,0,1722,81.92415,1752.0874,0.84999996,1567568965465
tap2,139,621,1101,701.3506,1143.4044,1.0699999,1567568966252
tap2,140,0,1101,100.90657,1126.4133,0.98999995,1567568967161
tap2,371,621,1722,694.35706,1752.0874,0.75,1567568968019
tap2,39,690,1101,788.27014,1142.405,0.97999996,1567568968796
tap2,363,69,1722,142.86772,1762.0822,0.96,1567568969592
tap2,372,690,1722,767.28955,1740.0936,0.81,1567568970481
tap2,40,69,1101,140.86957,1147.4023,1.04,1567568971380
tap2,136,0,1170,106.90102,1192.3789,1.0,1567568972186
tap2,386,621,1791,662.38666,1824.0499,0.94,1567568973167
tap2,135,621,1170,693.35803,1179.3857,1.06,1567568973954
tap2,377,0,1791,81.92415,1828.0479,0.71,1567568974791
tap2,31,690,1170,774.2831,1202.3738,0.89,1567568975527
tap2,378,69,1791,154.85661,1814.0552,0.90999997,1567568976364
tap2,32,69,1170,156.85477,1211.369,1.05,1567568977232
tap2,387,690,1791,756.29974,1803.0609,0.84999996,1567568978121
tap2,8,138,1101,191.82239,1111.4211,1.02,1567568978989
tap2,373,759,1722,818.2424,1753.0869,0.85999995,1567568980062
tap2,7,759,1101,814.2461,1116.4185,0.82,1567568980920
tap2,364,138,1722,235.78168,1747.09,0.84999996,1567568981819
tap2,374,828,1722,887.1785,1750.0885,0.95,1567568982830
tap2,64,207,1101,263.7558,1154.3987,0.97999996,1567568983637
tap2,365,207,1722,261.75763,1742.0927,0.84,1567568984464
tap2,63,828,1101,873.19147,1144.4039,0.68,1567568985486
tap2,379,138,1791,208.80666,1801.0619,0.84,1567568986354
tap2,3,759,1170,793.2655,1207.3711,0.77,1567568987396
tap2,4,138,1170,238.77892,1163.394,0.91999996,1567568988172
tap2,388,759,1791,837.2248,1789.0681,0.82,1567568989061
tap2,380,207,1791,290.7308,1843.04,0.75,1567568989959
tap2,35,828,1170,883.18225,1130.4113,0.91999996,1567568991145
tap2,389,828,1791,885.1804,1818.0531,0.62,1567568992064
tap2,36,207,1170,323.7003,1195.3773,1.15,1567568992881
tap2,100,276,1101,382.6457,1143.4044,1.0699999,1567568993648
tap2,375,897,1722,945.1249,1730.0989,0.9,1567568994567
tap2,99,897,1101,968.10364,1134.4092,0.91999996,1567568995262
tap2,366,276,1722,337.68732,1752.0874,0.78,1567568996018
tap2,368,414,1722,475.55966,1781.0723,0.97999996,1567568996773
tap2,159,621,756,674.3756,816.5747,1.04,1567568997652
tap2,371,621,1722,706.346,1746.0906,0.93,1567568998520
tap2,324,414,756,464.56985,771.5981,1.05,1567568999389
tap2,96,276,1170,360.66605,1209.3701,1.0,1567569000103
tap2,390,897,1791,925.1434,1819.0525,0.84,1567569001115
tap2,95,897,1170,957.1138,1172.3894,0.87,1567569001901
tap2,381,276,1791,349.67624,1777.0743,0.96,1567569002739
tap2,385,552,1791,640.40704,1782.0718,0.96,1567569003536
tap2,326,345,825,383.64478,850.557,1.11,1567569004476
tap2,382,345,1791,451.58188,1825.0494,0.71999997,1567569005252
tap2,329,552,825,617.4283,825.57,1.02,1567569006182
tap2,323,483,756,541.4986,775.596,1.12,1567569006948
tap2,372,690,1722,765.2914,1753.0869,0.87,1567569007836
tap2,59,690,756,735.31915,810.5778,1.1,1567569008674
tap2,369,483,1722,553.4875,1747.09,0.97999996,1567569009501
tap2,353,966,1101,1003.0712,1125.4138,0.83,1567569010839
tap2,367,345,1722,413.61703,1753.0869,0.94,1567569011656
tap2,252,345,1101,403.62628,1141.4055,1.06,1567569012484
tap2,376,966,1722,993.0805,1737.0952,0.79999995,1567569013362
tap2,383,414,1791,505.53192,1801.0619,0.71,1567569014026
tap2,155,621,825,645.4024,872.54553,1.03,1567569014945
tap2,328,414,825,442.5902,878.5424,1.06,1567569015670
tap2,386,621,1791,670.3793,1797.064,0.78,1567569016488
tap2,55,690,825,771.2858,869.5471,1.0,1567569017243
tap2,384,483,1791,559.48193,1801.0619,0.90999997,1567569018102
tap2,327,483,825,560.481,859.5523,0.81,1567569018909
tap2,387,690,1791,759.29694,1806.0593,0.71999997,1567569019716
tap1,2,288,642,378.6494,698.6361,0.78999996,1567569146283
tap1,3,576,930,651.39685,966.4966,0.48,1567569147134
tap1,4,576,642,664.3848,747.6106,0.78,1567569147686
tap1,5,288,930,401.6281,989.4846,0.77,1567569148380
tap1,9,288,786,383.64478,833.56586,0.85999995,1567569148911
tap1,17,576,1074,641.4061,1139.4065,0.62,1567569149646
tap1,16,288,1074,388.64014,1155.3982,0.94,1567569150299
tap1,7,576,786,681.3691,814.57574,0.84999996,1567569151045
tap1,4,576,642,663.38574,650.6611,0.37,1567569151657
tap1,10,288,354,340.68454,387.798,0.77,1567569152403
tap1,2,288,642,354.6716,695.6377,0.69,1567569152995
tap1,11,576,354,688.3626,431.77512,0.79999995,1567569153792
tap1,4,576,642,668.3811,690.64026,0.75,1567569154404
tap1,18,288,1218,325.69843,1266.3405,0.82,1567569154986
tap1,2,288,642,394.6346,701.6345,0.82,1567569155691
tap1,19,576,1218,675.37463,1253.3472,0.59,1567569156253
tap1,13,576,210,643.40424,252.86829,0.78,1567569157070
tap1,6,288,498,347.67807,549.7137,0.77,1567569157795
tap1,12,288,210,340.68454,279.85425,0.94,1567569158499
tap1,8,576,498,648.39966,576.69965,0.79999995,1567569159112
tap1,19,576,1218,692.35895,1254.3467,0.53999996,1567569159765
tap1,22,288,1506,354.6716,1598.1676,0.71,1567569160470
tap1,18,288,1218,348.67715,1309.318,0.88,1567569161083
tap1,23,576,1506,633.4135,1574.18,0.74,1567569161716
tap1,14,288,66,384.64386,162.91515,0.53,1567569162563
tap1,11,576,354,630.41626,403.78967,0.96999997,1567569163319
tap1,10,288,354,364.66235,382.80063,0.45999998,1567569164044
tap1,15,576,66,656.3922,142.92555,0.91999996,1567569164902
tap1,17,576,1074,670.3793,1133.4097,0.56,1567569165647
tap1,20,288,1362,345.67993,1455.2421,0.78999996,1567569166321
tap1,21,576,1362,634.4126,1476.2311,0.89,1567569166954
tap1,16,288,1074,332.69196,1150.4008,0.35,1567569167546
tap1,9,288,786,358.6679,858.5528,1.13,1567569168190
tap1,8,576,498,679.371,557.70953,0.84,1567569168823
tap1,6,288,498,413.61703,499.73972,0.44,1567569169548
tap1,7,576,786,721.3321,867.54816,0.58,1567569170191
tap1,24,144,66,238.77892,149.9219,0.75,1567569171182
tap1,26,432,354,524.51434,384.79956,0.69,1567569171896
tap1,27,144,354,228.78816,428.77667,0.89,1567569172622
tap1,25,432,66,532.50696,158.91722,1.02,1567569173387
tap1,66,720,1506,808.25165,1542.1968,0.69,1567569174286
tap1,41,432,1218,506.531,1277.3347,0.90999997,1567569174868
tap1,42,432,1506,509.52823,1546.1947,0.81,1567569175593
tap1,65,720,1218,762.2942,1309.318,0.82,1567569176246
tap1,36,144,786,243.77429,789.58875,0.45999998,1567569176941
tap1,38,432,1074,517.5208,1143.4044,0.42,1567569177727
tap1,39,144,1074,217.79834,1157.3972,0.59999996,1567569178431
tap1,37,432,786,505.53192,866.54865,0.51,1567569179126
tap1,16,288,1074,359.667,1129.4117,0.75,1567569179708
tap1,56,0,1362,139.87048,1425.2577,0.81,1567569180463
tap1,20,288,1362,350.6753,1450.2446,0.88,1567569181219
tap1,53,0,1074,110.897316,1154.3987,0.58,1567569182005
tap1,59,720,210,801.2581,298.84433,1.01,1567569182812
tap1,30,432,498,571.4709,522.7277,0.51,1567569183578
tap1,29,432,210,545.49493,269.85944,0.62,1567569184385
tap1,60,720,498,774.2831,564.7059,0.55,1567569185263
tap1,33,432,642,546.494,682.6444,0.34,1567569185978
tap1,62,720,930,796.2627,989.4846,0.31,1567569186764
tap1,61,720,642,824.2368,685.6429,0.53,1567569187469
tap1,34,432,930,523.51526,1007.4752,0.45999998,1567569188153
tap1,6,288,498,375.65216,588.69336,0.77,1567569188878
tap1,48,0,210,74.93062,275.85632,0.76,1567569189695
tap1,12,288,210,391.6374,273.85736,0.69,1567569190430
tap1,49,0,498,113.89455,579.69806,0.65,1567569191134
tap1,51,0,930,78.92692,1019.469,0.65999997,1567569191839
tap1,2,288,642,381.64664,702.63403,0.93,1567569192533
tap1,5,288,930,363.66327,1029.4637,0.53999996,1567569193167
tap1,50,0,642,93.91304,707.6314,0.82,1567569193932
tap1,37,432,786,554.4866,858.5528,0.66999996,1567569194514
tap1,64,720,1074,812.2479,1140.406,0.65999997,1567569195342
tap1,38,432,1074,496.54025,1150.4008,0.37,1567569195934
tap1,63,720,786,815.2451,857.55334,0.66999996,1567569196924
tap1,29,432,210,527.5116,253.86777,0.62,1567569197680
tap1,31,144,498,233.78354,583.696,0.65999997,1567569198446
tap1,28,144,210,247.77058,247.8709,0.68,1567569199222
tap1,30,432,498,493.54303,556.71,0.53,1567569199906
tap1,42,432,1506,519.519,1535.2004,0.29,1567569200733
tap1,40,144,1218,228.78816,1287.3295,0.7,1567569201407
tap1,41,432,1218,539.5005,1267.3398,0.35999998,1567569202101
tap1,43,144,1506,248.76965,1574.18,0.53,1567569202806
tap1,45,144,1362,258.7604,1434.2529,0.5,1567569203469
tap1,82,432,1650,521.5171,1737.0952,0.65,1567569204103
tap1,80,144,1650,250.7678,1724.1019,0.64,1567569204746
tap1,44,432,1362,525.5134,1435.2524,0.59999996,1567569205399
tap1,57,720,66,804.2553,140.92659,0.97999996,1567569206268
tap1,26,432,354,514.5236,423.77927,0.87,1567569206972
tap1,58,720,354,782.2757,396.79333,0.55,1567569207666
tap1,25,432,66,549.4912,154.91931,0.57,1567569208402
tap1,64,720,1074,814.2461,1073.4409,0.42999998,1567569209096
tap1,44,432,1362,499.53748,1432.254,0.31,1567569209903
tap1,38,432,1074,468.56613,1163.394,0.95,1567569210444
tap1,67,720,1362,795.2637,1408.2665,0.62,1567569211087
tap1,9,288,786,359.667,813.57623,0.84,1567569211761
tap1,53,0,1074,114.893616,1143.4044,0.45999998,1567569212455
tap1,16,288,1074,394.6346,1146.4028,0.59,1567569213089
tap1,52,0,786,81.92415,857.55334,0.65,1567569213834
tap1,74,864,786,915.15265,891.53564,0.63,1567569214600
tap1,17,576,1074,684.36633,1134.4092,0.45999998,1567569215396
tap1,75,864,1074,973.099,1136.4081,0.87,1567569216816
tap1,7,576,786,680.37006,837.5637,0.78999996,1567569217398
tap1,38,288,66,393.63553,144.92451,1.09,1567569218153
tap1,45,0,354,115.89269,422.7798,1.04,1567569218909
tap1,44,0,66,114.893616,159.9167,1.0699999,1567569219675
tap1,39,288,354,370.6568,407.7876,1.01,1567569220410
tap1,14,288,1506,358.6679,1573.1805,0.78,1567569221227
tap1,47,0,1794,114.893616,1836.0437,0.79999995,1567569221962
tap1,46,0,1506,105.90195,1578.178,0.78,1567569222615
tap1,10,288,1794,345.67993,1855.0338,0.71999997,1567569223309
tap1,22,864,210,929.1397,299.8438,1.01,1567569224208
tap1,86,576,498,729.3247,504.7371,0.82,1567569224872
tap1,55,576,210,682.36816,290.8485,0.98999995,1567569225586
tap1,88,864,498,949.1212,567.7043,0.95,1567569226199
tap1,70,864,1362,945.1249,1439.2504,0.85999995,1567569227107
tap1,8,576,1650,635.4117,1712.1083,0.71999997,1567569227751
tap1,13,576,1362,697.3543,1381.2805,1.0,1567569228313
tap1,71,864,1650,921.1471,1732.0978,0.96,1567569229007
tap1,78,576,1218,696.3552,1252.3477,0.57,1567569229640
tap1,83,864,1506,938.13135,1576.1791,0.63,1567569230406
tap1,21,864,1218,963.1082,1291.3274,0.68,1567569231090
tap1,85,576,1506,681.3691,1563.1858,0.7,1567569231795
tap1,19,576,66,675.37463,158.91722,0.89,1567569232785
tap1,77,864,354,950.12024,394.79437,0.83,1567569233480
tap1,76,576,354,682.36816,375.80426,0.52,1567569234184
tap1,23,864,66,926.14246,152.92035,1.12,1567569234981
tap1,15,576,1362,647.4006,1404.2686,0.32999998,1567569235838
tap1,69,864,1074,945.1249,1086.4341,0.91999996,1567569236717
tap1,11,576,1074,672.37744,1161.395,0.75,1567569237299
tap1,68,864,1362,944.1258,1429.2556,0.61,1567569237963
tap1,21,0,1218,101.90564,1273.3368,0.66999996,1567569238718
tap1,75,288,1506,383.64478,1559.1879,0.79999995,1567569239413
tap1,17,288,1218,368.65866,1280.3331,0.71999997,1567569240005
tap1,78,0,1506,134.87512,1534.2009,0.66999996,1567569240668
tap1,54,576,642,682.36816,675.6481,0.78999996,1567569241404
tap1,22,864,930,959.11194,980.4893,0.55,1567569241975
tap1,18,864,642,953.1175,721.62415,0.84,1567569242701
tap1,55,576,930,675.37463,999.47943,0.77,1567569243344
tap1,4,576,1794,639.40796,1821.0515,0.71,1567569244191
tap1,73,864,1506,959.11194,1571.1816,0.78999996,1567569244886
tap1,72,576,1506,695.35614,1570.1821,0.66999996,1567569245458
tap1,3,864,1794,927.14154,1832.0458,0.76,1567569246203
tap1,90,720,1362,807.25256,1398.2717,0.89,1567569246795
tap1,77,432,1650,539.5005,1698.1155,0.90999997,1567569247459
tap1,23,720,1650,804.2553,1732.0978,0.79999995,1567569248052
tap1,92,432,1362,536.50323,1416.2623,0.64,1567569248756
tap1,67,432,1074,546.494,1131.4106,0.21,1567569249471
tap1,82,144,1362,215.80019,1395.2733,0.45999998,1567569250134
tap1,84,432,1362,500.53653,1457.241,0.5,1567569250818
tap1,44,144,1074,250.7678,1132.4102,0.59999996,1567569251513
tap1,38,432,1506,539.5005,1553.191,0.75,1567569252258
tap1,45,144,1794,227.7891,1833.0453,0.81,1567569252922
tap1,44,432,1794,541.4986,1818.0531,0.59999996,1567569253617
tap1,39,144,1506,233.78354,1589.1722,0.85999995,1567569254290
tap1,42,432,1506,530.5088,1558.1884,0.52,1567569254903
tap1,87,720,1794,817.2433,1794.0656,0.32999998,1567569255761
tap1,89,432,1794,539.5005,1819.0525,0.78,1567569256414
tap1,43,720,1506,806.2535,1581.1764,0.90999997,1567569257078
tap1,42,0,1362,86.91952,1421.2598,0.79999995,1567569257803
tap1,91,288,1650,381.64664,1734.0968,0.56,1567569258477
tap1,89,288,1362,383.64478,1405.2681,0.62,1567569259161
tap1,66,0,1650,93.91304,1694.1176,0.38,1567569259947
tap1,56,432,642,517.5208,757.6054,0.65999997,1567569260785
tap1,81,144,930,264.75485,995.4815,0.79999995,1567569261439
tap1,20,432,930,508.52914,991.4836,0.47,1567569262092
tap1,79,144,642,279.74097,711.62933,0.71,1567569262848
