rotate1,9,0.29600906,2836.5108459999997
rotate1,4,1.1077557,2725.603462
rotate1,13,1.3264656,2285.0407689999997
rotate1,6,0.77828026,2631.361308
rotate1,15,0.66455555,3627.755154
rotate1,2,0.35436153,2644.117923
rotate1,10,0.22694492,3643.581308
rotate1,5,-2.9285717,2622.212462
rotate1,14,2.0876446,2703.969462
rotate1,8,0.5732851,3182.297384
rotate1,11,1.2815552,3234.601154
rotate1,7,0.95769596,2448.333231
rotate1,1,-1.7175169,3195.005616
rotate1,12,3.5259418,4581.6969229999995
rotate1,3,-0.5647583,2509.350231
rotate2,2,2.943695,4648.053924
rotate2,13,-6.482765,6384.326462
rotate2,8,8.500435,4882.906693
rotate2,3,-4.842575,6976.547001
rotate2,7,-6.5923386,5465.487693
rotate2,12,-1.4890594,5628.941231
rotate2,1,2.3239212,5485.525385
rotate2,11,-0.17372894,5994.315385
rotate2,6,6.987152,5126.406308
rotate2,10,-2.3145905,5211.070769
rotate2,5,6.372635,6026.978308
rotate2,15,1.6440735,6077.386154
rotate2,9,3.0841675,5902.851616
rotate2,4,-0.9328003,5646.332230999999
rotate2,14,0.32157135,5138.089769
tap1,2,288,642,401.6281,707.6314,1.54,1567214577681
tap1,3,576,930,684.36633,1001.4784,1.4499999,1567214578715
tap1,4,576,642,692.35895,662.65485,1.6899999,1567214579440
tap1,5,288,930,396.63275,977.49084,1.14,1567214580287
tap1,9,288,786,410.6198,835.5648,1.54,1567214581042
tap1,17,576,1074,679.371,1141.4055,1.23,1567214581930
tap1,16,288,1074,395.63367,1129.4117,1.0,1567214582726
tap1,7,576,786,719.334,858.5528,0.78999996,1567214583430
tap1,4,576,642,691.35986,706.63196,1.36,1567214584155
tap1,10,288,354,360.66605,430.77563,0.76,1567214585186
tap1,2,288,642,370.6568,719.6252,1.17,1567214585952
tap1,11,576,354,671.37836,440.77042,1.43,1567214586829
tap1,4,576,642,688.3626,705.63245,1.0799999,1567214587962
tap1,18,288,1218,394.6346,1284.331,1.0699999,1567214589402
tap1,2,288,642,375.65216,670.6507,1.14,1567214592697
tap1,19,576,1218,648.39966,1251.3483,1.0,1567214593650
tap1,13,576,210,694.35706,247.8709,1.39,1567214594589
tap1,6,288,498,389.63922,561.70746,1.14,1567214595517
tap1,12,288,210,403.62628,273.85736,0.72999996,1567214596456
tap1,8,576,498,675.37463,590.6923,1.28,1567214597283
tap1,19,576,1218,661.38763,1273.3368,1.04,1567214598232
tap1,22,288,1506,391.6374,1560.1874,0.81,1567214599130
tap1,18,288,1218,370.6568,1268.3394,0.9,1567214599916
tap1,23,576,1506,683.36725,1554.1904,0.97999996,1567214600866
tap1,14,288,66,382.6457,115.93961,0.65,1567214602243
tap1,11,576,354,655.3932,409.78656,1.0799999,1567214603081
tap1,10,288,354,386.642,408.78708,1.17,1567214603958
tap1,15,576,66,679.371,111.941696,1.17,1567214604969
tap1,17,576,1074,683.36725,1173.3888,1.1,1567214605826
tap1,20,288,1362,386.642,1409.266,1.28,1567214606724
tap1,21,576,1362,692.35895,1416.2623,1.0799999,1567214607531
tap1,16,288,1074,369.6577,1107.4232,0.87,1567214608347
tap1,9,288,786,392.63644,830.5674,1.35,1567214609174
tap1,8,576,498,702.3497,541.71783,1.35,1567214610021
tap1,6,288,498,385.6429,546.7152,0.84999996,1567214610899
tap1,7,576,786,683.36725,849.5575,1.1899999,1567214611654
tap1,24,144,66,231.78539,110.942215,0.71999997,1567214613012
tap1,26,432,354,519.519,408.78708,1.03,1567214613798
tap1,27,144,354,267.75208,408.78708,0.98999995,1567214614686
tap1,25,432,66,545.49493,116.939095,1.29,1567214615727
tap1,66,720,1506,822.23865,1564.1853,0.87,1567214616789
tap1,41,432,1218,540.4995,1235.3566,0.98999995,1567214617717
tap1,42,432,1506,534.50507,1553.191,0.94,1567214618534
tap1,65,720,1218,823.23773,1291.3274,0.97999996,1567214619320
tap1,36,144,786,249.76874,821.5721,0.74,1567214620463
tap1,38,432,1074,540.4995,1113.42,0.9,1567214621310
tap1,39,144,1074,249.76874,1131.4106,0.71,1567214622086
tap1,37,432,786,587.45605,813.57623,0.9,1567214622933
tap1,16,288,1074,399.62997,1142.405,0.76,1567214623811
tap1,56,0,1362,114.893616,1424.2582,0.71,1567214624729
tap1,20,288,1362,410.6198,1424.2582,0.95,1567214625505
tap1,53,0,1074,116.89177,1100.4269,1.0,1567214626577
tap1,59,720,210,834.2276,261.86362,1.0699999,1567214627577
tap1,30,432,498,535.50415,575.70013,1.22,1567214628506
tap1,29,432,210,526.5125,268.85995,1.22,1567214629374
tap1,60,720,498,818.2424,577.6991,1.3,1567214630150
tap1,33,432,642,548.4921,704.633,0.83,1567214630966
tap1,62,720,930,836.2257,1002.47784,1.2099999,1567214631732
tap1,61,720,642,824.2368,692.6392,1.37,1567214632528
tap1,34,432,930,543.49677,991.4836,0.83,1567214633334
tap1,6,288,498,404.62534,566.70483,1.22,1567214634416
tap1,48,0,210,136.87326,246.87141,0.85999995,1567214635498
tap1,12,288,210,401.6281,251.8688,0.89,1567214636386
tap1,49,0,498,84.92137,513.7324,0.95,1567214637305
tap1,51,0,930,94.91212,985.4867,0.90999997,1567214638162
tap1,2,288,642,404.62534,673.6491,1.0799999,1567214638989
tap1,5,288,930,392.63644,1013.4721,1.1999999,1567214639734
tap1,50,0,642,82.92322,710.6299,0.71999997,1567214640653
tap1,37,432,786,549.4912,819.5731,1.12,1567214641378
tap1,64,720,1074,827.2341,1155.3982,1.04,1567214642235
tap1,38,432,1074,556.48474,1135.4086,1.0699999,1567214643194
tap1,63,720,786,857.2063,844.5601,1.11,1567214644042
tap1,29,432,210,529.5097,289.84903,0.76,1567214644960
tap1,31,144,498,272.74747,553.7116,1.11,1567214645726
tap1,28,144,210,254.76411,257.8657,1.17,1567214646563
tap1,30,432,498,569.4727,567.7043,0.94,1567214647288
tap1,42,432,1506,572.4699,1532.2019,0.89,1567214648267
tap1,40,144,1218,264.75485,1283.3315,1.0,1567214649033
tap1,41,432,1218,564.47736,1258.3446,0.94,1567214649829
tap1,43,144,1506,247.77058,1553.191,1.0699999,1567214650676
tap1,45,144,1362,288.73267,1408.2665,1.0799999,1567214651411
tap1,82,432,1650,542.4977,1660.1353,0.94,1567214652259
tap1,80,144,1650,285.73544,1667.1317,1.06,1567214653004
tap1,44,432,1362,549.4912,1396.2727,1.04,1567214653698
tap1,57,720,66,862.20166,100.94742,1.05,1567214654667
tap1,26,432,354,546.494,465.75742,1.3,1567214655555
tap1,58,720,354,820.24054,434.77356,1.42,1567214656862
tap1,25,432,66,554.4866,121.936485,0.9,1567214657995
tap1,64,720,1074,838.2239,1113.42,0.97999996,1567214658903
tap1,44,432,1362,543.49677,1441.2493,1.04,1567214659832
tap1,38,432,1074,544.49585,1118.4175,1.11,1567214660577
tap1,67,720,1362,824.2368,1414.2634,0.9,1567214661547
tap1,9,288,786,394.6346,824.5705,0.83,1567214662455
tap1,53,0,1074,101.90564,1131.4106,1.1,1567214663405
tap1,16,288,1074,405.62442,1122.4154,1.03,1567214664201
tap1,52,0,786,116.89177,819.5731,0.98999995,1567214665293
tap1,74,864,786,971.1008,823.57104,1.06,1567214666365
tap1,17,576,1074,675.37463,1162.3945,1.16,1567214667100
tap1,75,864,1074,997.0768,1105.4242,0.95,1567214668089
tap1,7,576,786,702.3497,834.5653,1.15,1567214668927
tap1,38,288,66,398.6309,113.94065,1.01,1567214669978
tap1,45,0,354,107.90009,414.78397,0.83,1567214670886
tap1,44,0,66,122.886215,86.95471,0.96999997,1567214671825
tap1,39,288,354,394.6346,401.7907,0.96999997,1567214672693
tap1,14,288,1506,438.5939,1601.166,1.0799999,1567214673724
tap1,47,0,1794,90.91582,1878.0219,0.69,1567214674959
tap1,46,0,1506,124.88437,1566.1842,1.14,1567214675878
tap1,10,288,1794,405.62442,1826.0488,0.88,1567214676674
tap1,22,864,210,977.0953,246.87141,1.18,1567214677684
tap1,86,576,498,688.3626,577.6991,1.28,1567214678471
tap1,55,576,210,708.3441,283.85214,1.17,1567214679358
tap1,88,864,498,958.11285,582.6965,1.1999999,1567214680154
tap1,70,864,1362,978.09436,1435.2524,0.94,1567214681063
tap1,8,576,1650,683.36725,1715.1067,0.76,1567214681859
tap1,13,576,1362,686.3645,1415.2628,0.91999996,1567214682553
tap1,71,864,1650,993.0805,1719.1046,0.91999996,1567214683441
tap1,78,576,1218,694.35706,1276.3352,1.0799999,1567214684196
tap1,83,864,1506,1002.07214,1543.1962,0.89,1567214684962
tap1,21,864,1218,962.1092,1306.3196,1.1899999,1567214685666
tap1,85,576,1506,705.3469,1559.1879,1.14,1567214686503
tap1,19,576,66,674.3756,157.91774,1.42,1567214687728
tap1,77,864,354,970.10175,370.80685,1.38,1567214688484
tap1,76,576,354,706.346,418.78186,1.1899999,1567214689351
tap1,23,864,66,981.0916,126.93388,1.1899999,1567214690249
tap1,15,576,1362,688.3626,1441.2493,1.14,1567214691178
tap1,69,864,1074,990.08325,1133.4097,1.39,1567214691913
tap1,11,576,1074,690.3608,1166.3925,1.15,1567214692689
tap1,68,864,1362,976.0962,1415.2628,1.18,1567214693505
tap1,21,0,1218,79.925995,1287.3295,0.71999997,1567214694566
tap1,75,288,1506,406.6235,1578.178,1.09,1567214695496
tap1,17,288,1218,414.6161,1266.3405,1.0799999,1567214696322
tap1,78,0,1506,148.86217,1583.1754,1.02,1567214697312
tap1,54,576,642,657.3913,768.5997,1.12,1567214698160
tap1,22,864,930,977.0953,1007.4752,1.28,1567214698915
tap1,18,864,642,970.10175,696.63715,1.14,1567214699762
tap1,55,576,930,712.34045,985.4867,0.68,1567214700578
tap1,4,576,1794,695.35614,1832.0458,0.94,1567214701446
tap1,73,864,1506,983.0897,1569.1827,1.04,1567214702304
tap1,72,576,1506,706.346,1544.1957,0.94,1567214703100
tap1,3,864,1794,942.1277,1805.0598,1.01,1567214703967
tap1,90,720,1362,825.2359,1437.2513,1.05,1567214704672
tap1,77,432,1650,554.4866,1716.1062,1.01,1567214705509
tap1,23,720,1650,864.1998,1681.1244,0.87,1567214706223
tap1,92,432,1362,542.4977,1420.2603,0.76,1567214707010
tap1,67,432,1074,568.47363,1135.4086,1.09,1567214707796
tap1,82,144,1362,272.74747,1435.2524,0.84999996,1567214708704
tap1,84,432,1362,549.4912,1438.2509,1.0699999,1567214709521
tap1,44,144,1074,251.76688,1132.4102,0.85999995,1567214710541
tap1,38,432,1506,556.48474,1556.1895,0.81,1567214711368
tap1,45,144,1794,265.75394,1824.0499,0.85999995,1567214712307
tap1,44,432,1794,552.48846,1806.0593,0.77,1567214713154
tap1,39,144,1506,240.77705,1545.1952,1.29,1567214714053
tap1,42,432,1506,580.4625,1543.1962,0.96999997,1567214714706
tap1,87,720,1794,843.21924,1844.0396,0.79999995,1567214715696
tap1,89,432,1794,560.481,1846.0385,0.82,1567214716523
tap1,43,720,1506,852.21094,1561.1869,0.94,1567214717278
tap1,42,0,1362,131.8779,1433.2534,0.58,1567214718329
tap1,91,288,1650,399.62997,1672.129,1.02,1567214719167
tap1,89,288,1362,414.6161,1403.269,1.0,1567214719963
tap1,66,0,1650,115.89269,1729.0994,0.85999995,1567214720851
tap1,56,432,642,581.4616,735.6168,1.1,1567214721933
tap1,81,144,930,286.7345,959.50024,0.96,1567214722800
tap1,20,432,930,544.49585,978.49036,1.09,1567214723597
tap1,79,144,642,260.75854,681.64496,1.0799999,1567214724525
tap2,6,138,480,219.79648,513.7324,1.75,1567214761022
tap2,7,759,1101,823.23773,1127.4127,1.16,1567214762423
tap2,8,138,1101,166.84552,1148.4019,1.4399999,1567214763362
tap2,9,759,480,823.23773,550.71313,1.51,1567214764525
tap2,164,0,687,95.911194,739.61475,1.27,1567214765556
tap2,183,621,1308,699.3525,1319.3129,1.26,1567214766505
tap2,182,0,1308,82.92322,1338.303,1.24,1567214767556
tap2,163,621,687,689.3617,728.6205,1.43,1567214768363
tap2,242,345,66,387.64108,104.945335,1.7199999,1567214769384
tap2,243,552,1032,666.383,1090.432,1.1999999,1567214770261
tap2,244,345,1032,425.60593,1069.443,1.28,1567214771027
tap2,245,552,66,624.4218,113.94065,1.56,1567214772313
tap2,42,69,411,113.89455,478.75064,1.5699999,1567214773425
tap2,43,690,1032,784.2738,1052.4518,1.14,1567214774354
tap2,45,690,411,744.31085,436.7725,1.4699999,1567214775079
tap2,44,69,1032,142.86772,1072.4414,1.23,1567214775957
tap2,322,345,756,441.59113,773.59705,1.37,1567214776794
tap2,321,483,1653,556.48474,1653.1389,1.15,1567214777927
tap2,316,345,1653,426.605,1653.1389,1.18,1567214778754
tap2,323,483,756,558.4829,785.5908,1.4,1567214779499
tap2,2,138,549,235.78168,578.6986,1.4499999,1567214780275
tap2,3,759,1170,848.2146,1170.3904,1.16,1567214781082
tap2,4,138,1170,201.81314,1173.3888,1.22,1567214781909
tap2,5,759,549,845.2174,568.7038,1.23,1567214782817
tap2,11,759,1032,805.2544,1068.4435,1.1,1567214783685
tap2,10,138,411,186.82701,422.7798,1.42,1567214784634
tap2,12,138,1032,219.79648,1058.4487,1.36,1567214785523
tap2,13,759,411,824.2368,463.75845,1.5699999,1567214786401
tap2,15,759,963,863.20074,1019.469,1.3199999,1567214787166
tap2,14,138,342,211.8039,373.8053,1.3199999,1567214788279
tap2,17,759,342,843.21924,418.78186,1.1899999,1567214789238
tap2,16,138,963,243.77429,978.49036,0.97999996,1567214790116
tap2,122,207,66,284.73636,146.92348,1.42,1567214791219
tap2,123,828,687,928.1406,723.6231,1.49,1567214792138
tap2,124,207,687,270.7493,737.6158,1.2099999,1567214793015
tap2,125,828,66,888.1776,121.936485,1.31,1567214793924
tap2,135,621,1170,696.3552,1191.3795,1.37,1567214794802
tap2,134,0,549,73.93155,582.6965,1.3399999,1567214795710
tap2,136,0,1170,91.914894,1220.3644,1.3399999,1567214797272
tap2,137,621,549,726.32745,621.6762,1.6999999,1567214798058
tap2,130,69,66,147.8631,128.93285,1.79,1567214799130
tap2,131,690,687,773.284,716.6267,1.41,1567214800090
tap2,133,690,66,735.31915,135.9292,1.65,1567214801151
tap2,132,69,687,144.86586,704.633,1.4499999,1567214802039
tap2,127,759,687,880.185,729.62,1.37,1567214802815
tap2,126,138,66,204.81036,116.939095,1.8199999,1567214803805
tap2,128,138,687,242.7752,723.6231,1.65,1567214804642
tap2,129,759,66,861.2026,139.92712,1.63,1567214805479
tap2,18,138,273,207.80759,341.82196,1.6899999,1567214806490
tap2,19,759,894,835.2266,932.5143,1.25,1567214807296
tap2,20,138,894,196.81776,915.52313,1.3199999,1567214808082
tap2,21,759,273,856.2072,293.84695,1.1899999,1567214808858
tap2,35,828,1170,878.1869,1172.3894,1.13,1567214809787
tap2,34,207,549,301.72064,585.69495,1.4499999,1567214810685
tap2,36,207,1170,272.74747,1219.3649,0.96,1567214811563
tap2,37,828,549,906.16095,540.7184,1.39,1567214812329
tap2,26,138,135,228.78816,188.90161,1.52,1567214813166
tap2,27,759,756,869.1952,808.57886,1.25,1567214813962
tap2,28,138,756,206.80852,791.5877,1.31,1567214814779
tap2,29,759,135,805.2544,182.90474,1.38,1567214815779
tap2,43,690,1032,780.2775,1029.4637,1.28,1567214816800
tap2,42,69,411,134.87512,440.77042,1.53,1567214817719
tap2,45,690,411,741.3136,438.77145,1.4399999,1567214818392
tap2,44,69,1032,134.87512,1062.4467,1.4599999,1567214819301
tap2,24,138,825,217.79834,871.546,1.68,1567214820097
tap2,25,759,204,831.23035,274.85684,1.7199999,1567214820832
tap2,22,138,204,229.78723,242.8735,1.8399999,1567214821690
tap2,23,759,825,825.2359,863.55023,1.3399999,1567214822537
tap2,38,69,480,142.86772,508.73502,1.38,1567214823333
tap2,39,690,1101,732.3219,1122.4154,1.25,1567214824691
tap2,40,69,1101,168.84366,1109.4221,1.17,1567214825446
tap2,41,690,480,781.2766,567.7043,1.43,1567214826202
tap2,33,690,549,778.27936,618.67773,1.3299999,1567214827171
tap2,32,69,1170,177.83534,1215.367,1.24,1567214828008
tap2,30,69,549,125.88344,576.69965,1.73,1567214828937
tap2,31,690,1170,779.27844,1204.3727,1.2099999,1567214830050
tap2,46,69,342,152.85846,396.79333,1.51,1567214830938
tap2,47,690,963,774.2831,1029.4637,1.14,1567214831744
tap2,48,69,963,151.85939,972.49347,1.35,1567214832531
tap2,49,690,342,790.26825,360.81207,1.53,1567214833398
tap2,108,276,963,335.68918,1007.4752,1.41,1567214834225
tap2,231,897,1584,988.0851,1554.1904,1.11,1567214835307
tap2,230,276,1584,359.667,1592.1707,1.22,1567214836236
tap2,107,897,963,899.1674,1034.4612,1.18,1567214837267
tap2,143,621,1032,655.3932,1083.4357,1.2099999,1567214838053
tap2,232,0,1653,105.90195,1622.155,0.98999995,1567214839074
tap2,233,621,1653,689.3617,1646.1426,1.18,1567214840085
tap2,144,0,1032,85.92044,1046.455,1.23,1567214840963
tap2,44,69,1032,157.85384,1058.4487,1.29,1567214841779
tap2,235,690,1653,783.2748,1637.1473,1.1899999,1567214842943
tap2,43,690,1032,769.2877,1079.4377,1.26,1567214843760
tap2,234,69,1653,167.84459,1655.138,0.84,1567214844638
tap2,12,138,1032,249.76874,1013.4721,1.3,1567214845434
tap2,237,759,1653,848.2146,1624.154,0.79999995,1567214846506
tap2,11,759,1032,891.17487,1041.4575,1.42,1567214847598
tap2,236,138,1653,209.80574,1672.129,1.28,1567214848455
tap2,238,207,1653,284.73636,1636.1478,1.27,1567214849201
tap2,67,828,1032,916.15173,1072.4414,1.52,1567214849956
tap2,68,207,1032,301.72064,1052.4518,1.43,1567214850722
tap2,239,828,1653,917.1508,1615.1587,1.26,1567214851692
tap2,104,276,1032,323.7003,1061.4471,1.54,1567214852457
tap2,241,897,1653,977.0953,1599.1671,1.0799999,1567214853426
tap2,240,276,1653,350.6753,1651.14,1.15,1567214854243
tap2,103,897,1032,948.12213,1070.4425,1.4,1567214855284
tap2,50,69,273,141.86864,342.82144,1.5999999,1567214856244
tap2,51,690,894,787.27106,962.49866,1.51,1567214857040
tap2,52,69,894,157.85384,939.5106,1.5799999,1567214857877
tap2,53,690,273,725.3284,379.8022,1.8199999,1567214859062
tap2,55,690,825,773.284,811.5773,1.41,1567214859806
tap2,54,69,204,145.86494,223.88339,1.88,1567214861134
tap2,56,69,825,178.83441,839.5627,1.8,1567214862083
tap2,57,690,204,790.26825,241.87402,1.73,1567214862869
tap2,59,690,756,796.2627,801.5825,1.55,1567214863737
tap2,58,69,135,174.83812,143.92503,1.8499999,1567214865065
tap2,61,690,135,799.25995,206.89224,1.78,1567214866014
tap2,60,69,756,130.87881,805.5804,1.76,1567214866881
tap2,62,207,480,254.76411,504.7371,1.99,1567214867718
tap2,63,828,1101,929.1397,1112.4205,1.51,1567214868668
tap2,64,207,1101,311.71136,1112.4205,1.38,1567214869433
tap2,65,828,480,929.1397,512.7329,1.76,1567214870301
tap2,290,345,480,448.58466,492.74335,1.5699999,1567214871046
tap2,291,552,1446,665.3839,1435.2524,1.3,1567214871853
tap2,293,552,480,637.4098,514.7319,1.6999999,1567214872639
tap2,292,345,1446,447.58557,1448.2457,1.38,1567214873538
tap2,141,621,480,719.334,507.73553,1.6899999,1567214874487
tap2,295,414,1446,506.531,1487.2253,1.18,1567214875375
tap2,294,414,480,504.53284,505.73657,1.53,1567214876212
tap2,203,621,1446,716.33673,1474.2322,1.29,1567214877059
tap2,297,483,1446,549.4912,1500.2186,1.26,1567214877948
tap2,41,690,480,758.29785,542.71735,1.4699999,1567214878764
tap2,296,483,480,539.5005,519.7293,1.39,1567214879550
tap2,205,690,1446,770.2868,1457.241,1.3199999,1567214880520
tap2,319,414,1653,499.53748,1626.153,1.15,1567214881408
tap2,325,552,756,649.3987,779.59393,1.31,1567214882194
tap2,324,414,756,463.57077,790.5882,1.4,1567214882991
tap2,315,552,1653,657.3913,1631.1504,1.1,1567214883838
tap2,298,345,549,400.62906,570.70276,1.3299999,1567214884655
tap2,299,552,1515,628.41815,1546.1947,1.29,1567214885472
tap2,301,552,549,645.4024,577.6991,1.52,1567214886288
tap2,300,345,1515,420.61053,1543.1962,1.18,1567214887064
tap2,326,345,825,404.62534,858.5528,1.37,1567214887789
tap2,256,483,135,592.4514,216.88704,1.67,1567214888810
tap2,250,345,135,421.60962,197.89693,1.64,1567214889739
tap2,327,483,825,593.4505,908.5268,1.26,1567214890607
tap2,67,828,1032,949.1212,1085.4347,1.63,1567214891331
tap2,66,207,411,283.73727,425.77823,1.8399999,1567214892159
tap2,68,207,1032,347.67807,1008.47473,1.62,1567214892924
tap2,69,828,411,868.1961,473.75323,1.8299999,1567214893762
tap2,72,207,963,305.71692,980.4893,1.3299999,1567214894456
tap2,73,828,342,936.13324,381.80115,1.62,1567214895293
tap2,70,207,342,263.7558,383.8001,1.66,1567214896120
tap2,71,828,963,934.1351,984.48724,1.36,1567214896967
tap2,76,207,894,282.73822,920.52057,1.25,1567214897794
tap2,77,828,273,903.16376,335.82507,1.78,1567214898611
tap2,74,207,273,233.78354,295.84592,1.63,1567214899489
tap2,75,828,894,915.15265,987.48566,1.31,1567214900336
tap2,80,207,825,287.73358,886.53827,1.49,1567214901103
tap2,81,828,204,874.19055,304.84122,1.48,1567214901970
tap2,78,207,204,300.72156,259.86465,1.77,1567214902879
tap2,79,828,825,891.17487,900.53094,1.31,1567214903726
tap2,84,207,756,269.75024,740.61426,1.41,1567214904441
tap2,85,828,135,963.1082,202.89432,1.6899999,1567214905176
tap2,82,207,135,242.7752,187.90213,1.79,1567214906166
tap2,83,828,756,951.1193,760.6038,1.7099999,1567214907024
tap2,89,621,618,696.3552,642.6653,1.4599999,1567214907688
tap2,88,0,1239,107.90009,1258.3446,1.53,1567214909045
tap2,87,621,1239,683.36725,1206.3717,1.27,1567214909750
tap2,86,0,618,94.91212,659.65643,1.55,1567214910525
tap2,305,483,1515,552.48846,1528.204,1.2099999,1567214911761
tap2,33,690,549,778.27936,613.68036,1.42,1567214912476
tap2,304,483,549,569.4727,521.7283,1.5,1567214913211
tap2,215,690,1515,793.2655,1523.2067,1.18,1567214914058
tap2,309,552,618,647.4006,665.65326,1.4499999,1567214914753
tap2,308,345,1584,444.58835,1577.1785,1.28,1567214915508
tap2,307,552,1584,624.4218,1602.1655,1.09,1567214916315
tap2,306,345,618,429.60223,704.633,1.14,1567214917101
tap2,258,345,204,437.59482,243.87297,1.74,1567214918020
tap2,331,483,894,551.4894,952.5039,1.52,1567214918785
tap2,330,345,894,463.57077,898.532,1.52,1567214919490
tap2,264,483,204,562.4792,254.86725,1.63,1567214920327
tap2,223,621,1584,706.346,1595.1692,1.06,1567214921225
tap2,310,414,618,485.5504,641.6658,1.51,1567214922042
tap2,89,621,618,696.3552,646.6632,1.5699999,1567214922838
tap2,311,414,1584,462.5717,1622.155,1.06,1567214923665
tap2,261,552,204,605.4394,209.89067,1.28,1567214924624
tap2,322,345,756,433.5985,835.5648,1.4,1567214925543
tap2,262,414,204,503.53375,263.86258,1.6899999,1567214926473
tap2,333,552,894,660.38855,962.49866,1.41,1567214927269
tap2,312,483,618,573.469,679.646,1.76,1567214928085
tap2,225,690,1584,803.2562,1548.1936,1.18,1567214928984
tap2,93,690,618,803.2562,646.6632,1.68,1567214929729
tap2,313,483,1584,577.46533,1605.164,1.13,1567214930597
tap2,91,690,1239,782.2757,1261.343,1.0699999,1567214931413
tap2,90,69,618,150.86032,651.6606,1.4699999,1567214932261
tap2,93,690,618,787.27106,662.65485,1.37,1567214933027
tap2,92,69,1239,128.88066,1271.3378,1.3,1567214933894
tap2,108,276,963,341.68362,1010.4737,1.4399999,1567214934609
tap2,109,897,342,1001.07306,415.78345,1.5999999,1567214935364
tap2,106,276,342,392.63644,366.80893,1.76,1567214936222
tap2,107,897,963,964.1073,985.4867,1.4499999,1567214937008
tap2,100,276,1101,348.67715,1135.4086,1.18,1567214937774
tap2,101,897,480,980.0925,521.7283,1.4399999,1567214938570
tap2,99,897,1101,992.0814,1063.446,1.38,1567214939846
tap2,98,276,480,424.60684,501.73868,1.74,1567214940633
tap2,105,897,411,994.0796,482.74857,1.67,1567214941460
tap2,104,276,1032,317.70584,1085.4347,1.51,1567214942276
tap2,102,276,411,364.66235,426.7777,1.5,1567214943103
tap2,103,897,1032,939.13043,1078.4382,1.3199999,1567214943940
tap2,97,897,549,940.1295,589.6929,1.63,1567214944706
tap2,96,276,1170,379.64847,1175.3878,1.29,1567214945553
tap2,94,276,549,381.64664,626.6736,1.37,1567214946350
tap2,95,897,1170,975.09717,1128.4122,1.2099999,1567214947381
tap2,111,897,894,960.111,922.5195,1.55,1567214948524
tap2,110,276,273,304.71786,341.82196,1.52,1567214949392
tap2,112,276,894,414.6161,953.50336,1.5699999,1567214950229
tap2,113,897,273,920.148,341.82196,1.8399999,1567214951179
tap2,116,276,825,376.65125,852.55597,1.53,1567214951914
tap2,117,897,204,1022.05365,230.87975,1.42,1567214952699
tap2,114,276,204,313.70953,252.86829,1.52,1567214953567
tap2,115,897,825,985.0879,879.5419,1.51,1567214954593
tap2,119,897,756,938.13135,840.5622,1.5999999,1567214955446
tap2,118,276,135,326.6975,191.90005,1.65,1567214956354
tap2,121,897,135,955.11566,192.89952,1.6999999,1567214957620
tap2,120,276,756,351.67438,838.56323,1.41,1567214958458
tap2,152,0,894,117.89084,901.53046,1.28,1567214959489
tap2,213,621,1515,732.3219,1481.2285,0.93,1567214960428
tap2,212,0,1515,87.918594,1544.1957,1.16,1567214961969
tap2,151,621,894,700.3515,930.5153,1.2099999,1567214962766
tap2,56,69,825,123.88529,824.5705,1.3199999,1567214963603
tap2,205,690,1446,765.2914,1422.2592,1.18,1567214964695
tap2,204,69,1446,126.882515,1473.2327,1.12,1567214965573
tap2,55,690,825,780.2775,853.5554,1.36,1567214966400
tap2,24,138,825,220.79556,823.57104,1.35,1567214967176
tap2,207,759,1446,857.2063,1422.2592,1.2099999,1567214968126
tap2,206,138,1446,196.81776,1411.2649,1.23,1567214968963
tap2,23,759,825,883.18225,875.54395,1.2099999,1567214969678
tap2,80,207,825,303.71878,842.56116,1.48,1567214970474
tap2,209,828,1446,869.1952,1467.2357,1.35,1567214971413
tap2,208,207,1446,277.74283,1456.2415,1.24,1567214972199
tap2,79,828,825,915.15265,867.54816,1.38,1567214973292
tap2,115,897,825,904.16284,867.54816,1.29,1567214974088
tap2,210,276,1446,327.6966,1462.2384,1.29,1567214974956
tap2,116,276,825,372.65494,887.5377,1.65,1567214975763
tap2,211,897,1446,961.1101,1461.2389,1.0699999,1567214976834
tap2,203,621,1446,676.3737,1481.2285,1.11,1567214977621
tap2,156,0,825,80.92507,860.55176,1.4,1567214978539
tap2,202,0,1446,90.91582,1450.2446,1.36,1567214979867
tap2,155,621,825,711.3414,853.5554,1.4599999,1567214980602
tap2,52,69,894,107.90009,903.5294,1.5799999,1567214981460
tap2,215,690,1515,776.28125,1530.203,1.11,1567214982419
tap2,51,690,894,754.3016,937.5117,1.5899999,1567214983195
tap2,214,69,1515,166.84552,1493.2223,0.98999995,1567214983972
tap2,216,138,1515,182.83072,1500.2186,1.1899999,1567214984778
tap2,19,759,894,853.21,933.5138,1.38,1567214985503
tap2,217,759,1515,811.24884,1525.2056,0.94,1567214986422
tap2,20,138,894,228.78816,922.5195,1.52,1567214987218
tap2,141,621,480,708.3441,495.7418,1.79,1567214988005
tap2,140,0,1101,90.91582,1164.3936,1.4499999,1567214988964
tap2,138,0,480,105.90195,492.74335,1.65,1567214990312
tap2,139,621,1101,720.333,1148.4019,1.55,1567214991129
tap2,142,0,411,85.92044,433.77408,1.5799999,1567214992078
tap2,143,621,1032,706.346,1033.4617,1.41,1567214992926
tap2,144,0,1032,79.925995,1037.4596,1.25,1567214993742
tap2,145,621,411,660.38855,485.747,1.68,1567214994518
tap2,148,0,963,87.918594,993.48254,1.4599999,1567214995366
tap2,149,621,342,699.3525,395.79385,1.66,1567214996254
tap2,147,621,963,702.3497,1000.4789,1.37,1567214996999
tap2,146,0,342,83.922295,374.80478,1.61,1567214997969
tap2,153,621,273,764.2923,311.8376,1.62,1567214998786
tap2,152,0,894,96.91027,935.51276,1.5999999,1567214999694
tap2,150,0,273,74.93062,309.83862,1.5799999,1567215000981
tap2,151,621,894,747.30804,932.5143,1.4499999,1567215001818
tap2,266,345,273,408.62164,285.8511,1.75,1567215002513
tap2,267,552,1239,644.4033,1259.3441,1.2099999,1567215003257
tap2,269,552,273,575.46716,285.8511,1.5,1567215003993
tap2,268,345,1239,424.60684,1227.3607,1.22,1567215004758
tap2,271,414,1239,474.5606,1235.3566,1.0799999,1567215005494
tap2,153,621,273,683.36725,320.8329,1.5699999,1567215006300
tap2,270,414,273,498.5384,306.84018,1.4499999,1567215007444
tap2,87,621,1239,710.3423,1230.3591,1.16,1567215008281
tap2,91,690,1239,759.29694,1301.3221,1.09,1567215009210
tap2,272,483,273,568.47363,296.8454,1.62,1567215010078
tap2,273,483,1239,567.47455,1247.3503,1.14,1567215010925
tap2,53,690,273,804.2553,324.8308,1.3399999,1567215011671
tap2,277,552,342,629.41724,360.81207,1.4,1567215012416
tap2,276,345,1308,429.60223,1279.3336,1.22,1567215013172
tap2,274,345,342,415.61517,389.79697,1.7099999,1567215014030
tap2,275,552,1308,623.4227,1310.3175,1.38,1567215014938
tap2,183,621,1308,679.371,1355.2941,1.2099999,1567215015714
tap2,278,414,342,466.568,375.80426,1.49,1567215016613
tap2,149,621,342,744.31085,376.80374,1.5999999,1567215017481
tap2,279,414,1308,518.5199,1308.3186,1.3299999,1567215018277
tap2,281,483,1308,533.50604,1320.3123,1.29,1567215019094
tap2,49,690,342,737.3173,390.79645,1.48,1567215019901
tap2,280,483,342,492.54395,385.79904,1.28,1567215020799
tap2,185,690,1308,780.2775,1311.317,1.1899999,1567215021595
tap2,156,0,825,69.93524,838.56323,1.2099999,1567215022381
tap2,157,621,204,689.3617,261.86362,1.78,1567215023127
tap2,155,621,825,737.3173,899.5315,1.48,1567215023791
tap2,154,0,204,106.90102,224.88287,1.66,1567215024934
tap2,158,0,135,62.94172,230.87975,1.3199999,1567215026201
tap2,159,621,756,692.35895,763.6023,1.4499999,1567215027110
tap2,160,0,756,85.92044,771.5981,1.26,1567215027855
tap2,161,621,135,721.3321,178.90681,1.64,1567215028713
tap2,162,0,66,70.93432,109.94273,1.49,1567215032167
tap2,163,621,687,705.3469,696.63715,1.62,1567215033182
tap2,164,0,687,87.918594,691.6398,1.39,1567215033988
tap2,165,621,66,699.3525,114.94013,1.75,1567215034886
tap2,169,897,66,988.0851,90.95263,1.62,1567215036234
tap2,168,276,687,318.7049,729.62,1.77,1567215037113
tap2,166,276,66,323.7003,89.95315,1.79,1567215038042
tap2,167,897,687,986.087,708.6309,1.53,1567215039207
tap2,170,138,618,180.83257,639.6668,1.79,1567215040003
tap2,171,759,1239,855.2081,1163.394,1.17,1567215041034
tap2,173,759,618,849.2137,642.6653,1.37,1567215041749
tap2,172,138,1239,213.80203,1241.3534,1.05,1567215042597
tap2,177,828,618,892.1739,657.6575,1.3399999,1567215043322
tap2,176,207,1239,258.7604,1251.3483,1.14,1567215044170
tap2,174,207,618,290.7308,660.6559,1.3299999,1567215044986
tap2,175,828,1239,924.1443,1173.3888,0.93,1567215046100
tap2,133,690,66,703.34875,179.9063,1.8299999,1567215047172
tap2,249,483,1032,605.4394,1011.47314,1.1899999,1567215048040
tap2,43,690,1032,805.2544,1068.4435,1.17,1567215048755
tap2,248,483,66,568.47363,97.94898,1.56,1567215049735
tap2,251,552,1101,645.4024,1170.3904,0.96,1567215050491
tap2,250,345,135,403.62628,150.92139,1.64,1567215051472
tap2,252,345,1101,429.60223,1082.4362,1.15,1567215052268
tap2,253,552,135,613.432,166.91306,1.04,1567215053157
tap2,254,414,135,479.55597,178.90681,1.4699999,1567215054056
tap2,139,621,1101,725.3284,1135.4086,1.1899999,1567215054863
tap2,161,621,135,724.32935,152.92035,1.68,1567215055638
tap2,255,414,1101,489.54672,1097.4283,1.17,1567215056374
tap2,178,276,618,361.66513,654.659,1.23,1567215057140
tap2,179,897,1239,971.1008,1243.3524,0.91999996,1567215058110
tap2,181,897,618,889.1767,677.64703,1.24,1567215058937
tap2,180,276,1239,340.68454,1264.3414,1.09,1567215059754
tap2,132,69,687,188.82516,729.62,1.37,1567215060602
tap2,185,690,1308,779.27844,1279.3336,1.2099999,1567215061592
tap2,184,69,1308,114.893616,1294.3258,0.96999997,1567215062573
tap2,131,690,687,763.2933,746.61115,1.28,1567215063298
tap2,127,759,687,869.1952,708.6309,1.25,1567215064003
tap2,187,759,1308,879.1859,1283.3315,1.0,1567215064922
tap2,186,138,1308,247.77058,1270.3384,1.1999999,1567215065728
tap2,126,138,66,192.82146,127.933365,1.5699999,1567215067788
tap2,123,828,687,944.1258,705.63245,0.97999996,1567215068751
tap2,188,207,1308,282.73822,1269.3389,1.02,1567215069650
tap2,124,207,687,317.70584,719.6252,1.78,1567215070416
tap2,189,828,1308,906.16095,1323.3108,1.1899999,1567215071356
tap2,317,552,687,608.43665,738.6153,1.3,1567215072091
tap2,316,345,1653,438.5939,1669.1306,1.1999999,1567215073133
tap2,314,345,687,383.64478,743.6127,1.3199999,1567215073909
tap2,315,552,1653,678.3719,1613.1598,0.94,1567215074716
tap2,266,345,273,354.6716,321.83237,1.49,1567215075594
tap2,335,483,963,585.4579,984.48724,1.3,1567215076401
tap2,272,483,273,600.44403,306.84018,1.3299999,1567215077269
tap2,334,345,963,406.6235,999.47943,1.25,1567215078035
tap2,318,414,687,512.52545,725.6221,1.56,1567215078821
tap2,233,621,1653,688.3626,1672.129,0.90999997,1567215079699
tap2,163,621,687,684.36633,748.6101,1.3199999,1567215080496
tap2,319,414,1653,492.54395,1692.1187,1.24,1567215081415
tap2,269,552,273,652.39594,309.83862,1.5899999,1567215082314
tap2,336,414,963,495.54117,1022.46747,1.48,1567215083162
tap2,337,552,963,644.4033,1028.4644,1.3,1567215084193
tap2,270,414,273,517.5208,309.83862,1.64,1567215085153
tap2,168,276,687,342.6827,739.61475,1.54,1567215085929
tap2,191,897,1308,990.08325,1338.303,1.16,1567215087012
tap2,167,897,687,981.0916,680.6455,1.17,1567215087716
tap2,190,276,1308,308.71414,1328.3081,1.05,1567215088574
tap2,192,0,1377,132.87697,1350.2966,1.1999999,1567215089494
tap2,160,0,756,92.91397,797.5846,1.41,1567215090454
tap2,193,621,1377,737.3173,1371.2858,1.1999999,1567215091342
tap2,159,621,756,688.3626,806.5799,1.35,1567215092108
tap2,194,69,1377,105.90195,1400.2706,1.17,1567215092956
tap2,59,690,756,771.2858,805.5804,1.37,1567215093753
tap2,60,69,756,119.88899,779.59393,1.3399999,1567215094518
tap2,195,690,1377,751.3043,1358.2925,1.1999999,1567215095458
tap2,28,138,756,193.82054,790.5882,1.54,1567215096275
tap2,197,759,1377,804.2553,1414.2634,1.24,1567215097327
tap2,27,759,756,838.2239,777.595,1.4499999,1567215098093
tap2,196,138,1377,200.81406,1352.2957,1.3399999,1567215099032
tap2,84,207,756,278.7419,803.5814,1.6899999,1567215099839
tap2,199,828,1377,914.15356,1388.2769,0.82,1567215100676
tap2,83,828,756,843.21924,804.58093,1.12,1567215101371
tap2,198,207,1377,258.7604,1396.2727,1.0699999,1567215102209
tap2,200,276,1377,346.67902,1385.2784,1.12,1567215103026
tap2,119,897,756,990.08325,744.6122,1.28,1567215103883
tap2,120,276,756,313.70953,781.5929,1.4,1567215104690
tap2,201,897,1377,932.1369,1402.2697,1.04,1567215106038
tap2,242,345,66,418.6124,129.93233,1.37,1567215107397
tap2,347,966,687,1030.0463,779.59393,0.89,1567215108959
tap2,338,966,66,1025.0509,133.93024,1.23,1567215111775
tap2,314,345,687,441.59113,703.6335,1.3,1567215112483
tap2,322,345,756,425.60593,761.60333,1.62,1567215113280
tap2,339,966,135,1056.0222,185.90317,0.90999997,1567215114096
tap2,348,966,756,964.1073,784.5914,1.12,1567215114893
tap2,250,345,135,429.60223,200.89536,1.5899999,1567215115843
tap2,258,345,204,380.64755,261.86362,1.63,1567215116875
tap2,349,966,825,1022.05365,825.57,1.1999999,1567215117712
tap2,340,966,204,1007.0675,281.85318,1.41,1567215118631
tap2,326,345,825,464.56985,889.5367,1.55,1567215119509
tap2,330,345,894,421.60962,928.51636,1.4599999,1567215120449
tap2,341,966,273,1038.0388,365.80948,1.14,1567215121276
tap2,266,345,273,420.61053,337.82404,1.0,1567215122216
tap2,350,966,894,985.0879,918.5216,1.22,1567215123063
tap2,76,207,894,283.73727,910.52576,1.27,1567215123809
tap2,219,828,1515,907.16003,1523.2067,0.89,1567215124779
tap2,218,207,1515,267.75208,1545.1952,1.28,1567215125708
tap2,75,828,894,911.1564,931.51483,1.0699999,1567215126454
tap2,220,276,1515,306.716,1546.1947,1.06,1567215127312
tap2,111,897,894,985.0879,934.51324,1.24,1567215128252
tap2,112,276,894,363.66327,929.51587,1.18,1567215129018
tap2,221,897,1515,995.0786,1434.2529,0.81,1567215129947
tap2,225,690,1584,765.2914,1567.1837,0.9,1567215130876
tap2,48,69,963,132.87697,987.48566,1.23,1567215131714
tap2,47,690,963,766.29047,1001.4784,1.13,1567215132511
tap2,224,69,1584,144.86586,1611.1608,0.95,1567215133410
tap2,165,621,66,700.3515,118.93805,1.4,1567215134339
tap2,247,414,1032,497.5393,1112.4205,1.11,1567215135207
tap2,143,621,1032,698.3534,1106.4237,1.2099999,1567215135922
tap2,246,414,66,483.55228,117.93857,1.53,1567215137076
tap2,15,759,963,874.19055,1021.46796,1.12,1567215138006
tap2,226,138,1584,210.80481,1619.1566,0.98999995,1567215138945
tap2,227,759,1584,834.2276,1614.1593,1.02,1567215139875
tap2,16,138,963,180.83257,1017.47003,1.2099999,1567215140753
tap2,72,207,963,267.75208,1017.47003,1.18,1567215141693
tap2,229,828,1584,922.1462,1599.1671,0.94,1567215142836
tap2,71,828,963,863.20074,974.49243,1.03,1567215143654
tap2,228,207,1584,262.7567,1607.1628,0.66999996,1567215144522
tap2,242,345,66,453.58002,128.93285,1.54,1567215145553
tap2,243,552,1032,644.4033,1046.455,1.36,1567215146391
tap2,244,345,1032,423.6078,1105.4242,1.2099999,1567215147157
tap2,245,552,66,641.4061,160.91618,1.29,1567215148168
tap2,148,0,963,88.91767,1016.4706,1.12,1567215149088
tap2,223,621,1584,723.33026,1583.1754,0.89,1567215150099
tap2,147,621,963,704.34784,996.48096,1.27,1567215150844
tap2,222,0,1584,77.92784,1588.1727,0.94,1567215151947
tap2,252,345,1101,419.61148,1131.4106,1.02,1567215152714
tap2,344,966,480,1006.0685,569.70325,1.27,1567215153521
tap2,290,345,480,410.6198,539.7189,1.26,1567215154368
tap2,353,966,1101,1038.0388,1103.4253,0.89,1567215156053
tap2,345,966,549,1042.0352,564.7059,1.03,1567215156768
tap2,260,345,1170,427.60406,1127.4127,1.1899999,1567215157545
tap2,354,966,1170,1011.06384,1180.3851,0.91999996,1567215158402
tap2,298,345,549,403.62628,601.6866,1.27,1567215159230
tap2,346,966,618,1033.0435,690.64026,0.90999997,1567215160292
tap2,268,345,1239,404.62534,1263.3419,1.12,1567215161109
tap2,355,966,1239,1015.0601,1246.3508,1.0,1567215162150
tap2,306,345,618,445.58743,664.6538,1.4399999,1567215163019
tap2,314,345,687,382.6457,758.60486,1.49,1567215163897
tap2,356,966,1308,1036.0406,1367.2878,0.72999996,1567215164857
tap2,347,966,687,1021.05457,697.63666,1.0,1567215165705
tap2,276,345,1308,420.61053,1264.3414,1.2099999,1567215166614
tap2,257,483,1101,576.46625,1145.4034,1.18,1567215167360
tap2,61,690,135,756.29974,183.9042,1.3199999,1567215168493
tap2,39,690,1101,764.2923,1118.4175,1.0,1567215169351
tap2,256,483,135,548.4921,185.90317,1.41,1567215170311
tap2,258,345,204,400.62906,253.86777,1.43,1567215171374
tap2,259,552,1170,652.39594,1183.3837,1.09,1567215172252
tap2,260,345,1170,452.58093,1200.3748,0.97999996,1567215173049
tap2,261,552,204,638.4089,241.87402,1.1899999,1567215174193
tap2,157,621,204,720.333,250.86934,1.3299999,1567215175112
tap2,263,414,1170,509.52823,1215.367,1.04,1567215176021
tap2,262,414,204,503.53375,213.8886,1.37,1567215176961
tap2,135,621,1170,721.3321,1170.3904,0.96,1567215177747
tap2,244,345,1032,415.61517,1037.4596,1.14,1567215178452
tap2,361,966,1653,1048.0297,1639.1462,0.52,1567215179697
tap2,352,966,1032,1038.0388,1040.4581,0.75,1567215180852
tap2,316,345,1653,399.62997,1629.1515,0.94,1567215181853
tap2,282,345,411,467.56708,424.77875,1.26,1567215182772
tap2,283,552,1377,635.4117,1351.2961,1.0699999,1567215183620
tap2,284,345,1377,422.6087,1333.3055,1.01,1567215184376
tap2,285,552,411,627.41907,438.77145,1.16,1567215185223
tap2,145,621,411,728.3256,438.77145,1.38,1567215186061
tap2,287,414,1377,513.52454,1408.2665,0.96999997,1567215186868
tap2,193,621,1377,722.3312,1379.2816,1.0799999,1567215187716
tap2,286,414,411,465.5689,486.74646,1.23,1567215188625
tap2,288,483,411,567.47455,496.74127,1.24,1567215189513
tap2,195,690,1377,796.2627,1397.2722,1.04,1567215190279
tap2,289,483,1377,550.4903,1395.2733,1.09,1567215191107
tap2,45,690,411,772.2849,445.76782,1.25,1567215191873
tap2,31,690,1170,791.26733,1139.4065,1.04,1567215192670
tap2,264,483,204,544.49585,240.87454,1.43,1567215193538
tap2,57,690,204,820.24054,275.85632,1.29,1567215194345
tap2,265,483,1170,591.4524,1166.3925,1.11,1567215195070
tap2,300,345,1515,428.60315,1493.2223,1.15,1567215195928
tap2,350,966,894,1033.0435,926.5174,0.96999997,1567215197266
tap2,330,345,894,486.5495,921.52,1.3399999,1567215198073
tap2,359,966,1515,1042.0352,1489.2244,0.65999997,1567215199636
tap2,351,966,963,1038.0388,990.4841,0.85999995,1567215200422
tap2,308,345,1584,424.60684,1603.165,0.96,1567215201454
tap2,360,966,1584,1043.0342,1579.1775,0.61,1567215202598
tap2,334,345,963,442.5902,993.48254,1.27,1567215203425
tap2,137,621,549,714.33856,595.68976,1.31,1567215204212
tap2,303,414,1515,497.5393,1514.2113,1.1,1567215205039
tap2,213,621,1515,704.34784,1516.2103,1.04,1567215205764
tap2,302,414,549,526.5125,554.71106,1.37,1567215206663
tap2,254,414,135,541.4986,212.88911,1.31,1567215207664
tap2,329,552,825,642.4052,845.5596,1.24,1567215208481
tap2,253,552,135,644.4033,148.92244,1.54,1567215209727
tap2,328,414,825,518.5199,871.546,1.38,1567215210707
tap2,334,345,963,427.60406,1001.4784,1.17,1567215211555
tap2,342,966,342,1059.0194,349.81778,0.78,1567215212444
tap2,274,345,342,418.6124,392.7954,1.41,1567215213282
tap2,351,966,963,1022.05365,971.494,1.03,1567215214272
tap2,282,345,411,378.6494,437.77197,1.53,1567215215079
tap2,352,966,1032,1044.0333,1113.42,0.84,1567215216008
tap2,343,966,411,963.1082,455.7626,1.37,1567215216785
tap2,244,345,1032,437.59482,1028.4644,1.09,1567215217592
tap2,322,345,756,389.63922,795.58563,1.36,1567215218419
tap2,357,966,1377,1044.0333,1357.2931,0.71,1567215219502
tap2,348,966,756,995.0786,770.59863,1.1,1567215220237
tap2,284,345,1377,436.59573,1349.2972,1.09,1567215221065
tap2,292,345,1446,424.60684,1398.2717,1.2099999,1567215221810
tap2,349,966,825,1054.024,910.52576,0.69,1567215222780
tap2,326,345,825,444.58835,848.55804,1.35,1567215223618
tap2,358,966,1446,1018.0574,1451.2441,0.91999996,1567215224915
tap2,131,690,687,754.3016,682.6444,1.2099999,1567215225640
tap2,321,483,1653,546.494,1636.1478,0.98999995,1567215226457
tap2,320,483,687,537.5023,708.6309,1.2099999,1567215227244
tap2,235,690,1653,768.28864,1691.1191,0.98999995,1567215228143
tap2,362,0,1722,90.91582,1721.1035,0.9,1567215229185
tap2,139,621,1101,697.3543,1133.4097,1.0,1567215229961
tap2,140,0,1101,97.90935,1132.4102,0.88,1567215230788
tap2,371,621,1722,705.3469,1714.1072,0.82,1567215231820
tap2,39,690,1101,720.333,1142.405,0.94,1567215232647
tap2,363,69,1722,123.88529,1697.1161,0.90999997,1567215233536
tap2,372,690,1722,770.2868,1712.1083,0.78999996,1567215234567
tap2,40,69,1101,145.86494,1127.4127,1.16,1567215235384
tap2,136,0,1170,83.922295,1192.3789,1.05,1567215236191
tap2,386,621,1791,687.3635,1814.0552,0.95,1567215237233
tap2,135,621,1170,690.3608,1094.4299,1.17,1567215237928
tap2,377,0,1791,104.90287,1773.0765,0.94,1567215238765
tap2,31,690,1170,760.296,1221.3639,1.09,1567215239450
tap2,378,69,1791,171.84088,1782.0718,1.12,1567215240328
tap2,32,69,1170,171.84088,1188.381,1.22,1567215241135
tap2,387,690,1791,767.28955,1766.0801,1.05,1567215242034
tap2,8,138,1101,201.81314,1122.4154,1.28,1567215242770
tap2,373,759,1722,777.2803,1700.1145,0.84999996,1567215243648
tap2,7,759,1101,813.247,1125.4138,1.25,1567215244386
tap2,364,138,1722,189.82423,1749.089,1.1,1567215245262
tap2,374,828,1722,919.1489,1742.0927,1.01,1567215246222
tap2,64,207,1101,268.75116,1153.3993,1.2099999,1567215246988
tap2,365,207,1722,303.71878,1727.1005,1.2099999,1567215247816
tap2,63,828,1101,899.1674,1149.4014,1.27,1567215248561
tap2,379,138,1791,187.82608,1810.0573,1.01,1567215249490
tap2,3,759,1170,819.24146,1242.3529,0.93,1567215250338
tap2,4,138,1170,241.77614,1188.381,1.02,1567215251104
tap2,388,759,1791,861.2026,1777.0743,0.87,1567215252218
tap2,380,207,1791,290.7308,1775.0754,1.04,1567215253065
tap2,35,828,1170,842.22015,1228.3602,1.14,1567215254138
tap2,389,828,1791,916.15173,1766.0801,0.74,1567215255047
tap2,36,207,1170,315.70767,1227.3607,1.11,1567215255895
tap2,100,276,1101,322.7012,1141.4055,1.51,1567215256702
tap2,375,897,1722,959.11194,1752.0874,0.97999996,1567215257569
tap2,99,897,1101,934.1351,1149.4014,1.13,1567215258325
tap2,366,276,1722,338.6864,1753.0869,1.09,1567215259163
tap2,368,414,1722,485.5504,1744.0916,1.09,1567215260103
tap2,159,621,756,686.3645,817.57416,1.18,1567215260859
tap2,371,621,1722,694.35706,1737.0952,0.98999995,1567215261757
tap2,324,414,756,473.56152,809.5783,1.22,1567215262585
tap2,96,276,1170,405.62442,1165.393,0.98999995,1567215263351
tap2,390,897,1791,973.099,1804.0603,0.91999996,1567215264341
tap2,95,897,1170,895.17114,1175.3878,1.1,1567215265118
tap2,381,276,1791,369.6577,1778.0739,0.83,1567215266017
tap2,385,552,1791,643.40424,1783.0713,0.89,1567215266936
tap2,326,345,825,467.56708,838.56323,1.24,1567215267804
tap2,382,345,1791,406.6235,1804.0603,1.01,1567215268611
tap2,329,552,825,621.4246,844.5601,1.4399999,1567215269408
tap2,323,483,756,607.43756,815.5752,1.0699999,1567215270113
tap2,372,690,1722,786.272,1770.078,0.78999996,1567215271032
tap2,59,690,756,769.2877,790.5882,1.16,1567215271788
tap2,369,483,1722,576.46625,1675.1274,0.89,1567215272605
tap2,353,966,1101,1037.0398,1125.4138,0.84999996,1567215273647
tap2,367,345,1722,401.6281,1742.0927,1.0,1567215274525
tap2,252,345,1101,457.57632,1123.4149,1.27,1567215275230
tap2,376,966,1722,1007.0675,1744.0916,0.82,1567215276200
tap2,383,414,1791,499.53748,1823.0504,0.81,1567215277099
tap2,155,621,825,722.3312,879.5419,0.93,1567215277865
tap2,328,414,825,473.56152,882.54034,1.3199999,1567215278713
tap2,386,621,1791,703.34875,1824.0499,0.94,1567215279643
tap2,55,690,825,788.27014,873.545,1.23,1567215280439
tap2,384,483,1791,561.4801,1810.0573,0.96999997,1567215281359
tap2,327,483,825,537.5023,868.5476,1.35,1567215282176
tap2,387,690,1791,789.2692,1828.0479,0.82,1567215283013
drag1,2,373.65402,610.68195,0.75,2406.312384,60.26963952064864
drag1,3,672.37744,878.5424,0.66999996,2783.186616,71.6436626864884
drag1,4,667.3821,623.6752,0.82,4192.050924,67.84696057525396
drag1,5,393.63553,915.52313,0.91999996,3494.0274609999997,65.57409621171898
drag1,9,403.62628,765.5768,0.83,2420.723461,63.986028061120365
drag1,17,667.3821,1063.446,0.78,3647.2732309999997,67.11809375814595
drag1,16,392.029,1030.855,0.85999995,4300.110615,65.57825258071378
drag1,7,667.3821,765.60126,0.77,1995.0826149999998,73.22084435334831
drag1,4,685.3654,643.66473,0.72999996,2537.586385,64.92539116080283
drag1,10,429.60223,339.823,0.71999997,3574.324001,70.56232536812642
drag1,2,390.6383,600.68713,0.81,3257.8483079999996,64.11865301051225
drag1,11,686.7585,327.82925,0.77,2441.048,71.99453985342679
drag1,4,674.4604,604.68506,0.77,2563.821231,67.58185795636155
drag1,18,403.82672,1198.1754,0.74,4937.945846,63.487154781825694
drag1,2,416.61426,603.68555,0.72999996,3111.811539,72.68855112549325
drag1,19,669.3802,1172.3894,0.78,3354.218462,72.31760237291894
drag1,13,686.3645,202.89432,0.85999995,5333.371308,75.44594104129781
drag1,6,429.60223,481.87958,0.82,3991.314693,63.99189142052261
drag1,12,378.6494,179.9063,0.71999997,3262.950539,70.81913568027507
drag1,8,679.8705,467.25665,0.78999996,3667.2298469999996,69.52859731817097
drag1,19,685.3654,1177.3867,0.81,5036.748385,65.3733864206113
drag1,22,421.60962,1513.2118,0.68,4049.4078459999996,59.353119721803075
drag1,18,393.64032,1227.3655,0.97999996,2901.216462,59.81091382931029
drag1,23,694.35706,1489.2244,0.76,3117.512539,58.50461308019911
drag1,14,401.6281,77.9594,1.1999999,5459.687308,59.25902720935676
drag1,11,660.38855,320.8329,1.22,4372.127923,72.23508928978985
drag1,10,404.62534,333.8261,1.11,3433.26277,79.97194535417584
drag1,15,667.3821,55.970848,0.77,3343.841692,74.74394110622173
drag1,17,662.38666,1041.4575,0.84999996,3518.136923,54.64371789306751
drag1,20,426.72333,1355.3729,0.85999995,3361.672616,56.20061134595762
drag1,21,672.63904,1346.2988,0.78,3876.308154,65.7255299798921
drag1,16,421.11008,1047.9541,0.72999996,3290.8852309999997,73.33284616234081
drag1,24,268.75116,56.952282,0.72999996,4260.286693,81.6653589740939
drag1,26,241.77614,133.93024,0.65,93.96753799999999,411.5580153514204
drag1,27,255.76318,290.8485,1.13,3598.6372309999997,65.19305828821211
drag1,25,506.531,75.960434,0.79999995,2566.145154,68.91520616215081
drag1,66,813.247,1469.2347,0.71999997,4785.536384999999,68.11216429301949
drag1,41,566.47546,1189.3805,0.9,3258.4605389999997,74.0002979728863
drag1,42,574.96765,1481.2285,0.9,1988.3436159999999,57.90826411239056
drag1,65,825.6624,1208.7974,0.71999997,2443.094154,66.51478998537921
drag1,36,262.7567,779.59393,0.75,2922.2485389999997,65.06295401478214
drag1,38,522.5162,1052.4518,0.97999996,3023.0306929999997,55.14778070012106
drag1,39,269.00513,1033.3346,0.84,3157.6491539999997,62.18921616117563
drag1,37,520.51807,756.6059,0.74,1766.936461,66.86955774584366
drag1,16,424.60684,1035.265,0.81,2645.333,65.31239546455598
drag1,56,124.88437,1331.8063,0.7,4301.894846,68.94324048484123
drag1,20,422.7029,1327.3087,0.97999996,1572.894538,75.60476617962773
drag1,53,105.90195,1083.4357,1.1999999,5212.065154999999,101.37941033810947
drag1,59,848.2146,203.8938,1.3199999,3130.482616,79.7035749285685
drag1,30,557.596,477.75116,1.2099999,3574.885308,75.47950256885456
drag1,29,527.5116,224.88287,0.95,2466.731385,74.06029716557647
drag1,60,794.2646,473.75323,1.0,4601.691847,76.16370227898186
drag1,33,577.79095,624.3489,1.17,2929.129308,64.09448967896957
drag1,62,817.299,876.08545,1.22,2575.009924,62.6369693563448
drag1,61,833.2285,662.65485,1.04,2769.101154,67.87939630865408
drag1,34,570.4718,907.5273,0.78999996,2841.975692,77.18001388792504
drag1,6,421.60962,515.7314,0.94,3090.5551539999997,65.03707126083731
drag1,48,106.90102,249.86986,1.29,3749.2918459999996,87.37739621369947
drag1,12,388.64014,159.9167,0.94,2088.379615,79.21110873521913
drag1,49,102.09172,468.4522,0.88,3356.596847,86.41614507857335
drag1,51,90.91582,854.5549,1.02,4274.107385,85.24429741645739
drag1,2,388.64014,644.66425,0.79999995,2233.2986149999997,76.21374383067887
drag1,5,384.64386,889.0313,0.98999995,1798.019308,60.63761059268547
drag1,50,120.88807,603.68555,0.84999996,2668.271616,70.78824311779113
drag1,37,561.4801,769.5991,0.84999996,2884.6785379999997,66.73553148032691
drag1,64,820.3707,1060.4476,0.79999995,3626.7143849999998,64.12310620919513
drag1,38,554.4866,1070.4425,1.23,3318.280616,85.98453686505013
drag1,63,808.25165,826.56946,1.1899999,5918.117924,90.64562179880959
drag1,29,574.4681,281.85318,1.27,6236.815847,57.731487096194854
drag1,31,260.75854,503.7376,1.0699999,3957.236,82.10519734944442
drag1,28,246.60423,230.87975,1.18,2722.610308,74.91776705225519
drag1,30,506.531,476.75168,1.01,5170.640077,94.19047898609446
drag1,42,545.49493,1464.2373,1.0799999,4639.420693,87.85970749547052
drag1,40,277.74283,1222.3633,1.5,3417.7690009999997,81.28997953192446
drag1,41,541.1448,1228.8877,1.24,3372.361231,73.47995955449124
drag1,43,270.7493,1503.217,1.24,3385.196923,65.12079188069555
drag1,45,257.76132,1396.2727,1.25,3126.4066159999998,68.95433010827048
drag1,82,530.5088,1685.1223,0.75,3351.975231,65.99502020570515
drag1,80,244.77336,1673.1285,1.3399999,3947.1961539999998,74.99541680909455
drag1,44,569.9723,1390.2759,1.24,4943.037539,101.93591067632006
drag1,57,826.235,101.9469,1.25,5587.112615999999,83.36402165262093
drag1,26,549.853,400.79126,0.89,5804.028539,60.14060270377823
drag1,58,813.247,369.80737,1.02,3229.090385,65.07060410627967
drag1,25,864.1998,371.80634,0.29999998,22.115615,410.1243713801949
drag1,64,844.2183,1100.4269,0.89,4018.5938459999998,64.37204773545706
drag1,44,567.47455,1356.2936,0.96999997,2560.8716919999997,63.157255826682615
drag1,38,549.4912,1075.4398,1.09,3518.483077,66.84402474037165
drag1,67,838.2239,1367.2878,0.95,2930.739385,59.2371770377903
drag1,9,405.62442,783.6765,1.23,2840.149462,76.61621854409617
drag1,53,136.87326,1056.4497,1.25,2942.416616,77.32824822338776
drag1,16,393.63553,1061.4471,1.0699999,3550.166539,68.02565964869139
drag1,52,137.3728,791.58765,1.27,2834.415154,73.00045857154448
drag1,74,973.099,764.60175,0.97999996,4358.7306149999995,89.01476647355304
drag1,17,699.3525,1073.4409,1.12,3375.542461,81.1229732533988
drag1,75,961.1101,1031.4628,1.1,6266.912769,83.02928965793453
drag1,7,692.35895,787.4801,1.22,3348.1926919999996,72.08667564200213
drag1,70,973.099,258.86517,1.15,3672.111,70.67007088812191
drag1,8,700.3515,523.72723,0.95,4213.931462,78.36241820061196
drag1,13,697.3543,247.8709,1.05,4284.6820769999995,65.94400213368463
drag1,71,1007.0675,500.7392,1.17,2995.128769,66.17209441820386
drag1,78,980.01526,1345.835,1.02,3181.5133849999997,76.93589291348641
drag1,83,702.3497,1641.1451,1.37,4303.690154,71.24618893655739
drag1,21,675.37463,1340.3019,1.24,2554.37877,69.82386828688054
drag1,85,974.0981,1644.1437,0.85999995,2841.298923,59.146546388897235
drag1,19,675.37463,1181.3846,1.14,2872.5409999999997,75.74300983431598
drag1,77,984.0888,1496.2207,0.78,3039.0570009999997,74.13682714900868
drag1,76,998.07587,1229.8594,1.0699999,3831.319693,68.31909180300939
drag1,23,695.35614,1538.1989,0.96999997,5431.115691999999,67.25180666308803
drag1,15,703.34875,75.960434,1.41,5681.07777,71.27677234956606
drag1,69,961.1101,378.8027,1.12,2919.517616,60.269660656369965
drag1,11,695.35614,351.81674,1.3299999,2607.1264619999997,73.95889106966935
drag1,68,972.0999,101.9469,1.18,4357.488230999999,70.05238681607231
drag1,21,695.35614,1354.2946,1.05,5949.569308,72.90692952156604
drag1,75,981.0916,1092.431,0.96,3059.915385,65.98940084367746
drag1,17,676.3737,1087.4336,1.05,3633.187077,66.02204543513115
drag1,78,981.0916,1351.2961,1.1,2558.116693,64.12073180813734
drag1,54,104.90287,1217.366,1.11,4405.116153999999,68.92360496893998
drag1,22,416.61426,1497.2202,1.11,2280.912769,62.87567349677319
drag1,18,386.642,1209.3701,1.0,2952.502154,71.81103563953603
drag1,55,139.249,1502.4615,1.0799999,3372.068077,69.89199646881895
drag1,67,831.23035,1359.292,1.13,3874.2906159999998,57.92088529229009
drag1,82,576.46625,1652.1395,0.94,3418.390539,60.55108270929396
drag1,84,847.2156,1658.1364,1.11,3433.4593849999997,58.967247511953126
drag1,44,529.8479,1319.9895,1.1999999,5780.87177,92.96300760071419
drag1,38,576.46625,1118.4175,1.3399999,3822.377154,69.28307614968001
drag1,45,268.75116,1361.291,1.2099999,3468.118154,67.32302266713734
drag1,44,547.49304,1371.2858,0.96,3580.0911539999997,66.02336455276124
drag1,39,283.73727,1098.4279,0.96999997,3315.839154,67.85255838596261
drag1,56,111.89639,1350.2966,1.26,3200.398769,84.79858729568285
drag1,81,374.6531,1630.1509,1.09,4152.723538,80.2902752461154
drag1,20,367.65958,1371.9357,1.1,2855.4483849999997,83.38034297869615
drag1,79,133.87604,1629.3472,0.96999997,3118.227308,77.06902396782394
drag1,33,539.5005,671.65015,1.4399999,4724.457461999999,79.45164333573007
drag1,35,272.3708,929.76166,0.9,4990.517922999999,87.88584038958744
drag1,34,540.06323,907.04865,1.55,2465.935154,79.45207401178797
drag1,32,276.3294,631.4604,1.36,5049.094153999999,76.70153846589007
drag1,9,361.66513,738.6153,1.3,2256.860385,63.053719378581334
drag1,8,660.73065,481.1191,1.26,3915.3986929999996,81.7301573948264
drag1,6,436.23456,482.85648,1.5899999,3081.602923,86.42332119909855
drag1,7,662.38666,753.6075,1.41,2313.007385,74.52427497120873
drag1,14,390.6383,79.95835,1.5799999,3607.924846,70.87058348098643
drag1,47,124.88437,320.8329,1.0,2894.398308,76.1138246743711
drag1,46,58.94542,66.96512,0.91999996,3137.3789239999996,92.46642927922694
drag1,10,397.63184,375.80426,1.14,2720.1936929999997,57.136106179060654
drag1,4,662.38666,602.6861,1.49,5500.605847,72.20466909241378
drag1,73,968.10364,937.5117,0.85999995,2656.6662309999997,59.763569709991955
drag1,72,970.10175,667.63824,1.27,3014.027769,69.85289801552952
drag1,3,698.3534,918.5216,1.02,3590.61877,67.19633823553694
scale1,27,-21.363447,1939.143308
scale1,46,-1.2772808,1103.321308
scale1,26,-17.049185,4317.525923
scale1,4,-32.735085,2369.4576159999997
scale1,43,-15.059011,4156.486769
scale1,25,-26.60832,3094.496154
scale1,42,-120.54304,4279.607538
scale1,23,-145.66418,558.187692
scale1,5,-149.26405,2510.021538
scale1,27,28.341328,1072.775385
scale1,46,-14.201546,4545.807154
scale1,26,-10.799955,1234.194923
scale1,4,-22.278368,2206.392693
scale1,43,1.818306,2235.7482299999997
scale1,25,-25.127655,6749.722001
scale1,42,-20.980677,3085.467462
scale1,23,-25.567709,3115.207924
scale1,5,-19.59439,2719.0535379999997
scale1,24,-19.59439,7515.436847
scale1,19,-1.0359592,2018.4363079999998
scale1,2,-20.167551,1880.0212299999998
scale1,44,-18.616436,2114.4343839999997
scale1,65,-4.136936,2154.421308
scale1,45,-16.205812,2319.735462
scale1,28,-11.229263,2156.554231
scale1,13,1.7865143,1981.4958459999998
scale1,56,-1.9601326,1704.730077
scale1,40,-1.3606567,1256.9146919999998
scale1,41,-4.660555,2319.418001
scale1,6,-10.320814,1980.6129999999998
scale1,51,10.98214,1219.8287699999998
scale1,36,-14.218197,1983.1043069999998
scale1,21,-16.432577,2441.960769
scale1,8,-4.9251537,1469.248693
scale1,57,0.05311203,4227.489231
scale1,39,0.05311203,49.889922999999996
scale1,9,-131.14275,1069.5547689999999
scale1,58,-6.443104,2064.294924
scale1,47,-16.09104,2818.806847
scale1,1,621.5941,1102.521923
scale1,35,-20.47062,2017.4197689999999
scale1,3,-24.523441,2380.320693
scale1,17,-7.0020504,2051.678
scale1,53,-10.287254,1040.95
scale1,34,-12.262218,2408.264077
scale1,18,-5.402115,1260.338231
scale1,50,-6.367676,3942.615
scale1,62,26.496414,1164.518693
scale1,66,-17.807259,3626.443769
scale1,20,-4.885105,1697.7876919999999
scale1,37,-17.666513,2085.965539
scale1,32,-31.876213,2187.0169229999997
scale1,31,-17.163477,2226.646077
scale1,49,-5.7277565,1673.890923
scale1,7,-2.2982025,1961.813308
scale1,15,-30.400612,1910.384615
scale1,10,-7.190775,3114.460616
scale1,60,-7.190775,1410.9954619999999
scale1,63,-144.0,467.43861499999997
scale1,59,-3.7005386,1314.7269999999999
scale1,55,-8.250921,1469.9169239999999
scale1,14,-8.597385,2778.398693
scale1,12,-8.597385,3346.358616
scale1,54,-144.0,1216.433846
scale1,52,-144.0,610.388231
scale1,48,59.92235,2360.721538
scale1,30,9.87513,2829.838616
scale1,16,-28.538996,2267.592077
scale1,11,-28.807045,1715.865539
scale1,61,12.315777,1082.8461539999998
scale1,38,15.781792,1610.756154
scale1,29,-18.954454,1419.925693
scale1,64,11.534821,1950.288615
scale1,22,-4.5833416,2963.159077
scale1,33,13.835495,1142.253385
scale2,25,-4.4339848,3351.727384
scale2,9,1361.6002,1053.371385
scale2,28,9.298496,2983.297846
scale2,10,1.6256161,1642.72877
scale2,29,1.5792274,4261.139537999999
scale2,12,-12.691475,2899.016924
scale2,30,-16.317467,2521.231077
scale2,13,-2.3977947,1907.9304619999998
scale2,32,-461.98123,5853.616077
scale2,25,6.5231094,4773.853231
scale2,9,-14.899372,3028.244539
scale2,28,-4.664732,3322.981538
scale2,10,-14.279074,2583.675077
scale2,29,131.13617,1267.453923
scale2,12,2.4512959,2329.816769
scale2,30,-1.8022327,3148.288693
scale2,13,-3.5309486,3655.262769
scale2,32,-470.8079,1234.241384
scale2,15,-19.564608,2485.654
scale2,34,-10.03763,5598.3527699999995
scale2,17,-9.524775,5107.7823849999995
scale2,1,-465.96002,2451.489692
scale2,20,69.585205,2677.251461
scale2,3,-465.62732,3605.825
scale2,24,3.9877853,1858.157847
scale2,16,-8.139284,7968.636539
scale2,2,1.9151516,3361.658846
scale2,23,15.838663,5158.955847
scale2,7,-7.1906776,2921.33723
scale2,11,-0.9022808,3781.6030769999998
scale2,14,-14.460285,4282.759231
scale2,26,-14.035801,3166.8604619999996
scale2,35,-3.0807838,2984.1669229999998
scale2,21,655.42694,1257.668923
scale2,22,18.151926,4199.936462
scale2,27,-16.213486,2726.048
scale2,36,-7.2030773,3045.8633849999997
scale2,31,-4.844118,1991.916385
scale2,19,-12.492954,2850.376308
scale2,4,-465.14587,3270.116693
scale2,8,-449.47488,2136.005846
scale2,5,-15.171221,3372.412231
scale2,33,146.62349,1337.564846
scale2,18,-11.997597,3556.458616
scale2,6,43.65107,1530.1895379999999
rotate2,14,0.32157135,29.257845999999997
