drag1,2,371.65588,629.67206,0.85999995,1982.673077,66.01643102509323
drag1,3,644.4033,914.5237,0.71999997,1971.525923,59.16252374004922
drag1,4,691.35986,634.5129,0.87,1572.955769,55.201093477098254
drag1,5,404.62534,868.5476,0.97999996,1625.254692,73.41471933733564
drag1,9,372.65494,806.5799,0.76,1165.049153,67.08006177161464
drag1,17,640.40704,1040.4581,0.72999996,2688.6556929999997,65.41652083575542
drag1,16,410.6198,1055.4503,0.75,1164.927769,71.49819278485924
drag1,7,651.39685,785.5908,0.89,1805.5486159999998,65.92348915155127
drag1,4,666.383,676.6476,0.76,1266.291692,66.07956346849188
drag1,10,407.62256,342.82144,0.93,1957.9503849999999,59.881330144425455
drag1,2,390.6383,623.6752,0.89,1360.434923,53.11920173275036
drag1,11,677.3728,344.8204,0.90999997,1707.240077,60.96132691149875
drag1,4,680.37006,612.6809,0.74,1052.499384,54.201879407924565
drag1,18,391.6374,1173.6982,0.68,1713.906769,76.948050228252
drag1,2,378.6494,647.66266,0.71,2027.0806149999999,37.805022206337874
drag1,19,701.3506,1204.3727,0.85999995,2449.608692,57.596709736795
drag1,13,686.3645,204.89328,0.83,2140.384154,64.46805985450034
drag1,6,411.61887,467.75638,0.88,1785.5048459999998,67.16999825747953
drag1,12,399.62997,214.88808,1.18,1511.3928469999998,64.59466385986651
drag1,8,646.4015,454.82556,1.1,2289.17577,70.28449705066984
drag1,19,692.35895,1194.3779,0.68,1756.863154,56.49012722642519
drag1,22,380.64755,1474.232,0.87,1970.9109999999998,72.15933810018554
drag1,18,390.6383,1219.3649,0.84999996,1522.5929999999998,58.85683212542583
drag1,23,659.38947,1465.2368,0.7,1767.769077,65.13547612333235
drag1,14,397.63184,32.67589,0.82,2757.79023,56.77205378459609
drag1,11,633.4135,352.81622,1.12,2531.114231,66.11141916247513
drag1,10,407.62256,332.82663,0.84999996,1539.26323,70.00068955159651
drag1,15,673.3765,57.969807,0.89,1573.049,69.05436948701191
drag1,17,687.3635,1031.4628,1.09,2053.854,58.63060747663257
drag1,20,396.63275,1345.2993,0.93,1601.433693,67.27799410146581
drag1,21,627.41907,1365.2888,0.89,2360.872231,74.22743121422641
drag1,16,416.61426,1062.4467,0.9,1799.430077,72.41023267800176
drag1,24,273.74652,94.95055,0.96,1784.126,67.06827689064181
drag1,26,530.0093,324.8308,0.9,2309.118539,62.130031317233616
drag1,27,277.74283,351.81674,0.96999997,1479.213384,75.95936336332304
drag1,25,540.4995,80.95783,1.23,1889.8683079999998,66.33705231719408
drag1,66,812.2479,1484.2269,0.96999997,2544.0353849999997,67.5703236379977
drag1,41,546.494,1210.3696,0.81,1431.7069999999999,72.93771251297746
drag1,42,556.48474,1488.2249,0.78,1575.1525379999998,61.12993030225399
drag1,65,812.2479,1225.3618,0.82,1613.0544619999998,69.09633016925848
drag1,36,262.7567,775.59656,1.24,1948.3047689999999,64.90008441934093
drag1,38,504.03326,1055.4503,0.9,2326.8301539999998,63.65080394983492
drag1,39,280.7983,1056.4497,0.78999996,1601.513538,65.9679719327057
drag1,37,510.52728,792.5089,0.78999996,1839.438615,65.95044304813318
drag1,16,371.65588,1077.4388,0.87,2414.795,67.1205515009035
drag1,56,111.89639,1333.3055,0.77,2387.444077,67.28254776675789
drag1,20,377.65033,1320.3123,0.84999996,1981.6492309999999,66.9885743783631
drag1,53,112.89547,1073.4409,0.83,1539.341154,59.90835027854988
drag1,59,807.25256,212.88911,1.11,2196.42,73.58411686216608
drag1,30,548.4921,448.76627,1.06,1826.9344609999998,75.20746166249931
drag1,29,535.50415,245.87193,1.15,2073.496693,61.85517592121592
drag1,60,816.2442,469.7553,1.0799999,2252.3143849999997,60.7466511255278
drag1,33,559.48193,615.6793,0.76,1449.114231,67.0380347370602
drag1,62,828.2331,903.5294,0.78999996,1584.487615,53.15156894648839
drag1,61,792.2664,639.6668,0.91999996,1376.501847,65.83986520379283
drag1,34,564.86835,910.91693,0.77,2317.189923,66.72474676570901
drag1,6,407.62256,493.74283,1.06,1234.4626919999998,66.37136067592908
drag1,48,111.89639,202.89432,1.12,1623.227385,65.89698584597214
drag1,12,388.64014,205.89276,1.13,1704.901308,75.05384263243056
drag1,49,141.86864,454.76312,0.96,1576.404846,72.2431610231505
drag1,51,122.07108,884.17126,0.74,1348.9423849999998,61.78260769116366
drag1,2,366.6605,656.65796,1.02,1287.342539,67.86776992159423
drag1,5,393.63553,912.5247,0.83,1379.547615,63.31567634746434
drag1,50,64.93987,585.69495,0.96,1766.632462,74.8135489303172
drag1,37,477.7373,777.595,0.82,1767.5695389999998,59.11421826776437
drag1,64,805.2544,1072.4414,0.94,1645.793154,58.51709797056371
drag1,38,545.49493,1047.4545,0.78,1365.539077,71.18878634871417
drag1,63,831.23035,809.5783,0.96,1591.6256919999998,60.261065914604906
drag1,29,563.4783,202.89432,1.01,1764.692846,65.06862684977393
drag1,31,262.7567,494.7423,0.87,1927.3197699999998,74.62196531368015
drag1,28,224.79185,211.32245,0.77,1626.39077,78.43831419284723
drag1,30,509.52823,485.747,0.97999996,2498.754462,63.72432349166583
drag1,42,547.49304,1501.218,0.85999995,2186.453385,66.10537983951993
drag1,40,255.76318,1196.3768,0.90999997,1594.895924,70.82454971258554
drag1,41,505.53192,1252.3477,0.82,1848.933077,58.361519151898854
drag1,43,255.7714,1487.2172,0.78999996,1754.2074619999999,68.28152813020736
drag1,45,242.7752,1384.2789,0.77,1248.592923,64.96221565562345
drag1,82,553.4875,1626.153,0.62,2137.802615,55.14792865276625
drag1,80,276.74374,1652.1395,0.74,1442.0354619999998,71.18851301036833
drag1,44,552.48846,1364.2894,0.65999997,1380.899,61.906691703323034
drag1,57,858.2054,79.95835,0.9,2031.2163079999998,69.28729243873678
drag1,26,567.47455,371.80634,1.0799999,1656.6463079999999,73.47141093470306
drag1,58,859.20447,344.10907,0.88,2003.5062309999998,63.43403001347847
drag1,25,558.4829,62.9672,0.83,2178.4053839999997,63.03641789015757
drag1,64,821.2396,1079.4377,0.93,2880.551,62.753361590076075
drag1,44,543.89374,1394.2738,0.91999996,1820.364924,66.15503069711725
drag1,38,526.5125,1057.4492,0.81,971.477769,71.8200980494167
drag1,67,782.2757,1348.2977,0.98999995,2311.824846,60.351798492791204
drag1,9,405.62442,817.57416,0.91999996,2747.633769,70.9487930742321
drag1,53,101.90564,1073.4409,0.72999996,3062.856847,76.23249825132214
drag1,16,381.64664,1092.431,0.82,1810.277693,65.03824406071655
drag1,52,117.39131,796.0854,1.0799999,1632.712615,72.32154292320006
drag1,74,973.19666,785.5908,0.90999997,2261.445846,60.98564704710184
drag1,17,693.35803,1077.4388,0.94,1929.188308,62.87142673012001
drag1,75,976.0962,1076.4393,0.94,2263.7069229999997,66.3053035835843
drag1,7,704.34784,778.2966,1.0,1927.775077,65.19609316575034
drag1,70,979.09344,222.88391,1.01,2395.691077,71.68364618801074
drag1,8,676.3737,512.7329,0.95,2161.4646159999998,74.23709870635801
drag1,13,700.3515,213.8886,0.98999995,1745.1367699999998,74.84246562695074
drag1,71,986.087,476.75168,1.1999999,2630.196846,57.169733616786544
drag1,78,985.0879,1362.2904,0.97999996,2428.631231,53.75307327414056
drag1,83,698.3534,1643.1442,0.79999995,1856.874769,61.542207097970184
drag1,21,687.3635,1377.2826,0.77,1673.604461,64.09501887486097
drag1,85,1000.07404,1632.1499,0.91999996,2021.5334619999999,54.53652433148458
drag1,19,990.08325,1710.1093,0.65,69.284615,531.6812955145216
drag1,77,985.0879,1525.2056,0.7,1633.010769,64.01050785954195
drag1,76,972.0999,1248.9603,0.89,1266.1594619999998,70.20153818466615
drag1,23,695.35614,1496.2207,0.72999996,2078.2222309999997,67.36173386053278
drag1,15,704.34784,80.95783,0.81,2403.639462,56.36319389886945
drag1,69,994.0796,354.0112,1.05,1738.884539,58.432973822194455
drag1,11,691.35986,354.8152,0.91999996,1592.0376919999999,70.05842488645797
drag1,68,955.11566,87.954185,0.95,1484.328,82.08527179687782
drag1,21,708.3441,1326.3092,0.71999997,1991.495385,63.784813854040976
drag1,75,968.10364,1072.4414,1.0699999,1911.730769,73.88249926587908
drag1,17,679.371,1085.4347,0.79999995,1418.133077,67.07323241881845
drag1,78,939.13043,1358.2925,0.93,1787.2133079999999,61.23225559018452
drag1,54,116.89177,1212.3685,0.82,2377.504384,70.16020089351794
drag1,22,378.6494,1499.237,0.84999996,1675.28723,68.12064848990623
drag1,18,385.6429,1211.369,0.87,1502.7756929999998,58.85482023099988
drag1,55,107.90009,1508.2145,0.81,2349.262385,64.7041592349132
drag1,67,802.2572,1384.2789,0.88,2626.214462,65.87121204079887
drag1,82,546.494,1648.1416,0.71,1624.587616,58.238049577778916
drag1,84,801.2581,1649.141,0.97999996,1968.042,67.20578284652011
drag1,44,556.48474,1404.2686,0.9,2034.934385,71.55326600294431
drag1,38,549.4912,1097.4283,0.83,1182.3213839999999,75.24042866486711
drag1,45,240.90874,1358.2925,0.82,1980.459615,76.13177331532933
drag1,44,521.5171,1370.786,0.77,1879.854231,62.53271877038568
drag1,39,269.75024,1061.4471,0.62,1931.296846,71.41441382543528
drag1,56,253.76503,1156.3977,0.97999996,718.735539,330.54197917964973
drag1,81,392.63644,1603.165,0.75,2172.291077,63.36938075466016
drag1,20,390.6383,1332.306,0.64,1940.318693,65.09136987732764
drag1,79,123.88529,1611.1608,0.78,3015.241,69.35010332945711
drag1,33,132.87697,1564.1853,0.87,857.210385,973.8283947793551
drag1,35,268.75116,894.4738,0.84999996,2337.9357689999997,67.93462500648658
drag1,34,507.53006,950.50494,0.96999997,2051.343616,65.98952204816351
drag1,32,254.76411,665.65326,0.84999996,1520.862308,64.98849739098101
drag1,9,394.6346,767.6002,0.66999996,1227.179923,67.06535740113503
drag1,8,678.3719,527.72516,0.9,2436.441616,66.06558096817429
drag1,6,399.09476,519.7293,0.96,1744.8234619999998,76.07983589021792
drag1,7,668.3811,787.5898,0.94,1809.371308,68.8096822480116
drag1,14,430.6013,55.970848,0.94,2225.983615,61.156384819211844
drag1,47,125.88344,334.8256,0.90999997,1564.094384,71.11408052997969
drag1,46,126.882515,101.44716,0.98999995,1695.942846,73.4237618734478
drag1,10,374.6531,376.80374,1.18,2421.455692,60.49422371728553
drag1,4,669.3802,631.67096,0.96,1482.825077,55.52838333882926
drag1,73,958.11285,921.52,0.93,2665.581538,59.139535235798334
drag1,72,965.1064,662.59686,0.96,1611.566769,64.64814795858538
drag1,3,689.3617,920.52057,1.0,1943.661693,68.1175051396646
scale2,25,-7.008333,2026.058769
scale2,9,-11.492609,2062.673308
scale2,28,-13.484865,2095.817615
scale2,10,-26.4463,1603.2174619999998
scale2,29,-11.736574,1163.4150769999999
scale2,12,-5.5298767,3398.7429239999997
scale2,25,-8.271086,2460.1001539999997
scale2,9,40.813683,1163.884
scale2,28,-5.8090267,1876.8279229999998
scale2,10,3.5551186,1428.6604619999998
scale2,29,-12.454119,1482.561
scale2,12,6.1795692,1746.223385
scale2,30,-2.5072517,2471.541615
scale2,13,-6.203739,2063.834154
scale2,32,2.6165829,1674.924231
scale2,15,-7.206665,1633.529308
scale2,34,32.978725,1624.803307
scale2,17,9.29686,3188.782308
scale2,1,-16.031708,1499.8590769999998
scale2,20,-0.14848137,2269.2883079999997
scale2,3,-18.252697,3033.895385
scale2,24,-3.694788,2840.934154
scale2,16,2.1056156,2645.9758469999997
scale2,2,-10.755804,2163.874539
scale2,23,0.47276115,1480.822
scale2,7,-2.5140495,1542.3719999999998
scale2,11,19.180407,1143.179077
scale2,14,-8.401817,2326.797385
scale2,26,-1.16815,1430.468154
scale2,35,-6.9381523,2807.774846
scale2,21,24.695177,1134.155
scale2,22,-5.6920795,2398.422693
scale2,27,-7.033636,1420.2452309999999
scale2,36,-12.135189,2178.005231
scale2,31,-0.48144722,1511.524154
scale2,19,0.6016674,1490.403077
scale2,4,-11.684395,2696.652616
scale2,8,-15.612007,2094.570461
scale2,5,-457.74344,2063.890847
scale2,33,-457.74344,169.711539
scale2,18,10.361721,2041.647154
scale2,6,-2.5231133,2728.2010769999997
scale1,27,54.354034,1159.5872299999999
scale1,46,-2.95788,2256.622077
scale1,26,-10.879074,898.628923
scale1,4,-6.8329983,1520.129769
scale1,43,-2.251974,847.8460769999999
scale1,25,-6.067423,2133.7410769999997
scale1,42,-9.088079,713.251462
scale1,23,-0.67912674,886.418462
scale1,5,-4.5258865,1786.0806149999999
scale1,24,-4.1563168,1532.536384
scale1,19,-10.603369,1000.8176159999999
scale1,2,-7.973568,1949.24477
scale1,44,-0.88666534,1858.76623
scale1,65,5.662731,1306.9360769999998
scale1,45,-9.362909,1989.995385
scale1,28,-3.8755474,847.931923
scale1,13,-9.684826,1080.750308
scale1,56,-6.6399136,1121.682616
scale1,40,-8.009325,1540.331846
scale1,41,-0.7493706,1503.583154
scale1,6,3.669983,787.028
scale1,51,-11.528006,2235.650231
scale1,36,-7.409832,1603.5404609999998
scale1,21,26.620079,706.546077
scale1,8,-5.4811134,1663.127847
scale1,57,2.6773682,1431.840539
scale1,39,-10.546497,1550.421077
scale1,9,-10.735994,1144.4060769999999
scale1,58,-6.1588154,1111.0403079999999
scale1,47,-6.088108,2113.470154
scale1,1,17.6941,1109.801
scale1,35,-9.653463,2017.842308
scale1,3,46.67291,715.02123
scale1,17,-19.92659,1857.208154
scale1,53,-4.195404,1349.5874609999998
scale1,34,-9.356558,978.902384
scale1,18,-5.6683273,1662.709923
scale1,50,7.98967,682.7245389999999
scale1,62,-0.20295525,1857.6776929999999
scale1,66,2.919342,685.1309229999999
scale1,20,-3.869316,1336.588693
scale1,37,-6.699995,2695.519692
scale1,32,-0.2197609,1187.5041529999999
scale1,31,-20.255356,1520.078384
scale1,49,-12.918995,1940.9582309999998
scale1,7,-8.57464,1366.920693
scale1,15,-10.481472,1407.912846
scale1,10,-6.824175,875.992308
scale1,60,-2.1853867,1724.7945379999999
scale1,63,-4.354328,2351.894692
scale1,59,2.2812424,775.602846
scale1,55,-18.540184,1816.5504609999998
scale1,14,-146.77129,2114.692154
scale1,12,-22.32118,1092.6499999999999
scale1,54,-5.031721,890.5543849999999
scale1,52,1.458744,1571.2593849999998
scale1,48,-4.2761364,1593.699615
scale1,30,-5.2864323,1032.873846
scale1,16,-11.168409,1560.505308
scale1,11,-7.1677036,1441.210461
scale1,61,81.14444,679.605231
scale1,38,-0.5234299,1091.238538
scale1,29,-5.17638,1847.1655389999999
scale1,64,7.0480385,1085.068
scale1,22,-41.667793,815.0726149999999
scale1,33,-144.0,181.673385
rotate2,2,-2.0283813,3577.277615
rotate2,13,-1.0461121,4109.031846
rotate2,8,1.3461838,2114.377539
rotate2,3,2.1196136,2911.707923
rotate2,7,-0.9806442,3542.682231
rotate2,12,2.1093826,2492.158923
rotate2,1,2.1093826,42.904154
rotate2,11,-72.69457,531.406154
rotate2,6,5.115944,2195.791154
rotate2,2,1.877594,2862.277385
rotate2,13,-0.19010925,3064.799
rotate2,8,-2.3030777,2293.41377
rotate2,3,2.0279083,2421.2410769999997
rotate2,7,-1.018692,3118.4963079999998
rotate2,12,-0.82941437,2168.0353849999997
rotate2,1,0.24745178,2870.856461
rotate2,11,2.0272064,2513.373923
rotate2,6,0.29769135,2308.750847
rotate2,10,1.5992126,2135.549846
rotate2,5,-2.0543213,1787.348538
rotate2,15,-2.6308823,1841.443462
rotate2,9,1.3809128,2311.614769
rotate2,4,0.2552185,2492.983077
rotate2,14,0.5533829,1778.202308
rotate1,9,93.99406,3424.1587689999997
rotate1,9,0.0,410.127231
rotate1,9,-0.27076054,1571.4231539999998
rotate1,4,-4.333661,1810.7844619999998
rotate1,13,1.367506,1227.736846
rotate1,6,-0.9114437,1556.5015389999999
rotate1,15,4.4699135,1424.3714619999998
rotate1,2,0.27182484,1260.3809999999999
rotate1,10,-0.5618696,1268.226077
rotate1,5,1.7869873,1209.657769
rotate1,14,7.584654,1407.266615
rotate1,8,-0.25430965,1066.367154
rotate1,11,1.2009239,989.204616
rotate1,7,1.9254379,1898.623077
rotate1,1,-1.2322378,2101.898846
rotate1,12,3.4149036,1084.635692
rotate1,3,-1.3011999,1233.8686149999999
tap2,6,138,480,239.77798,506.73605,1.49,1567498152932
tap2,7,759,1101,801.2581,1137.4076,1.56,1567498153579
tap2,8,138,1101,192.82146,1116.4185,1.55,1567498154325
tap2,9,759,480,807.25256,520.72876,1.91,1567498154999
tap2,164,0,687,91.914894,745.61163,1.41,1567498155694
tap2,183,621,1308,673.3765,1404.2686,1.41,1567498156379
tap2,182,0,1308,73.93155,1351.2961,1.17,1567498157125
tap2,163,621,687,641.4061,764.60175,1.6899999,1567498157779
tap2,242,345,66,468.56613,136.92868,1.74,1567498158504
tap2,243,552,1032,585.4579,1047.4545,1.66,1567498159220
tap2,244,345,1032,400.62906,1058.4487,1.43,1567498159884
tap2,245,552,66,608.43665,144.92451,1.91,1567498160599
tap2,42,69,411,174.83812,411.78552,1.41,1567498161417
tap2,43,690,1032,733.321,1075.4398,1.64,1567498162019
tap2,45,690,411,737.3173,405.78864,1.74,1567498162674
tap2,44,69,1032,132.87697,1072.4414,1.38,1567498163399
tap2,322,345,756,383.64478,765.60126,1.74,1567498164053
tap2,321,483,1653,528.5106,1643.1442,1.5799999,1567498164748
tap2,316,345,1653,436.59573,1629.1515,1.5799999,1567498165443
tap2,323,483,756,552.48846,755.60645,1.4699999,1567498166107
tap2,2,138,549,182.83072,592.6913,1.53,1567498166792
tap2,3,759,1170,844.2183,1114.4196,1.5999999,1567498167466
tap2,4,138,1170,180.83257,1197.3763,1.4499999,1567498168172
tap2,5,759,549,830.23126,566.70483,1.77,1567498168867
tap2,11,759,1032,810.24976,1025.4658,1.41,1567498169480
tap2,10,138,411,199.81499,446.7673,1.49,1567498170256
tap2,12,138,1032,189.82423,1094.4299,1.3199999,1567498171002
tap2,13,759,411,789.2692,410.78604,1.5999999,1567498171687
tap2,15,759,963,805.2544,1007.4752,1.37,1567498172392
tap2,14,138,342,208.80666,346.81937,1.35,1567498173128
tap2,17,759,342,785.2729,374.80478,1.74,1567498173803
tap2,16,138,963,209.80574,976.4914,1.39,1567498174498
tap2,122,207,66,268.75116,92.951584,1.4699999,1567498175366
tap2,123,828,687,832.22943,707.6314,1.4599999,1567498176020
tap2,124,207,687,239.77798,717.6262,1.18,1567498176705
tap2,125,828,66,845.2174,120.93701,1.6899999,1567498177379
tap2,135,621,1170,701.3506,1172.3894,1.3299999,1567498178054
tap2,134,0,549,88.91767,630.6715,1.25,1567498178851
tap2,136,0,1170,130.87881,1121.4159,1.31,1567498179617
tap2,137,621,549,682.36816,585.69495,1.54,1567498180302
tap2,130,69,66,96.91027,79.95835,1.4599999,1567498181038
tap2,131,690,687,770.2868,737.6158,1.42,1567498181713
tap2,133,690,66,770.2868,88.95367,1.75,1567498182397
tap2,132,69,687,116.89177,701.6345,1.3299999,1567498183092
tap2,127,759,687,844.2183,748.6101,1.38,1567498183706
tap2,126,138,66,207.80759,101.9469,1.4399999,1567498185157
tap2,128,138,687,189.82423,718.6257,1.41,1567498185892
tap2,129,759,66,766.29047,116.939095,1.6999999,1567498186639
tap2,18,138,273,166.84552,260.86414,1.4399999,1567498187446
tap2,19,759,894,805.2544,935.51276,1.4599999,1567498188172
tap2,20,138,894,174.83812,883.5398,1.35,1567498188907
tap2,21,759,273,810.24976,341.82196,1.53,1567498189582
tap2,35,828,1170,897.1693,1152.3998,1.3399999,1567498190287
tap2,34,207,549,332.69196,582.6965,1.4699999,1567498191043
tap2,36,207,1170,274.7456,1162.3945,1.35,1567498191749
tap2,37,828,549,909.1582,558.709,1.52,1567498192393
tap2,26,138,135,234.78261,160.91618,1.6899999,1567498193261
tap2,27,759,756,834.2276,833.56586,1.38,1567498193884
tap2,28,138,756,156.85477,808.57886,1.37,1567498194600
tap2,29,759,135,864.1998,144.92451,1.63,1567498195244
tap2,43,690,1032,799.25995,1044.4559,1.17,1567498195857
tap2,42,69,411,82.92322,464.75793,1.1999999,1567498196603
tap2,45,690,411,776.28125,399.79178,1.4599999,1567498197206
tap2,44,69,1032,95.911194,1049.4534,1.23,1567498197921
tap2,24,138,825,201.81314,850.557,1.27,1567498198667
tap2,25,759,204,820.24054,247.8709,1.55,1567498199363
tap2,22,138,204,246.77151,243.87297,1.4399999,1567498200180
tap2,23,759,825,830.23126,845.5596,1.24,1567498200814
tap2,38,69,480,141.86864,485.747,1.3199999,1567498201539
tap2,39,690,1101,758.29785,1085.4347,1.29,1567498202183
tap2,40,69,1101,93.91304,1134.4092,1.26,1567498202806
tap2,41,690,480,756.29974,497.74075,1.42,1567498203420
tap2,33,690,549,713.3395,617.6783,1.3299999,1567498204094
tap2,32,69,1170,123.88529,1179.3857,1.27,1567498204820
tap2,30,69,549,112.89547,589.6929,1.26,1567498205525
tap2,31,690,1170,726.32745,1241.3534,1.1999999,1567498206199
tap2,46,69,342,162.84921,332.82663,1.36,1567498206853
tap2,47,690,963,766.29047,993.48254,1.27,1567498207477
tap2,48,69,963,136.87326,1007.4752,1.2099999,1567498208110
tap2,49,690,342,768.28864,347.81885,1.5,1567498208734
tap2,108,276,963,317.70584,969.49506,1.1899999,1567498209408
tap2,231,897,1584,902.1647,1600.1665,1.26,1567498210124
tap2,230,276,1584,294.7271,1635.1483,1.26,1567498210829
tap2,107,897,963,921.1471,1037.4596,1.28,1567498211493
tap2,143,621,1032,695.35614,1040.4581,1.22,1567498212229
tap2,232,0,1653,77.92784,1708.1104,1.12,1567498212995
tap2,233,621,1653,640.40704,1674.128,1.38,1567498213680
tap2,144,0,1032,114.893616,1090.432,1.3,1567498214396
tap2,44,69,1032,114.893616,1096.429,1.24,1567498215090
tap2,235,690,1653,726.32745,1681.1244,1.4,1567498215796
tap2,43,690,1032,806.2535,1084.4352,1.1899999,1567498216491
tap2,234,69,1653,165.84644,1673.1285,1.36,1567498217288
tap2,12,138,1032,176.83626,1106.4237,1.26,1567498218034
tap2,237,759,1653,805.2544,1691.1191,1.3,1567498218739
tap2,11,759,1032,843.21924,1048.4539,1.27,1567498219434
tap2,236,138,1653,158.85292,1724.1019,1.16,1567498220169
tap2,238,207,1653,249.76874,1743.092,1.1999999,1567498220854
tap2,67,828,1032,897.1693,1084.4352,1.25,1567498221549
tap2,68,207,1032,262.7567,1067.444,1.22,1567498222285
tap2,239,828,1653,857.2063,1651.14,1.13,1567498222929
tap2,104,276,1032,327.6966,1066.4446,1.24,1567498223654
tap2,241,897,1653,959.11194,1660.1353,1.27,1567498224380
tap2,240,276,1653,320.70306,1698.1155,1.17,1567498225085
tap2,103,897,1032,934.1351,1055.4503,1.3399999,1567498225739
tap2,50,69,273,176.83626,272.85788,1.4599999,1567498226587
tap2,51,690,894,734.32007,931.51483,1.27,1567498227292
tap2,52,69,894,160.85106,952.5039,1.1,1567498228007
tap2,53,690,273,709.3432,271.8584,1.4699999,1567498228794
tap2,55,690,825,725.3284,848.55804,1.17,1567498229489
tap2,54,69,204,168.84366,217.8865,1.63,1567498230276
tap2,56,69,825,187.82608,832.56635,1.3399999,1567498231042
tap2,57,690,204,717.3358,252.86829,1.56,1567498231758
tap2,59,690,756,759.29694,811.5773,1.23,1567498232412
tap2,58,69,135,136.87326,138.92764,1.66,1567498233147
tap2,61,690,135,726.32745,104.945335,1.5999999,1567498233822
tap2,60,69,756,133.87604,781.5929,1.3299999,1567498234568
tap2,62,207,480,232.78445,494.7423,1.42,1567498235263
tap2,63,828,1101,877.1878,1183.3837,1.1899999,1567498235948
tap2,64,207,1101,248.76965,1188.381,1.15,1567498236612
tap2,65,828,480,859.20447,533.722,1.3299999,1567498237246
tap2,290,345,480,395.63367,476.75168,1.37,1567498237940
tap2,291,552,1446,636.4107,1483.2274,1.3,1567498238615
tap2,293,552,480,610.4348,472.75375,1.39,1567498239248
tap2,292,345,1446,392.63644,1508.2145,1.22,1567498239933
tap2,141,621,480,729.3247,454.76312,1.38,1567498240577
tap2,295,414,1446,499.53748,1427.2566,1.2099999,1567498241220
tap2,294,414,480,483.55228,474.75272,1.42,1567498241885
tap2,203,621,1446,654.3941,1520.2081,1.23,1567498242610
tap2,297,483,1446,505.53192,1508.2145,1.29,1567498243275
tap2,41,690,480,771.2858,504.7371,1.39,1567498243929
tap2,296,483,480,529.5097,480.7496,1.36,1567498244552
tap2,205,690,1446,743.31177,1540.1978,1.2099999,1567498245278
tap2,319,414,1653,498.5384,1632.1499,1.3399999,1567498245952
tap2,325,552,756,617.4283,798.58405,1.29,1567498246627
tap2,324,414,756,496.54025,738.6153,1.26,1567498247240
tap2,315,552,1653,605.4394,1682.1239,1.3199999,1567498247986
tap2,298,345,549,395.63367,554.71106,1.49,1567498248711
tap2,299,552,1515,620.42554,1514.2113,1.27,1567498249385
tap2,301,552,549,625.4209,556.71,1.4,1567498250039
tap2,300,345,1515,431.60037,1543.1962,1.37,1567498250704
tap2,326,345,825,455.5782,846.5591,1.3399999,1567498251358
tap2,256,483,135,541.4986,197.89693,1.62,1567498252063
tap2,250,345,135,414.6161,150.92139,1.62,1567498252819
tap2,327,483,825,521.5171,802.582,1.37,1567498253493
tap2,67,828,1032,882.18317,1083.4357,1.29,1567498254259
tap2,66,207,411,278.7419,404.78915,1.52,1567498254954
tap2,68,207,1032,298.72342,1023.4669,1.39,1567498255629
tap2,69,828,411,875.18964,473.75323,1.63,1567498256314
tap2,72,207,963,256.76227,991.4836,1.37,1567498257041
tap2,73,828,342,891.17487,390.79645,1.8,1567498257734
tap2,70,207,342,272.74747,346.81937,1.55,1567498258459
tap2,71,828,963,930.1388,948.506,1.5,1567498259205
tap2,76,207,894,265.75394,942.5091,1.3399999,1567498259839
tap2,77,828,273,909.1582,259.86465,1.66,1567498260473
tap2,74,207,273,241.77614,314.83603,1.55,1567498261158
tap2,75,828,894,928.1406,906.52783,1.35,1567498261791
tap2,80,207,825,269.75024,846.5591,1.38,1567498262455
tap2,81,828,204,896.1702,229.88026,1.62,1567498263078
tap2,78,207,204,278.7419,231.87923,1.56,1567498263784
tap2,79,828,825,942.1277,805.5804,1.3,1567498264448
tap2,84,207,756,247.77058,785.5908,1.25,1567498265061
tap2,85,828,135,881.1841,134.92972,1.65,1567498265664
tap2,82,207,135,266.75302,155.9188,1.55,1567498266379
tap2,83,828,756,935.13416,734.6174,1.3299999,1567498267003
tap2,89,621,618,727.32654,597.68866,1.25,1567498267636
tap2,88,0,1239,118.889915,1199.3752,1.39,1567498268331
tap2,87,621,1239,652.39594,1255.3462,1.22,1567498269006
tap2,86,0,618,69.93524,697.63666,1.1999999,1567498269731
tap2,305,483,1515,543.49677,1570.1821,1.3199999,1567498270447
tap2,33,690,549,858.2054,509.7345,1.36,1567498271182
tap2,304,483,549,494.54208,559.7085,1.41,1567498271826
tap2,215,690,1515,769.2877,1529.2035,1.24,1567498272511
tap2,309,552,618,605.4394,686.64233,1.3399999,1567498273226
tap2,308,345,1584,374.6531,1683.1233,1.28,1567498273952
tap2,307,552,1584,635.4117,1603.165,1.29,1567498274616
tap2,306,345,618,425.60593,662.65485,1.41,1567498275372
tap2,258,345,204,400.62906,198.89641,1.4599999,1567498276088
tap2,331,483,894,534.50507,899.5315,1.3399999,1567498276721
tap2,330,345,894,393.63553,923.519,1.38,1567498277406
tap2,264,483,204,556.48474,248.87038,1.4699999,1567498278162
tap2,223,621,1584,673.3765,1648.1416,1.28,1567498279031
tap2,310,414,618,506.531,665.65326,1.38,1567498279674
tap2,89,621,618,712.34045,617.6783,1.38,1567498280277
tap2,311,414,1584,439.59296,1609.1619,1.3399999,1567498281064
tap2,261,552,204,602.4422,255.86673,1.65,1567498281882
tap2,322,345,756,423.6078,802.582,1.42,1567498282535
tap2,262,414,204,502.5347,219.88547,1.56,1567498283210
tap2,333,552,894,649.3987,945.5075,1.38,1567498283792
tap2,312,483,618,587.45605,640.6663,1.41,1567498284426
tap2,225,690,1584,744.31085,1575.1796,1.38,1567498285162
tap2,93,690,618,774.2831,648.6621,1.39,1567498285826
tap2,313,483,1584,504.53284,1596.1686,1.2099999,1567498286521
tap2,91,690,1239,704.34784,1245.3513,1.22,1567498287134
tap2,90,69,618,138.87141,641.6658,1.26,1567498287900
tap2,93,690,618,758.29785,602.6861,1.42,1567498288493
tap2,92,69,1239,155.85568,1255.3462,1.38,1567498289208
tap2,108,276,963,341.68362,1007.4752,1.29,1567498289872
tap2,109,897,342,968.10364,392.7954,1.39,1567498290567
tap2,106,276,342,352.67346,365.80948,1.25,1567498291303
tap2,107,897,963,949.1212,907.5273,1.29,1567498291916
tap2,100,276,1101,357.66882,1109.4221,1.0799999,1567498292580
tap2,101,897,480,987.08606,477.75116,1.36,1567498293204
tap2,99,897,1101,917.1508,1188.381,1.05,1567498293909
tap2,98,276,480,349.67624,489.7449,1.25,1567498294573
tap2,105,897,411,965.1064,426.7777,1.3299999,1567498295258
tap2,104,276,1032,290.7308,1111.4211,1.22,1567498295963
tap2,102,276,411,337.68732,415.78345,1.39,1567498296647
tap2,103,897,1032,955.11566,1050.4529,1.27,1567498297271
tap2,97,897,549,949.1212,606.684,1.23,1567498297914
tap2,96,276,1170,342.6827,1188.381,1.22,1567498298579
tap2,94,276,549,326.6975,553.7116,1.38,1567498299263
tap2,95,897,1170,980.0925,1190.38,1.26,1567498299968
tap2,111,897,894,948.12213,954.50287,1.27,1567498300633
tap2,110,276,273,337.68732,239.87506,1.4699999,1567498301358
tap2,112,276,894,369.6577,864.5497,1.43,1567498302043
tap2,113,897,273,965.1064,287.85007,1.5699999,1567498302656
tap2,116,276,825,305.71692,913.5242,1.29,1567498303320
tap2,117,897,204,939.13043,231.87923,1.6999999,1567498303944
tap2,114,276,204,338.6864,280.85373,1.48,1567498304782
tap2,115,897,825,974.0981,864.5497,1.24,1567498305456
tap2,119,897,756,967.10455,815.5752,1.1899999,1567498306171
tap2,118,276,135,346.67902,159.9167,1.64,1567498306897
tap2,121,897,135,889.1767,141.92607,1.55,1567498307571
tap2,120,276,756,317.70584,780.59344,1.38,1567498308256
tap2,152,0,894,81.92415,915.52313,1.28,1567498309022
tap2,213,621,1515,681.3691,1568.1832,1.28,1567498309840
tap2,212,0,1515,100.90657,1498.2196,1.27,1567498310534
tap2,151,621,894,697.3543,908.5268,1.28,1567498311148
tap2,56,69,825,154.85661,880.5414,1.3399999,1567498311842
tap2,205,690,1446,746.30896,1472.2332,1.23,1567498312548
tap2,204,69,1446,124.88437,1430.255,1.27,1567498313191
tap2,55,690,825,791.26733,794.5861,1.36,1567498313784
tap2,24,138,825,227.7891,853.5554,1.4399999,1567498314479
tap2,207,759,1446,829.2322,1442.2488,1.24,1567498315194
tap2,206,138,1446,189.82423,1522.2072,1.1999999,1567498315838
tap2,23,759,825,821.2396,904.5289,1.25,1567498316441
tap2,80,207,825,224.79185,857.55334,1.36,1567498317136
tap2,209,828,1446,862.20166,1435.2524,1.15,1567498317820
tap2,208,207,1446,251.76688,1487.2253,1.14,1567498318423
tap2,79,828,825,874.19055,848.55804,1.3399999,1567498319047
tap2,115,897,825,940.1295,813.57623,1.3,1567498319772
tap2,210,276,1446,362.6642,1493.2223,1.31,1567498320437
tap2,116,276,825,387.64108,894.53406,1.36,1567498321131
tap2,211,897,1446,953.1175,1443.2483,1.29,1567498321806
tap2,203,621,1446,646.4015,1478.2301,1.06,1567498322419
tap2,156,0,825,119.88899,859.5523,1.29,1567498323195
tap2,202,0,1446,169.84274,1401.2701,1.16,1567498323911
tap2,155,621,825,691.35986,913.5242,1.3199999,1567498324575
tap2,52,69,894,133.87604,929.51587,1.36,1567498325280
tap2,215,690,1515,777.2803,1492.2228,1.1999999,1567498325924
tap2,51,690,894,740.3145,928.51636,1.3,1567498326547
tap2,214,69,1515,117.89084,1582.1759,1.2099999,1567498327232
tap2,216,138,1515,206.80852,1556.1895,1.26,1567498327906
tap2,19,759,894,834.2276,952.5039,1.15,1567498328581
tap2,217,759,1515,793.2655,1499.2191,0.96,1567498329286
tap2,20,138,894,202.81221,939.5106,1.23,1567498329960
tap2,141,621,480,671.37836,486.74646,1.43,1567498330645
tap2,140,0,1101,84.92137,1141.4055,1.1899999,1567498331380
tap2,138,0,480,98.90842,550.71313,1.4399999,1567498332147
tap2,139,621,1101,740.3145,1155.3982,1.18,1567498332780
tap2,142,0,411,96.91027,494.7423,1.3299999,1567498333495
tap2,143,621,1032,719.334,1038.4591,1.17,1567498334180
tap2,144,0,1032,113.89455,1084.4352,1.26,1567498334834
tap2,145,621,411,705.3469,487.74594,1.36,1567498335611
tap2,148,0,963,91.914894,984.48724,1.29,1567498336326
tap2,149,621,342,675.37463,366.80893,1.49,1567498336970
tap2,147,621,963,680.37006,1044.4559,1.0699999,1567498337706
tap2,146,0,342,93.91304,401.7907,1.42,1567498338441
tap2,153,621,273,709.3432,242.8735,1.4399999,1567498339095
tap2,152,0,894,42.96022,943.50854,0.84,1567498339810
tap2,150,0,273,102.90472,306.84018,1.53,1567498340536
tap2,151,621,894,681.3691,956.5018,1.0699999,1567498341200
tap2,266,345,273,380.64755,307.83966,1.42,1567498341875
tap2,267,552,1239,649.3987,1244.3519,1.14,1567498342498
tap2,269,552,273,633.4135,283.85214,1.41,1567498343183
tap2,268,345,1239,383.64478,1296.3248,1.25,1567498343888
tap2,271,414,1239,477.55783,1248.3497,1.29,1567498344511
tap2,153,621,273,727.32654,329.82822,1.5,1567498345216
tap2,270,414,273,474.5606,332.82663,1.42,1567498345860
tap2,87,621,1239,726.32745,1262.3425,1.25,1567498346555
tap2,91,690,1239,761.2951,1264.3414,1.28,1567498347229
tap2,272,483,273,555.48566,249.86986,1.53,1567498347985
tap2,273,483,1239,588.45514,1241.3534,1.14,1567498348639
tap2,53,690,273,751.3043,331.82718,1.4699999,1567498349293
tap2,277,552,342,642.4052,385.79904,1.4399999,1567498350029
tap2,276,345,1308,433.5985,1329.3076,1.37,1567498350693
tap2,274,345,342,436.59573,348.81833,1.49,1567498351418
tap2,275,552,1308,624.4218,1369.2867,1.3199999,1567498352052
tap2,183,621,1308,673.3765,1359.292,1.27,1567498352706
tap2,278,414,342,484.55133,355.81467,1.43,1567498353411
tap2,149,621,342,684.36633,381.80115,1.49,1567498354095
tap2,279,414,1308,505.53192,1337.3035,1.31,1567498354760
tap2,281,483,1308,529.5097,1317.3138,1.3,1567498355403
tap2,49,690,342,768.28864,351.81674,1.5699999,1567498356119
tap2,280,483,342,554.4866,302.84225,1.56,1567498356793
tap2,185,690,1308,736.31824,1376.2832,1.1999999,1567498357488
tap2,156,0,825,119.88899,795.58563,1.43,1567498358224
tap2,157,621,204,708.3441,233.87819,1.61,1567498358939
tap2,155,621,825,691.35986,707.6314,1.36,1567498359583
tap2,154,0,204,74.93062,280.85373,1.35,1567498360349
tap2,158,0,135,101.90564,155.9188,1.5899999,1567498361106
tap2,159,621,756,710.3423,802.582,1.3199999,1567498361719
tap2,160,0,756,69.93524,825.57,1.12,1567498362414
tap2,161,621,135,677.3728,139.92712,1.5699999,1567498363211
tap2,162,0,66,76.92877,128.93285,1.42,1567498364018
tap2,163,621,687,685.3654,705.63245,1.25,1567498364662
tap2,164,0,687,111.89639,700.6351,1.3399999,1567498365398
tap2,165,621,66,694.35706,81.95731,1.49,1567498366154
tap2,169,897,66,949.1212,119.93753,1.5799999,1567498366910
tap2,168,276,687,297.72433,731.61896,1.27,1567498367626
tap2,166,276,66,358.6679,89.95315,1.51,1567498368331
tap2,167,897,687,950.12024,683.6439,1.14,1567498368964
tap2,170,138,618,205.80943,640.6663,1.3199999,1567498369649
tap2,171,759,1239,860.2035,1219.3649,1.15,1567498370385
tap2,173,759,618,820.24054,675.6481,1.22,1567498371049
tap2,172,138,1239,217.79834,1272.3373,1.3,1567498371775
tap2,177,828,618,899.1674,655.6585,1.15,1567498372419
tap2,176,207,1239,256.76227,1251.3483,1.23,1567498373083
tap2,174,207,618,263.7558,675.6481,1.3,1567498373808
tap2,175,828,1239,869.1952,1309.318,1.31,1567498374565
tap2,133,690,66,761.2951,109.94273,1.5999999,1567498375484
tap2,249,483,1032,541.4986,1075.4398,1.17,1567498376138
tap2,43,690,1032,731.3229,1050.4529,1.24,1567498376762
tap2,248,483,66,568.47363,80.95783,1.48,1567498377497
tap2,251,552,1101,616.42926,1136.4081,1.22,1567498378121
tap2,250,345,135,424.60684,137.92816,1.4399999,1567498378856
tap2,252,345,1101,413.61703,1110.4216,1.27,1567498379500
tap2,253,552,135,671.37836,131.93129,1.48,1567498380113
tap2,254,414,135,426.605,226.88182,1.43,1567498380828
tap2,139,621,1101,652.39594,1145.4034,1.1899999,1567498381503
tap2,161,621,135,689.3617,139.92712,1.4699999,1567498382167
tap2,255,414,1101,456.57724,1127.4127,1.22,1567498382831
tap2,178,276,618,358.6679,611.6814,1.38,1567498383455
tap2,179,897,1239,916.15173,1246.3508,1.39,1567498384190
tap2,181,897,618,992.0814,716.6267,1.03,1567498384895
tap2,180,276,1239,316.70676,1310.3175,1.26,1567498385580
tap2,132,69,687,176.83626,705.63245,1.35,1567498386275
tap2,185,690,1308,771.2858,1353.2952,1.22,1567498386969
tap2,184,69,1308,143.86679,1311.317,1.27,1567498387706
tap2,131,690,687,749.3062,734.6174,1.14,1567498388308
tap2,127,759,687,832.22943,721.62415,1.26,1567498388901
tap2,187,759,1308,797.2618,1307.3191,1.1899999,1567498389586
tap2,186,138,1308,180.83257,1347.2982,1.25,1567498390270
tap2,126,138,66,235.78168,150.92139,1.4699999,1567498391190
tap2,123,828,687,892.1739,697.63666,1.31,1567498391834
tap2,188,207,1308,285.73544,1335.3044,1.29,1567498392528
tap2,124,207,687,224.79185,708.6309,1.25,1567498393182
tap2,189,828,1308,909.1582,1283.3315,1.2099999,1567498393949
tap2,317,552,687,670.3793,654.659,1.3299999,1567498394592
tap2,316,345,1653,423.6078,1651.14,1.24,1567498395216
tap2,314,345,687,430.6013,690.64026,1.3199999,1567498395911
tap2,315,552,1653,664.3848,1729.0994,1.2099999,1567498396585
tap2,266,345,273,429.60223,247.8709,1.39,1567498397311
tap2,335,483,963,528.5106,1017.47003,1.22,1567498397985
tap2,272,483,273,596.44775,294.84644,1.3299999,1567498398660
tap2,334,345,963,417.6133,982.4883,1.23,1567498399365
tap2,318,414,687,492.54395,721.62415,1.35,1567498399999
tap2,233,621,1653,722.3312,1733.0973,1.26,1567498400775
tap2,163,621,687,710.3423,631.67096,1.26,1567498401378
tap2,319,414,1653,458.5754,1692.1187,1.1899999,1567498402053
tap2,269,552,273,623.4227,256.8662,1.5999999,1567498402696
tap2,336,414,963,483.55228,949.50543,1.3299999,1567498403371
tap2,337,552,963,631.41534,994.482,1.36,1567498403963
tap2,270,414,273,466.568,310.8381,1.64,1567498404710
tap2,168,276,687,333.69104,710.6299,1.39,1567498405384
tap2,191,897,1308,930.1388,1349.2972,1.31,1567498406089
tap2,167,897,687,950.12024,701.6345,1.39,1567498406773
tap2,190,276,1308,338.6864,1322.3113,1.27,1567498407458
tap2,192,0,1377,74.93062,1339.3024,1.13,1567498408163
tap2,160,0,756,102.90472,826.56946,1.31,1567498408868
tap2,193,621,1377,713.3395,1458.2405,1.15,1567498409512
tap2,159,621,756,745.3099,708.6309,1.26,1567498410115
tap2,194,69,1377,166.84552,1364.2894,1.31,1567498410759
tap2,59,690,756,755.30066,795.58563,1.3299999,1567498411392
tap2,60,69,756,140.86957,779.59393,1.4,1567498412138
tap2,195,690,1377,780.2775,1398.2717,1.29,1567498412854
tap2,28,138,756,213.80203,768.5997,1.37,1567498413467
tap2,197,759,1377,813.247,1413.2639,1.2099999,1567498414080
tap2,27,759,756,804.2553,815.5752,1.2099999,1567498414755
tap2,196,138,1377,200.81406,1360.2915,1.3399999,1567498415429
tap2,84,207,756,229.78723,764.60175,1.4699999,1567498416083
tap2,199,828,1377,905.16187,1407.267,1.3,1567498416706
tap2,83,828,756,887.1785,807.57935,1.36,1567498417646
tap2,198,207,1377,242.7752,1376.2832,1.4,1567498418321
tap2,200,276,1377,288.73267,1399.2711,1.35,1567498418965
tap2,119,897,756,955.11566,777.595,1.35,1567498419619
tap2,120,276,756,317.70584,760.6038,1.41,1567498420314
tap2,201,897,1377,922.1462,1345.2993,1.3399999,1567498420957
tap2,242,345,66,435.59668,135.9292,1.64,1567498421816
tap2,347,966,687,1029.0472,709.6304,0.88,1567498422592
tap2,338,966,66,1004.0703,98.94846,1.39,1567498423297
tap2,314,345,687,430.6013,692.6392,1.4,1567498424013
tap2,322,345,756,348.67715,740.61426,1.4,1567498435918
tap2,339,966,135,995.0786,176.90785,1.41,1567498436725
tap2,348,966,756,993.0805,716.6267,1.1999999,1567498437399
tap2,250,345,135,410.6198,117.93857,1.54,1567498438135
tap2,258,345,204,407.62256,226.88182,1.48,1567498438861
tap2,349,966,825,979.09344,795.58563,1.26,1567498439515
tap2,340,966,204,1006.0685,208.8912,1.22,1567498440311
tap2,326,345,825,408.62164,842.56116,1.31,1567498440986
tap2,330,345,894,367.65958,945.5075,1.35,1567498441620
tap2,341,966,273,974.0981,331.82718,1.3399999,1567498442294
tap2,266,345,273,443.58926,251.8688,1.4699999,1567498442999
tap2,350,966,894,967.10455,874.5445,1.26,1567498443581
tap2,76,207,894,245.77243,934.51324,1.39,1567498444287
tap2,219,828,1515,933.136,1503.217,1.23,1567498444971
tap2,218,207,1515,285.73544,1584.1749,1.29,1567498445666
tap2,75,828,894,842.22015,981.4888,1.31,1567498446310
tap2,220,276,1515,277.74283,1547.1941,1.3299999,1567498446954
tap2,111,897,894,938.13135,939.5106,1.24,1567498447536
tap2,112,276,894,277.74283,997.48047,1.28,1567498448180
tap2,221,897,1515,898.1684,1549.1931,1.28,1567498448844
tap2,225,690,1584,775.28217,1637.1473,1.3199999,1567498449652
tap2,48,69,963,125.88344,1006.47577,1.3399999,1567498450397
tap2,47,690,963,739.3154,1007.4752,1.24,1567498451000
tap2,224,69,1584,148.86217,1591.1713,1.29,1567498451685
tap2,165,621,66,629.41724,144.92451,1.78,1567498452564
tap2,247,414,1032,493.54303,1071.4419,1.31,1567498453208
tap2,143,621,1032,735.31915,995.4815,1.4399999,1567498453811
tap2,246,414,66,453.58002,77.9594,1.62,1567498455262
tap2,15,759,963,828.2331,981.4888,1.29,1567498455916
tap2,226,138,1584,204.81036,1617.1577,1.3299999,1567498456713
tap2,227,759,1584,837.2248,1646.1426,1.35,1567498457612
tap2,16,138,963,139.87048,980.4893,1.5,1567498458348
tap2,72,207,963,274.7456,972.49347,1.4499999,1567498459033
tap2,229,828,1584,853.21,1662.1343,1.4399999,1567498459850
tap2,71,828,963,868.1961,1010.4737,1.35,1567498460596
tap2,228,207,1584,283.73727,1599.1671,1.36,1567498461291
tap2,242,345,66,391.6374,75.960434,1.54,1567498462916
tap2,243,552,1032,577.46533,1076.4393,1.28,1567498463631
tap2,244,345,1032,398.6309,1080.4373,1.4,1567498464316
tap2,245,552,66,621.4246,85.95523,1.6999999,1567498465215
tap2,148,0,963,69.93524,958.50073,1.15,1567498466022
tap2,223,621,1584,652.39594,1650.1405,1.41,1567498466758
tap2,147,621,963,679.371,994.482,1.86,1567498467474
tap2,222,0,1584,83.922295,1592.1707,1.29,1567498468363
tap2,252,345,1101,415.61517,1142.405,1.56,1567498469027
tap2,344,966,480,1005.0694,528.7246,1.3399999,1567498469865
tap2,290,345,480,385.6429,496.74127,1.6999999,1567498470549
tap2,353,966,1101,943.1267,1052.4518,1.63,1567498471234
tap2,345,966,549,1011.06384,559.7085,1.16,1567498471919
tap2,260,345,1170,381.64664,1173.3888,1.4699999,1567498472583
tap2,354,966,1170,985.0879,1182.3842,1.35,1567498473206
tap2,298,345,549,364.66235,548.7142,1.43,1567498473993
tap2,346,966,618,994.0796,655.6585,1.26,1567498474841
tap2,268,345,1239,336.68826,1279.3336,1.4,1567498475536
tap2,355,966,1239,959.11194,1153.3993,1.3199999,1567498476221
tap2,306,345,618,409.62073,649.6616,1.35,1567498476895
tap2,314,345,687,438.5939,716.6267,1.52,1567498477601
tap2,356,966,1308,961.1101,1290.3279,1.42,1567498478234
tap2,347,966,687,1036.0406,750.609,0.84,1567498478959
tap2,276,345,1308,471.56335,1341.3014,1.4499999,1567498479767
tap2,257,483,1101,541.4986,1157.3972,1.4,1567498480411
tap2,61,690,135,740.3145,168.91202,1.74,1567498481228
tap2,39,690,1101,743.31177,1078.4382,1.27,1567498481862
tap2,256,483,135,545.49493,153.91983,1.42,1567498482597
tap2,258,345,204,403.62628,215.88756,1.5999999,1567498483395
tap2,259,552,1170,633.4135,1199.3752,1.36,1567498484069
tap2,260,345,1170,409.62073,1207.3711,1.43,1567498484733
tap2,261,552,204,642.4052,167.91254,1.6999999,1567498485449
tap2,157,621,204,718.3349,230.87975,1.6899999,1567498486123
tap2,263,414,1170,465.5689,1247.3503,1.54,1567498486818
tap2,262,414,204,472.56244,188.90161,1.7199999,1567498487564
tap2,135,621,1170,704.34784,1109.4221,1.36,1567498488198
tap2,244,345,1032,385.6429,1033.4617,1.39,1567498488913
tap2,361,966,1653,984.0888,1677.1265,1.3399999,1567498489812
tap2,352,966,1032,1001.07306,1088.4331,1.29,1567498490629
tap2,316,345,1653,397.63184,1689.1202,1.26,1567498491365
tap2,282,345,411,414.6161,476.75168,1.52,1567498492224
tap2,283,552,1377,595.44867,1447.2462,1.38,1567498492919
tap2,284,345,1377,409.62073,1453.243,1.4499999,1567498493573
tap2,285,552,411,585.4579,478.75064,1.51,1567498494472
tap2,145,621,411,716.33673,424.77875,1.5999999,1567498495105
tap2,287,414,1377,444.58835,1409.266,1.42,1567498495790
tap2,193,621,1377,652.39594,1375.2837,1.38,1567498496434
tap2,286,414,411,471.56335,488.74542,1.4599999,1567498497201
tap2,288,483,411,577.46533,415.78345,1.4599999,1567498497875
tap2,195,690,1377,742.3127,1400.2706,1.3,1567498498559
tap2,289,483,1377,565.47644,1364.2894,1.4499999,1567498499183
tap2,45,690,411,742.3127,455.7626,1.48,1567498499878
tap2,31,690,1170,768.28864,1203.3732,1.3399999,1567498500511
tap2,264,483,204,533.50604,185.90317,1.5999999,1567498501247
tap2,57,690,204,714.33856,231.87923,1.61,1567498501983
tap2,265,483,1170,588.45514,1166.3925,1.3299999,1567498502647
tap2,300,345,1515,392.63644,1581.1764,1.38,1567498503464
tap2,350,966,894,1004.0703,948.506,1.1899999,1567498504271
tap2,330,345,894,353.67252,934.51324,1.4499999,1567498504956
tap2,359,966,1515,988.0851,1524.206,1.22,1567498505661
tap2,351,966,963,1014.06104,1020.4685,1.09,1567498506325
tap2,308,345,1584,427.60406,1624.154,1.3399999,1567498507040
tap2,360,966,1584,995.0786,1577.1785,1.2099999,1567498507786
tap2,334,345,963,417.6133,981.4888,1.28,1567498508471
tap2,137,621,549,698.3534,528.7246,1.64,1567498509156
tap2,303,414,1515,473.56152,1516.2103,1.37,1567498509810
tap2,213,621,1515,691.35986,1507.215,1.3299999,1567498510443
tap2,302,414,549,484.55133,577.6991,1.43,1567498511220
tap2,254,414,135,469.56522,168.91202,1.64,1567498511935
tap2,329,552,825,662.38666,902.5299,1.3199999,1567498512609
tap2,253,552,135,631.41534,181.90526,1.55,1567498513345
tap2,328,414,825,438.5939,863.55023,1.27,1567498514030
tap2,334,345,963,433.5985,987.48566,1.29,1567498514633
tap2,342,966,342,1001.07306,404.78915,1.27,1567498515379
tap2,274,345,342,396.63275,358.8131,1.49,1567498516104
tap2,351,966,963,1024.0518,998.4799,0.94,1567498516768
tap2,282,345,411,384.64386,423.77927,1.4599999,1567498517484
tap2,352,966,1032,1019.05646,1051.4524,1.06,1567498518117
tap2,343,966,411,1006.0685,454.76312,1.3,1567498519384
tap2,244,345,1032,415.61517,1045.4554,1.31,1567498520079
tap2,322,345,756,427.60406,832.56635,1.41,1567498520774
tap2,357,966,1377,1031.0453,1407.267,0.89,1567498521499
tap2,348,966,756,1027.0491,801.5825,0.9,1567498522164
tap2,284,345,1377,401.6281,1403.269,1.35,1567498522889
tap2,292,345,1446,384.64386,1498.2196,1.3299999,1567498523636
tap2,349,966,825,1011.06384,859.5523,1.06,1567498524269
tap2,326,345,825,390.6383,871.546,1.4399999,1567498524995
tap2,358,966,1446,996.0777,1422.2592,1.1999999,1567498525689
tap2,131,690,687,766.29047,732.6184,1.37,1567498526364
tap2,321,483,1653,547.49304,1689.1202,1.27,1567498527059
tap2,320,483,687,570.4718,742.6132,1.39,1567498527723
tap2,235,690,1653,743.31177,1655.138,1.51,1567498528408
tap2,362,0,1722,129.87975,1719.1046,1.35,1567498529286
tap2,139,621,1101,666.383,1160.3956,1.39,1567498529920
tap2,140,0,1101,79.925995,1131.4106,1.25,1567498530645
tap2,371,621,1722,665.3839,1749.089,1.4,1567498531361
tap2,39,690,1101,795.2637,1096.429,1.41,1567498532005
tap2,363,69,1722,192.82146,1775.0754,1.35,1567498532679
tap2,372,690,1722,723.33026,1741.0931,1.4599999,1567498533384
tap2,40,69,1101,119.88899,1166.3925,1.3399999,1567498534140
tap2,136,0,1170,81.92415,1188.381,1.26,1567498535397
tap2,386,621,1791,698.3534,1842.0405,1.14,1567498536082
tap2,135,621,1170,686.3645,1240.354,1.38,1567498536736
tap2,377,0,1791,77.92784,1844.0396,1.0,1567498537431
tap2,31,690,1170,765.2914,1249.3492,1.3399999,1567498538075
tap2,378,69,1791,136.87326,1805.0598,1.3399999,1567498538779
tap2,32,69,1170,158.85292,1221.3639,1.38,1567498539515
tap2,387,690,1791,716.33673,1893.014,0.71,1567498540302
tap2,8,138,1101,190.82332,1044.4559,1.35,1567498540966
tap2,373,759,1722,827.2341,1731.0984,1.3299999,1567498541661
tap2,7,759,1101,834.2276,1130.4113,1.4,1567498542377
tap2,364,138,1722,194.81961,1710.1093,1.3299999,1567498543092
tap2,374,828,1722,866.198,1760.0833,1.37,1567498543838
tap2,64,207,1101,257.76132,1131.4106,1.36,1567498544513
tap2,365,207,1722,294.7271,1771.0775,1.4,1567498545299
tap2,63,828,1101,901.1656,1106.4237,1.3399999,1567498545964
tap2,379,138,1791,235.78168,1772.077,1.22,1567498546689
tap2,3,759,1170,830.23126,1240.354,1.38,1567498547313
tap2,4,138,1170,208.80666,1226.3612,1.42,1567498548028
tap2,388,759,1791,816.2442,1789.0681,1.3,1567498548723
tap2,380,207,1791,254.76411,1844.0396,1.11,1567498549387
tap2,35,828,1170,898.1684,1165.393,1.4,1567498550092
tap2,389,828,1791,886.17944,1804.0603,1.25,1567498550808
tap2,36,207,1170,232.78445,1231.3586,1.37,1567498551564
tap2,100,276,1101,338.6864,1106.4237,1.39,1567498552279
tap2,375,897,1722,973.099,1775.0754,1.1899999,1567498552933
tap2,99,897,1101,988.0851,1162.3945,1.3,1567498553690
tap2,366,276,1722,333.69104,1773.0765,1.3299999,1567498554364
tap2,368,414,1722,487.54858,1811.0566,1.31,1567498555028
tap2,159,621,756,666.383,784.5914,1.42,1567498555846
tap2,371,621,1722,734.32007,1751.0879,1.18,1567498556480
tap2,324,414,756,462.5717,832.56635,1.38,1567498557216
tap2,96,276,1170,336.68826,1210.3696,1.3199999,1567498557941
tap2,390,897,1791,943.1267,1807.0588,1.24,1567498558626
tap2,95,897,1170,1017.0583,1234.357,0.97999996,1567498559402
tap2,381,276,1791,320.70306,1853.0348,1.1,1567498560128
tap2,385,552,1791,616.42926,1772.077,1.3299999,1567498560782
tap2,326,345,825,424.60684,860.55176,1.38,1567498561559
tap2,382,345,1791,431.60037,1805.0598,1.31,1567498562192
tap2,329,552,825,636.4107,839.5627,1.4399999,1567498562888
tap2,323,483,756,544.49585,714.6278,1.5999999,1567498563634
tap2,372,690,1722,747.30804,1810.0573,1.26,1567498564298
tap2,59,690,756,775.28217,777.595,1.3399999,1567498564982
tap2,369,483,1722,541.4986,1751.0879,1.31,1567498565678
tap2,353,966,1101,1019.05646,1138.4071,1.03,1567498566341
tap2,367,345,1722,411.61887,1737.0952,1.27,1567498566985
tap2,252,345,1101,418.6124,1146.4028,1.35,1567498567660
tap2,376,966,1722,964.1073,1770.078,1.31,1567498568314
tap2,383,414,1791,427.60406,1730.0989,1.28,1567498568999
tap2,155,621,825,679.371,849.5575,1.4399999,1567498569744
tap2,328,414,825,491.54486,837.5637,1.31,1567498570419
tap2,386,621,1791,622.4237,1816.0541,1.28,1567498571073
tap2,55,690,825,802.2572,844.5601,1.39,1567498571686
tap2,384,483,1791,582.4607,1818.0531,1.2099999,1567498572309
tap2,327,483,825,543.49677,879.5419,1.4599999,1567498572984
tap2,387,690,1791,760.296,1803.0609,1.25,1567498573607
tap1,2,288,642,389.63922,724.62256,1.5799999,1567498721749
tap1,3,576,930,643.40424,1023.4669,1.42,1567498722303
tap1,4,576,642,698.3534,678.64655,1.4599999,1567498722875
tap1,5,288,930,371.65588,1024.4664,1.38,1567498723467
tap1,9,288,786,391.6374,860.55176,1.3399999,1567498724039
tap1,17,576,1074,669.3802,1164.3936,1.17,1567498724580
tap1,16,288,1074,341.68362,1150.4008,1.3199999,1567498725121
tap1,7,576,786,722.3312,803.5814,1.35,1567498725652
tap1,4,576,642,645.4024,702.63403,1.4699999,1567498726173
tap1,10,288,354,391.6374,422.7798,1.52,1567498726755
tap1,2,288,642,362.6642,713.6283,1.38,1567498727306
tap1,11,576,354,699.3525,382.80063,1.52,1567498727878
tap1,4,576,642,675.37463,704.633,1.29,1567498728389
tap1,18,288,1218,333.69104,1311.317,1.35,1567498728950
tap1,2,288,642,370.6568,699.63556,1.4399999,1567498729543
tap1,19,576,1218,668.3811,1275.3357,0.96,1567498730114
tap1,13,576,210,685.3654,244.87245,1.64,1567498730727
tap1,6,288,498,394.6346,514.7319,1.4699999,1567498731350
tap1,12,288,210,396.63275,251.8688,1.36,1567498731963
tap1,8,576,498,684.36633,552.7121,1.55,1567498732515
tap1,19,576,1218,659.38947,1244.3519,1.16,1567498733066
tap1,22,288,1506,395.63367,1555.19,1.3199999,1567498733668
tap1,18,288,1218,366.6605,1327.3087,1.4499999,1567498734230
tap1,23,576,1506,700.3515,1556.1895,1.25,1567498734812
tap1,14,288,66,394.6346,86.95471,1.66,1567498735568
tap1,11,576,354,697.3543,400.79126,1.66,1567498736150
tap1,10,288,354,436.59573,429.77615,1.5799999,1567498736752
tap1,15,576,66,712.34045,139.92712,1.63,1567498737436
tap1,17,576,1074,677.3728,1046.455,1.3399999,1567498737977
tap1,20,288,1362,431.60037,1446.2467,1.4,1567498738539
tap1,21,576,1362,656.3922,1449.2451,1.4499999,1567498739091
tap1,16,288,1074,432.59946,1187.3816,1.28,1567498739642
tap1,9,288,786,401.6281,821.5721,1.43,1567498740183
tap1,8,576,498,709.3432,529.72406,1.4699999,1567498740714
tap1,6,288,498,442.5902,532.72253,1.4599999,1567498741265
tap1,7,576,786,642.4052,889.5367,1.29,1567498741797
tap1,24,144,66,311.71136,129.93233,1.6999999,1567498742491
tap1,26,432,354,575.46716,392.7954,1.5699999,1567498743063
tap1,27,144,354,219.79648,372.80582,1.56,1567498743645
tap1,25,432,66,558.4829,91.9521,1.5899999,1567498744247
tap1,66,720,1506,823.23773,1533.2014,1.53,1567498745015
tap1,41,432,1218,548.4921,1309.318,1.14,1567498745555
tap1,42,432,1506,531.5079,1536.1998,1.2099999,1567498746157
tap1,65,720,1218,825.2359,1270.3384,1.23,1567498746708
tap1,36,144,786,216.79926,840.5622,1.43,1567498747321
tap1,38,432,1074,519.519,1159.3961,1.31,1567498747893
tap1,39,144,1074,278.7419,1126.4133,1.37,1567498748455
tap1,37,432,786,524.51434,843.5606,1.36,1567498749047
tap1,16,288,1074,374.6531,1157.3972,1.31,1567498749578
tap1,56,0,1362,121.887146,1444.2478,1.1899999,1567498750170
tap1,20,288,1362,373.65402,1421.2598,1.3299999,1567498750670
tap1,53,0,1074,112.89547,1155.3982,1.37,1567498751262
tap1,59,720,210,795.2637,298.84433,1.4499999,1567498751906
tap1,30,432,498,537.5023,562.7069,1.53,1567498752468
tap1,29,432,210,564.47736,291.848,1.48,1567498753019
tap1,60,720,498,824.2368,509.7345,1.15,1567498753581
tap1,33,432,642,513.52454,770.59863,1.3299999,1567498754122
tap1,62,720,930,820.24054,1005.4763,1.12,1567498754653
tap1,61,720,642,825.2359,686.64233,1.36,1567498755173
tap1,34,432,930,564.47736,954.50287,1.24,1567498755715
tap1,6,288,498,361.66513,560.70795,1.3199999,1567498756317
tap1,48,0,210,112.89547,231.87923,1.5799999,1567498756992
tap1,12,288,210,419.61148,281.85318,1.41,1567498757624
tap1,49,0,498,143.86679,535.72095,1.39,1567498758206
tap1,51,0,930,144.86586,973.4929,1.28,1567498758768
tap1,2,288,642,409.62073,711.62933,1.48,1567498759309
tap1,5,288,930,384.64386,979.4898,1.31,1567498759851
tap1,50,0,642,105.90195,722.6236,1.36,1567498760412
tap1,37,432,786,565.47644,819.5731,1.3199999,1567498760943
tap1,64,720,1074,825.2359,1109.4221,1.22,1567498761484
tap1,38,432,1074,508.52914,1171.3899,1.38,1567498762005
tap1,63,720,786,826.235,855.5544,1.26,1567498762546
tap1,29,432,210,531.5079,261.86362,1.62,1567498763159
tap1,31,144,498,308.71414,541.71783,1.54,1567498763721
tap1,28,144,210,276.74374,262.8631,1.4,1567498764313
tap1,30,432,498,533.50604,551.71265,1.24,1567498764844
tap1,42,432,1506,524.51434,1553.191,1.15,1567498765467
tap1,40,144,1218,235.78168,1236.3561,1.3199999,1567498766018
tap1,41,432,1218,518.5199,1303.3212,1.25,1567498766539
tap1,43,144,1506,275.7447,1544.1957,1.22,1567498767111
tap1,45,144,1362,239.77798,1419.2607,1.26,1567498767662
tap1,82,432,1650,522.5162,1649.141,1.31,1567498768204
tap1,80,144,1650,245.77243,1698.1155,1.18,1567498768806
tap1,44,432,1362,545.49493,1449.2451,1.22,1567498769327
tap1,57,720,66,812.2479,102.94638,1.65,1567498770123
tap1,26,432,354,512.52545,407.7876,1.4499999,1567498770757
tap1,58,720,354,839.22296,407.7876,0.96999997,1567498771359
tap1,25,432,66,546.494,81.95731,1.18,1567498771992
tap1,64,720,1074,808.25165,1130.4113,1.12,1567498772686
tap1,44,432,1362,547.49304,1423.2587,0.98999995,1567498773289
tap1,38,432,1074,521.5171,1164.3936,0.94,1567498773840
tap1,67,720,1362,816.2442,1426.2571,1.03,1567498774412
tap1,9,288,786,414.6161,793.5867,1.14,1567498775086
tap1,53,0,1074,134.87512,1119.417,0.96999997,1567498775709
tap1,16,288,1074,369.6577,1153.3993,1.2099999,1567498776271
tap1,52,0,786,93.91304,834.5653,1.27,1567498776966
tap1,74,864,786,945.1249,851.55646,0.85999995,1567498777588
tap1,17,576,1074,678.3719,1164.3936,0.71999997,1567498778170
tap1,75,864,1074,944.1258,1175.3878,0.89,1567498778722
tap1,7,576,786,675.37463,851.55646,1.1999999,1567498779263
tap1,38,288,66,413.61703,164.91411,1.5999999,1567498780448
tap1,45,0,354,102.90472,412.785,1.3,1567498781142
tap1,44,0,66,130.87881,127.933365,1.18,1567498781888
tap1,39,288,354,386.642,422.7798,1.11,1567498782521
tap1,14,288,1506,380.64755,1609.1619,0.89,1567498783318
tap1,47,0,1794,132.87697,1824.0499,0.94,1567498783971
tap1,46,0,1506,108.89917,1571.1816,0.96999997,1567498784553
tap1,10,288,1794,375.65216,1843.04,0.9,1567498785176
tap1,22,864,210,952.1184,273.85736,1.4499999,1567498785983
tap1,86,576,498,669.3802,567.7043,1.1999999,1567498786555
tap1,55,576,210,655.3932,264.86203,1.42,1567498787178
tap1,88,864,498,963.1082,551.71265,1.06,1567498787811
tap1,70,864,1362,948.12213,1394.2738,1.1899999,1567498788557
tap1,8,576,1650,716.33673,1725.1014,1.0799999,1567498789088
tap1,13,576,1362,661.38763,1489.2244,0.97999996,1567498789670
tap1,71,864,1650,940.1295,1694.1176,0.95,1567498790283
tap1,78,576,1218,752.3034,1308.3186,1.01,1567498790834
tap1,83,864,1506,947.12305,1556.1895,0.96,1567498791406
tap1,21,864,1218,980.0925,1269.3389,0.96999997,1567498791988
tap1,85,576,1506,680.37006,1524.206,1.0799999,1567498792560
tap1,19,576,66,737.3173,114.94013,1.38,1567498793397
tap1,77,864,354,953.1175,403.78967,1.18,1567498793949
tap1,76,576,354,674.3756,426.7777,1.38,1567498794552
tap1,23,864,66,925.1434,106.9443,1.28,1567498795185
tap1,15,576,1362,672.37744,1422.2592,1.13,1567498795930
tap1,69,864,1074,969.10266,1161.395,0.93,1567498796512
tap1,11,576,1074,679.371,1151.4003,0.71,1567498797105
tap1,68,864,1362,926.14246,1435.2524,0.89,1567498797717
tap1,21,0,1218,73.93155,1259.3441,0.64,1567498798453
tap1,75,288,1506,386.642,1581.1764,1.0,1567498798984
tap1,17,288,1218,411.61887,1259.3441,0.84,1567498799597
tap1,78,0,1506,126.882515,1573.1805,1.12,1567498800209
tap1,54,576,642,696.3552,668.65173,1.22,1567498800853
tap1,22,864,930,935.13416,978.49036,1.16,1567498801384
tap1,18,864,642,1000.07404,708.6309,1.06,1567498801925
tap1,55,576,930,697.3543,991.4836,1.11,1567498802477
tap1,4,576,1794,656.3922,1820.052,0.98999995,1567498803171
tap1,73,864,1506,971.1008,1521.2076,0.83,1567498803743
tap1,72,576,1506,693.35803,1565.1848,1.0799999,1567498804275
tap1,3,864,1794,945.1249,1848.0375,0.81,1567498804866
tap1,90,720,1362,821.2396,1408.2665,1.13,1567498805398
tap1,77,432,1650,567.47455,1701.114,1.13,1567498805949
tap1,23,720,1650,820.24054,1703.1129,0.87,1567498806511
tap1,92,432,1362,574.4681,1453.243,1.06,1567498807042
tap1,67,432,1074,541.4986,1150.4008,1.0,1567498807645
tap1,82,144,1362,253.76503,1444.2478,1.02,1567498808247
tap1,84,432,1362,515.52264,1458.2405,1.09,1567498808748
tap1,44,144,1074,244.77336,1146.4028,1.0,1567498809391
tap1,38,432,1506,541.4986,1556.1895,1.15,1567498809942
tap1,45,144,1794,251.76688,1805.0598,1.0799999,1567498810514
tap1,44,432,1794,546.494,1859.0317,0.87,1567498811056
tap1,39,144,1506,208.80666,1615.1587,0.90999997,1567498811668
tap1,42,432,1506,529.5097,1540.1978,1.06,1567498812179
tap1,87,720,1794,814.2461,1831.0463,0.96,1567498812802
tap1,89,432,1794,533.50604,1868.027,0.84,1567498813384
tap1,43,720,1506,808.25165,1611.1608,1.09,1567498813915
tap1,42,0,1362,91.914894,1415.2628,1.03,1567498814579
tap1,91,288,1650,418.6124,1705.1119,1.06,1567498815131
tap1,89,288,1362,357.66882,1459.24,1.12,1567498815713
tap1,66,0,1650,130.87881,1715.1067,0.69,1567498816336
tap1,56,432,642,534.50507,746.61115,1.27,1567498817051
tap1,81,144,930,234.78261,990.4841,1.11,1567498817725
tap1,20,432,930,558.4829,950.50494,1.14,1567498818266
tap1,79,144,642,250.7678,722.6236,1.1,1567498818899
