rotate1,9,0.35186195,2032.2640769999998
rotate1,4,1.023777,1677.212616
rotate1,13,0.22367668,2387.6413079999998
rotate1,6,3.889204,3143.258077
rotate1,15,1.5203724,2257.627231
rotate1,2,2.5399208,2073.76877
rotate1,10,1.1856842,1869.373846
rotate1,5,1.2713051,2073.476385
rotate1,14,1.4411964,1775.452308
rotate1,8,0.68141747,1644.252538
rotate1,11,2.1749973,2018.7193069999998
rotate1,7,2.8257217,1979.263692
rotate1,1,1.0425243,2019.035077
rotate1,12,-0.3074646,2360.882385
rotate1,3,0.99550533,2329.377077
rotate2,2,-0.19046783,3164.0198459999997
rotate2,13,0.85853577,3247.6104619999996
rotate2,8,0.26902008,3409.4946929999996
rotate2,3,1.9164352,5349.087692
rotate2,7,0.23218536,3012.2716929999997
rotate2,12,-1.6744843,3694.709
rotate2,1,3.6271362,2573.132307
rotate2,11,0.8663864,2358.0412309999997
rotate2,6,0.8150406,3043.0635389999998
rotate2,10,-0.725235,2289.7575389999997
rotate2,5,0.10733795,2327.407154
rotate2,15,-75.0,4175.331308
rotate2,2,-0.51327515,3021.642077
rotate2,13,2.105217,4298.866462
rotate2,8,-0.8411484,3442.040462
rotate2,3,-2.8784943,3315.6747699999996
rotate2,7,-2.8649826,3053.466923
rotate2,12,-2.6102371,2765.256077
rotate2,1,1.9934998,4246.446308
rotate2,11,2.3069,3875.7613079999996
rotate2,6,-0.045913696,2798.71577
rotate2,10,3.3819504,2860.4766919999997
rotate2,5,-1.0417252,2705.468078
rotate2,15,-16.119541,7277.49377
rotate2,9,-4.91584,4583.851231
rotate2,4,5.6297684,2228.0648459999998
rotate2,14,-2.8864517,3890.955231
tap1,2,288,642,392.63644,709.6304,0.96,1567238749175
tap1,3,576,930,667.3821,1039.4586,1.09,1567238749983
tap1,4,576,642,701.3506,739.61475,0.93,1567238750881
tap1,5,288,930,365.66144,1035.4607,0.96999997,1567238751788
tap1,9,288,786,393.63553,878.5424,0.71999997,1567238752645
tap1,17,576,1074,650.39777,1186.3821,0.87,1567238753614
tap1,16,288,1074,356.66974,1171.3899,0.93,1567238754512
tap1,7,576,786,654.3941,848.55804,0.84,1567238755420
tap1,4,576,642,683.36725,739.61475,0.9,1567238756317
tap1,10,288,354,414.6161,457.76157,0.5,1567238757276
tap1,2,288,642,376.65125,763.6023,0.90999997,1567238758276
tap1,11,576,354,653.395,459.76053,0.79999995,1567238759235
tap1,4,576,642,680.37006,751.6085,1.13,1567238760214
tap1,18,288,1218,398.6309,1348.2977,0.83,1567238761101
tap1,2,288,642,377.65033,719.6252,0.77,1567238762081
tap1,19,576,1218,678.3719,1384.2789,0.71999997,1567238762999
tap1,13,576,210,716.33673,338.82352,1.17,1567238763979
tap1,6,288,498,402.6272,580.6975,1.02,1567238765009
tap1,12,288,210,407.62256,297.84488,0.94,1567238765968
tap1,8,576,498,694.35706,600.68713,0.75,1567238766998
tap1,19,576,1218,661.38763,1335.3044,0.89,1567238767896
tap1,22,288,1506,376.65125,1630.1509,1.0799999,1567238768773
tap1,18,288,1218,398.6309,1285.3306,0.94,1567238769620
tap1,23,576,1506,670.3793,1629.1515,0.87,1567238770650
tap1,14,288,66,405.62442,174.90889,1.2099999,1567238771742
tap1,11,576,354,685.3654,458.76105,0.96999997,1567238772650
tap1,10,288,354,383.64478,443.76886,1.2099999,1567238773619
tap1,15,576,66,703.34875,161.91566,1.16,1567238774598
tap1,17,576,1074,688.3626,1201.3743,1.11,1567238775506
tap1,20,288,1362,385.6429,1427.2566,1.1,1567238776424
tap1,21,576,1362,685.3654,1443.2483,0.85999995,1567238777352
tap1,16,288,1074,387.64108,1178.3862,0.93,1567238778352
tap1,9,288,786,372.65494,881.54083,0.91999996,1567238779209
tap1,8,576,498,694.35706,564.7059,0.90999997,1567238780015
tap1,6,288,498,392.63644,607.6835,0.81,1567238780984
tap1,7,576,786,691.35986,889.5367,0.96,1567238781912
tap1,24,144,66,242.7752,175.90837,0.52,1567238783228
tap1,26,432,354,550.4903,436.7725,1.16,1567238784239
tap1,27,144,354,250.7678,425.77823,0.90999997,1567238785249
tap1,25,432,66,535.50415,151.92087,1.2099999,1567238786320
tap1,66,720,1506,821.2396,1608.1624,0.79999995,1567238787330
tap1,41,432,1218,530.5088,1323.3108,0.91999996,1567238788187
tap1,42,432,1506,538.5014,1606.1635,0.94,1567238789095
tap1,65,720,1218,829.2322,1352.2957,0.93,1567238789809
tap1,36,144,786,226.79001,867.54816,1.18,1567238790747
tap1,38,432,1074,549.4912,1157.3972,0.90999997,1567238791574
tap1,39,144,1074,235.78168,1161.395,0.95,1567238792502
tap1,37,432,786,539.5005,866.54865,1.03,1567238793430
tap1,16,288,1074,389.63922,1162.3945,0.97999996,1567238794389
tap1,56,0,1362,116.89177,1481.2285,0.97999996,1567238795603
tap1,20,288,1362,393.63553,1458.2405,1.38,1567238796603
tap1,53,0,1074,102.90472,1151.4003,0.66999996,1567238797572
tap1,59,720,210,793.2655,319.8334,1.0699999,1567238798501
tap1,30,432,498,571.4709,569.70325,0.93,1567238799399
tap1,29,432,210,548.4921,278.85477,1.11,1567238800358
tap1,60,720,498,820.24054,603.68555,1.2099999,1567238801266
tap1,33,432,642,557.4838,711.62933,1.24,1567238802174
tap1,62,720,930,838.2239,1031.4628,1.11,1567238803153
tap1,61,720,642,811.24884,729.62,1.1,1567238804092
tap1,34,432,930,530.5088,1005.4763,0.87,1567238805040
tap1,6,288,498,419.61148,597.68866,0.85999995,1567238806081
tap1,48,0,210,108.89917,345.8199,0.96,1567238807070
tap1,12,288,210,405.62442,297.84488,1.12,1567238808019
tap1,49,0,498,117.89084,599.6876,1.15,1567238808937
tap1,51,0,930,111.89639,1059.4481,1.09,1567238809764
tap1,2,288,642,380.64755,712.62885,0.94,1567238810641
tap1,5,288,930,394.6346,1058.4487,0.7,1567238811529
tap1,50,0,642,78.92692,717.6262,1.18,1567238812478
tap1,37,432,786,582.4607,887.5377,1.24,1567238813376
tap1,64,720,1074,847.2156,1196.3768,1.25,1567238814233
tap1,38,432,1074,533.50604,1144.4039,1.11,1567238815100
tap1,63,720,786,805.2544,867.54816,1.25,1567238816018
tap1,29,432,210,536.50323,308.83914,1.15,1567238817069
tap1,31,144,498,237.77983,587.6939,0.98999995,1567238817997
tap1,28,144,210,246.77151,305.8407,0.90999997,1567238818885
tap1,30,432,498,574.4681,587.6939,1.3299999,1567238819681
tap1,42,432,1506,524.51434,1621.1556,1.0,1567238820599
tap1,40,144,1218,235.78168,1344.2998,0.9,1567238821466
tap1,41,432,1218,544.49585,1318.3134,1.0799999,1567238822292
tap1,43,144,1506,206.80852,1583.1754,0.72999996,1567238823129
tap1,45,144,1362,203.81128,1476.2311,0.78999996,1567238823965
tap1,82,432,1650,560.481,1763.0817,0.85999995,1567238824812
tap1,80,144,1650,212.80296,1781.0723,1.04,1567238825699
tap1,44,432,1362,529.5097,1495.2212,1.02,1567238826566
tap1,57,720,66,858.2054,155.9188,1.12,1567238827525
tap1,26,432,354,562.4792,451.7647,1.31,1567238828403
tap1,58,720,354,848.2146,482.74857,1.11,1567238829433
tap1,25,432,66,541.4986,177.90733,1.1899999,1567238830351
tap1,64,720,1074,818.2424,1190.38,1.02,1567238831188
tap1,44,432,1362,562.4792,1460.2394,1.0,1567238831953
tap1,38,432,1074,524.51434,1132.4102,1.15,1567238832840
tap1,67,720,1362,772.2849,1457.241,1.1999999,1567238833840
tap1,9,288,786,399.62997,864.5497,1.22,1567238834636
tap1,53,0,1074,94.91212,1186.3821,0.87,1567238835564
tap1,16,288,1074,389.63922,1162.3945,0.68,1567238836370
tap1,52,0,786,107.90009,890.53613,1.02,1567238837238
tap1,74,864,786,977.0953,884.5393,1.03,1567238838105
tap1,17,576,1074,663.38574,1164.3936,1.1999999,1567238838952
tap1,75,864,1074,973.099,1174.3883,0.88,1567238839869
tap1,7,576,786,656.3922,874.5445,0.81,1567238840798
tap1,38,288,66,405.62442,173.90942,1.01,1567238841828
tap1,45,0,354,147.8631,434.77356,0.89,1567238842838
tap1,44,0,66,125.88344,182.90474,1.18,1567238843889
tap1,39,288,354,403.62628,461.7595,0.90999997,1567238844838
tap1,14,288,1506,374.6531,1617.1577,0.94,1567238845745
tap1,47,0,1794,82.92322,1898.0114,0.37,1567238846613
tap1,46,0,1506,135.87419,1587.1733,0.69,1567238847419
tap1,10,288,1794,367.65958,1871.0255,0.68,1567238848449
tap1,22,864,210,956.1147,303.84174,0.9,1567238849449
tap1,86,576,498,681.3691,597.68866,0.91999996,1567238850377
tap1,55,576,210,711.3414,297.84488,0.89,1567238851305
tap1,88,864,498,997.0768,602.6861,0.88,1567238852254
tap1,70,864,1362,962.1092,1487.2253,0.94,1567238853101
tap1,8,576,1650,665.3839,1776.075,0.82,1567238853958
tap1,13,576,1362,693.35803,1457.241,0.97999996,1567238854825
tap1,71,864,1650,965.1064,1722.103,0.7,1567238855743
tap1,78,576,1218,680.37006,1269.3389,0.95,1567238856569
tap1,83,864,1506,961.1101,1610.1614,0.9,1567238857487
tap1,21,864,1218,979.09344,1276.3352,0.78,1567238858283
tap1,85,576,1506,693.35803,1585.1743,0.79999995,1567238859130
tap1,19,576,66,713.3395,156.91827,0.9,1567238860119
tap1,77,864,354,973.099,431.77512,1.06,1567238861099
tap1,76,576,354,678.3719,450.76523,1.14,1567238861996
tap1,23,864,66,986.087,143.92503,0.95,1567238863037
tap1,15,576,1362,698.3534,1488.2249,1.09,1567238863996
tap1,69,864,1074,994.0796,1156.3977,0.84,1567238864761
tap1,11,576,1074,709.3432,1128.4122,1.01,1567238865597
tap1,68,864,1362,981.0916,1445.2472,1.12,1567238866424
tap1,21,0,1218,77.92784,1299.3232,1.0699999,1567238867403
tap1,75,288,1506,369.6577,1627.1525,1.06,1567238868260
tap1,17,288,1218,377.65033,1305.3201,1.13,1567238869046
tap1,78,0,1506,103.90379,1605.164,1.0,1567238869953
tap1,54,576,642,666.383,722.6236,1.15,1567238870729
tap1,22,864,930,965.1064,1029.4637,1.29,1567238871545
tap1,18,864,642,956.1147,749.60956,1.26,1567238872361
tap1,55,576,930,672.37744,1027.4648,1.12,1567238873187
tap1,4,576,1794,677.3728,1854.0343,0.84999996,1567238873983
tap1,73,864,1506,965.1064,1630.1509,0.97999996,1567238874952
tap1,72,576,1506,685.3654,1567.1837,1.02,1567238875646
tap1,3,864,1794,955.11566,1847.038,0.77,1567238876452
tap1,90,720,1362,820.24054,1445.2472,1.13,1567238877186
tap1,77,432,1650,524.51434,1723.1025,0.89,1567238877941
tap1,23,720,1650,830.23126,1716.1062,0.83,1567238878716
tap1,92,432,1362,531.5079,1433.2534,0.77,1567238879543
tap1,67,432,1074,538.5014,1161.395,1.01,1567238880339
tap1,82,144,1362,223.79279,1444.2478,0.79999995,1567238881063
tap1,84,432,1362,549.4912,1452.2435,0.75,1567238881797
tap1,44,144,1074,261.75763,1179.3857,0.69,1567238882665
tap1,38,432,1506,536.50323,1613.1598,0.91999996,1567238883522
tap1,45,144,1794,195.8187,1860.0311,0.74,1567238884287
tap1,44,432,1794,532.50696,1841.0411,0.79999995,1567238885052
tap1,39,144,1506,228.78816,1611.1608,0.95,1567238885807
tap1,42,432,1506,548.4921,1606.1635,0.91999996,1567238886511
tap1,87,720,1794,801.2581,1854.0343,0.77,1567238887235
tap1,89,432,1794,528.5106,1862.0302,0.58,1567238888000
tap1,43,720,1506,814.2461,1613.1598,0.84999996,1567238888827
tap1,42,0,1362,125.88344,1444.2478,0.93,1567238889704
tap1,91,288,1650,369.6577,1711.1088,0.78999996,1567238890438
tap1,89,288,1362,383.64478,1449.2451,1.14,1567238891285
tap1,66,0,1650,90.91582,1756.0853,1.13,1567238892081
tap1,56,432,642,554.4866,719.6252,0.93,1567238892948
tap1,81,144,930,275.7447,1029.4637,0.98999995,1567238893805
tap1,20,432,930,513.52454,1021.46796,1.22,1567238894672
tap1,79,144,642,222.79372,724.62256,1.06,1567238895570
tap2,6,138,480,185.82794,542.71735,1.43,1567238915765
tap2,7,759,1101,801.2581,1152.3998,1.17,1567238916595
tap2,8,138,1101,164.84737,1168.3915,0.96999997,1567238917462
tap2,9,759,480,799.25995,509.7345,1.13,1567238918207
tap2,164,0,687,69.93524,726.6215,0.84999996,1567238919125
tap2,183,621,1308,621.4246,1387.2775,0.96,1567238920064
tap2,182,0,1308,73.93155,1350.2966,0.94,1567238921032
tap2,163,621,687,654.3941,725.6221,1.1999999,1567238921920
tap2,242,345,66,435.59668,91.9521,1.3,1567238922991
tap2,243,552,1032,596.44775,1092.431,1.24,1567238923910
tap2,244,345,1032,410.6198,1074.4404,1.22,1567238924736
tap2,245,552,66,617.4283,96.9495,1.42,1567238925797
tap2,42,69,411,138.87141,459.76053,1.13,1567238926837
tap2,43,690,1032,750.3053,1080.4373,1.12,1567238927705
tap2,45,690,411,750.3053,480.7496,1.36,1567238928643
tap2,44,69,1032,105.90195,1079.4377,1.22,1567238929592
tap2,322,345,756,411.61887,792.58716,1.1899999,1567238930551
tap2,321,483,1653,527.5116,1706.1113,1.02,1567238931520
tap2,316,345,1653,417.6133,1695.1171,1.02,1567238932551
tap2,323,483,756,536.50323,822.57153,1.3,1567238933397
tap2,2,138,549,187.82608,591.69183,1.28,1567238934316
tap2,3,759,1170,821.2396,1232.3582,1.0799999,1567238935193
tap2,4,138,1170,192.82146,1236.3561,1.15,1567238936091
tap2,5,759,549,815.2451,597.68866,1.35,1567238936947
tap2,11,759,1032,811.24884,1079.4377,1.11,1567238937825
tap2,10,138,411,226.79001,467.75638,0.85999995,1567238938835
tap2,12,138,1032,182.83072,1094.4299,1.0799999,1567238939824
tap2,13,759,411,835.2266,457.76157,1.38,1567238940753
tap2,15,759,963,812.2479,1015.47107,1.24,1567238941661
tap2,14,138,342,205.80943,373.8053,1.18,1567238942681
tap2,17,759,342,841.22107,387.798,1.29,1567238943844
tap2,16,138,963,175.83719,1015.47107,1.04,1567238944823
tap2,122,207,66,273.74652,92.951584,0.9,1567238945945
tap2,123,828,687,866.198,751.6085,1.23,1567238946925
tap2,124,207,687,260.75854,741.6137,1.23,1567238947894
tap2,125,828,66,922.1462,137.92816,0.93,1567238949057
tap2,135,621,1170,683.36725,1206.3717,1.0799999,1567238950056
tap2,134,0,549,67.937096,577.6991,1.13,1567238951077
tap2,136,0,1170,53.950047,1210.3696,0.84,1567238952046
tap2,137,621,549,670.3793,599.6876,1.2099999,1567238953005
tap2,130,69,66,134.87512,124.93493,1.13,1567238954239
tap2,131,690,687,768.28864,752.608,1.17,1567238955260
tap2,133,690,66,755.30066,122.93597,1.27,1567238956331
tap2,132,69,687,109.89824,737.6158,0.96,1567238957402
tap2,127,759,687,831.23035,709.6304,1.24,1567238958392
tap2,126,138,66,191.82239,85.95523,1.13,1567238959524
tap2,128,138,687,177.83534,732.6184,1.15,1567238960555
tap2,129,759,66,833.2285,83.95627,1.0699999,1567238961575
tap2,18,138,273,187.82608,320.8329,1.16,1567238962646
tap2,19,759,894,800.25903,975.4919,1.12,1567238963575
tap2,20,138,894,155.85568,935.51276,0.98999995,1567238964513
tap2,21,759,273,836.2257,283.85214,1.31,1567238965473
tap2,35,828,1170,840.22205,1209.3701,0.96,1567238966391
tap2,34,207,549,237.77983,585.69495,1.25,1567238967411
tap2,36,207,1170,278.7419,1219.3649,1.06,1567238968370
tap2,37,828,549,892.1739,608.683,1.3,1567238969350
tap2,26,138,135,192.82146,188.90161,1.3399999,1567238970513
tap2,27,759,756,841.22107,815.5752,1.03,1567238971463
tap2,28,138,756,186.82701,803.5814,1.23,1567238972482
tap2,29,759,135,810.24976,181.90526,1.23,1567238973503
tap2,43,690,1032,734.32007,1083.4357,1.11,1567238974411
tap2,42,69,411,121.887146,462.75897,1.1999999,1567238975431
tap2,45,690,411,765.2914,453.76364,1.11,1567238976441
tap2,44,69,1032,132.87697,1051.4524,0.95,1567238977451
tap2,24,138,825,225.79094,864.5497,1.29,1567238978359
tap2,25,759,204,796.2627,249.86986,1.11,1567238979298
tap2,22,138,204,189.82423,257.8657,1.29,1567238980308
tap2,23,759,825,810.24976,895.53357,0.96,1567238981236
tap2,38,69,480,134.87512,541.71783,1.1999999,1567238982216
tap2,39,690,1101,738.3164,1139.4065,0.90999997,1567238983094
tap2,40,69,1101,104.90287,1141.4055,1.09,1567238984114
tap2,41,690,480,754.3016,505.73657,1.26,1567238984991
tap2,33,690,549,740.3145,596.6892,1.24,1567238985848
tap2,32,69,1170,114.893616,1241.3534,0.96,1567238986807
tap2,30,69,549,134.87512,604.68506,1.05,1567238987776
tap2,31,690,1170,739.3154,1238.355,0.98999995,1567238988623
tap2,46,69,342,116.89177,394.79437,1.1,1567238989664
tap2,47,690,963,760.296,1012.47266,1.09,1567238990562
tap2,48,69,963,91.914894,999.47943,0.85999995,1567238991531
tap2,49,690,342,760.296,353.8157,1.24,1567238992470
tap2,108,276,963,346.67902,1009.4742,1.1899999,1567238993409
tap2,231,897,1584,945.1249,1659.1359,1.0,1567238994633
tap2,230,276,1584,362.6642,1608.1624,0.72999996,1567238995714
tap2,107,897,963,943.1267,1022.46747,1.06,1567238996571
tap2,143,621,1032,691.35986,1062.4467,1.16,1567238997388
tap2,232,0,1653,62.94172,1715.1067,0.96,1567238998449
tap2,233,621,1653,669.3802,1720.1041,1.0699999,1567238999347
tap2,144,0,1032,83.922295,1061.4471,1.0699999,1567239000285
tap2,44,69,1032,137.87234,1101.4263,0.97999996,1567239001214
tap2,235,690,1653,759.29694,1676.127,1.03,1567239002143
tap2,43,690,1032,761.2951,1064.4456,1.17,1567239003051
tap2,234,69,1653,118.889915,1724.1019,1.04,1567239004041
tap2,12,138,1032,182.83072,1071.4419,0.9,1567239004989
tap2,237,759,1653,782.2757,1722.103,1.06,1567239005969
tap2,11,759,1032,840.22205,1083.4357,1.16,1567239006765
tap2,236,138,1653,201.81314,1697.1161,1.03,1567239007652
tap2,238,207,1653,258.7604,1711.1088,0.79999995,1567239008560
tap2,67,828,1032,904.16284,1102.4258,1.18,1567239009397
tap2,68,207,1032,268.75116,1075.4398,1.01,1567239010305
tap2,239,828,1653,864.1998,1687.1212,0.89,1567239011223
tap2,104,276,1032,352.67346,1068.4435,1.09,1567239012101
tap2,241,897,1653,960.111,1668.1311,0.9,1567239013019
tap2,240,276,1653,323.7003,1695.1171,0.84999996,1567239013958
tap2,103,897,1032,925.1434,1089.4326,1.25,1567239014805
tap2,50,69,273,169.84274,329.82822,1.2099999,1567239015795
tap2,51,690,894,755.30066,952.5039,1.13,1567239016713
tap2,52,69,894,126.882515,919.52106,1.0799999,1567239017641
tap2,53,690,273,788.27014,315.83548,1.22,1567239018621
tap2,55,690,825,773.284,846.5591,1.36,1567239019570
tap2,54,69,204,108.89917,239.87506,1.24,1567239020661
tap2,56,69,825,142.86772,867.54816,1.06,1567239021580
tap2,57,690,204,751.3043,232.87871,1.22,1567239022528
tap2,59,690,756,753.3025,794.5861,1.23,1567239023447
tap2,58,69,135,146.86401,178.90681,1.12,1567239024549
tap2,61,690,135,756.29974,170.91098,1.09,1567239025630
tap2,60,69,756,126.882515,797.5846,1.02,1567239026640
tap2,62,207,480,264.75485,487.74594,1.18,1567239027651
tap2,63,828,1101,895.17114,1167.392,0.78999996,1567239028487
tap2,64,207,1101,252.76596,1125.4138,1.06,1567239029436
tap2,65,828,480,893.173,497.74075,1.3199999,1567239030385
tap2,290,345,480,376.65125,504.7371,1.11,1567239031364
tap2,291,552,1446,607.43756,1478.2301,0.98999995,1567239032324
tap2,293,552,480,614.4311,516.73083,1.3199999,1567239033221
tap2,292,345,1446,374.6531,1523.2067,1.03,1567239034170
tap2,141,621,480,679.371,513.7324,1.25,1567239035089
tap2,295,414,1446,465.5689,1498.2196,0.96999997,1567239035997
tap2,294,414,480,478.5569,493.74283,1.25,1567239036854
tap2,203,621,1446,671.37836,1485.2264,1.12,1567239037741
tap2,297,483,1446,555.48566,1495.2212,0.84999996,1567239038619
tap2,41,690,480,759.29694,528.7246,1.29,1567239039558
tap2,296,483,480,553.4875,516.73083,1.11,1567239040507
tap2,205,690,1446,713.3395,1486.2258,1.15,1567239041476
tap2,319,414,1653,508.52914,1650.1405,0.82,1567239042323
tap2,325,552,756,610.4348,789.58875,1.43,1567239043252
tap2,324,414,756,444.58835,794.5861,1.29,1567239044119
tap2,315,552,1653,612.4329,1709.1097,1.0799999,1567239045078
tap2,298,345,549,405.62442,584.69543,1.28,1567239045986
tap2,299,552,1515,613.432,1540.1978,0.95,1567239046894
tap2,301,552,549,617.4283,564.7059,1.38,1567239047782
tap2,300,345,1515,401.6281,1542.1968,0.79999995,1567239048679
tap2,326,345,825,392.63644,850.557,0.89,1567239049577
tap2,256,483,135,549.4912,179.9063,1.3299999,1567239050598
tap2,250,345,135,391.6374,181.90526,1.31,1567239051598
tap2,327,483,825,535.50415,868.5476,1.09,1567239052506
tap2,67,828,1032,864.1998,1086.4341,1.06,1567239053363
tap2,66,207,411,262.7567,418.78186,1.3399999,1567239054373
tap2,68,207,1032,252.76596,1068.4435,1.0699999,1567239055312
tap2,69,828,411,886.17944,456.7621,1.54,1567239056241
tap2,72,207,963,246.77151,1002.47784,1.26,1567239057169
tap2,73,828,342,874.19055,394.79437,1.16,1567239058047
tap2,70,207,342,255.76318,359.8126,1.17,1567239059006
tap2,71,828,963,893.173,1020.4685,0.96999997,1567239059894
tap2,76,207,894,261.75763,917.5221,1.01,1567239060792
tap2,77,828,273,894.17206,308.83914,1.4599999,1567239061649
tap2,74,207,273,228.78816,308.83914,1.17,1567239062618
tap2,75,828,894,895.17114,928.51636,1.25,1567239063496
tap2,80,207,825,265.75394,889.5367,0.85999995,1567239064363
tap2,81,828,204,883.18225,237.8761,1.4,1567239065251
tap2,78,207,204,261.75763,242.8735,1.35,1567239066241
tap2,79,828,825,898.1684,866.54865,1.3,1567239067027
tap2,84,207,756,241.77614,806.5799,1.17,1567239067904
tap2,85,828,135,902.1647,171.91046,1.1899999,1567239068812
tap2,82,207,135,244.77336,171.91046,0.98999995,1567239069802
tap2,83,828,756,896.1702,819.5731,1.1999999,1567239070670
tap2,89,621,618,663.38574,634.66943,1.17,1567239071445
tap2,88,0,1239,48.954674,1295.3253,0.78999996,1567239072424
tap2,87,621,1239,685.3654,1279.3336,1.04,1567239073251
tap2,86,0,618,58.94542,668.65173,0.81,1567239074190
tap2,305,483,1515,556.48474,1541.1973,0.98999995,1567239075129
tap2,33,690,549,773.284,571.7022,1.29,1567239075976
tap2,304,483,549,527.5116,586.6944,1.18,1567239076904
tap2,215,690,1515,731.3229,1549.1931,1.09,1567239077772
tap2,309,552,618,639.40796,648.6621,1.23,1567239078588
tap2,308,345,1584,380.64755,1600.1665,0.69,1567239079466
tap2,307,552,1584,590.4533,1620.1561,0.98999995,1567239080374
tap2,306,345,618,387.64108,650.6611,1.14,1567239081313
tap2,258,345,204,417.6133,233.87819,1.35,1567239082242
tap2,331,483,894,545.49493,948.506,1.28,1567239083150
tap2,330,345,894,363.66327,925.51794,0.9,1567239084037
tap2,264,483,204,555.48566,245.87193,1.29,1567239084976
tap2,223,621,1584,689.3617,1611.1608,0.98999995,1567239085956
tap2,310,414,618,477.55783,658.6569,1.37,1567239086782
tap2,89,621,618,699.3525,662.65485,1.23,1567239087619
tap2,311,414,1584,467.56708,1622.155,1.01,1567239088538
tap2,261,552,204,613.432,248.87038,1.39,1567239089507
tap2,322,345,756,401.6281,771.5981,1.22,1567239090364
tap2,262,414,204,479.55597,235.87714,1.39,1567239091283
tap2,333,552,894,581.4616,937.5117,1.1,1567239092110
tap2,312,483,618,490.5458,648.6621,0.84999996,1567239092997
tap2,225,690,1584,762.2942,1616.1582,1.01,1567239093834
tap2,93,690,618,758.29785,640.6663,1.15,1567239094599
tap2,313,483,1584,536.50323,1589.1722,1.05,1567239095436
tap2,91,690,1239,742.3127,1282.332,1.09,1567239096191
tap2,90,69,618,138.87141,634.66943,1.29,1567239097109
tap2,93,690,618,753.3025,688.6413,1.0,1567239097936
tap2,92,69,1239,129.87975,1296.3248,1.1,1567239098834
tap2,108,276,963,304.71786,986.4862,0.95,1567239099671
tap2,109,897,342,943.1267,389.79697,1.4499999,1567239100548
tap2,106,276,342,317.70584,405.78864,1.28,1567239101497
tap2,107,897,963,956.1147,938.51117,1.1899999,1567239102375
tap2,100,276,1101,319.70398,1149.4014,1.23,1567239103252
tap2,101,897,480,943.1267,542.71735,1.39,1567239104100
tap2,99,897,1101,952.1184,1134.4092,1.15,1567239104906
tap2,98,276,480,354.6716,496.74127,1.29,1567239105804
tap2,105,897,411,947.12305,452.76416,1.23,1567239106804
tap2,104,276,1032,284.73636,1079.4377,0.98999995,1567239107733
tap2,102,276,411,344.68085,456.7621,0.24,1567239108773
tap2,103,897,1032,997.0768,1098.4279,1.31,1567239109804
tap2,97,897,549,966.10547,612.6809,1.41,1567239110662
tap2,96,276,1170,303.71878,1214.3674,1.1899999,1567239111550
tap2,94,276,549,330.69382,557.70953,1.28,1567239112366
tap2,95,897,1170,960.111,1202.3738,1.0699999,1567239113203
tap2,111,897,894,981.0916,955.5023,1.18,1567239113958
tap2,110,276,273,324.69934,302.84225,1.43,1567239114887
tap2,112,276,894,312.71045,907.5273,1.4,1567239115764
tap2,113,897,273,922.1462,286.8506,1.61,1567239116662
tap2,116,276,825,295.7262,837.5637,1.39,1567239117581
tap2,117,897,204,990.08325,252.86829,1.23,1567239118499
tap2,114,276,204,340.68454,211.88963,1.4499999,1567239119499
tap2,115,897,825,981.0916,867.54816,1.25,1567239120264
tap2,119,897,756,927.14154,765.60126,1.39,1567239121142
tap2,118,276,135,282.73822,136.92868,1.54,1567239122152
tap2,121,897,135,934.1351,155.9188,1.3399999,1567239123265
tap2,120,276,756,338.6864,800.583,1.39,1567239124153
tap2,152,0,894,69.93524,925.51794,1.12,1567239125173
tap2,213,621,1515,641.4061,1577.1785,1.18,1567239126092
tap2,212,0,1515,80.92507,1565.1848,0.90999997,1567239127193
tap2,151,621,894,665.3839,943.50854,1.3199999,1567239128020
tap2,56,69,825,117.89084,857.55334,1.23,1567239128888
tap2,205,690,1446,739.3154,1504.2166,1.16,1567239129714
tap2,204,69,1446,122.886215,1464.2373,0.88,1567239130602
tap2,55,690,825,775.28217,856.55383,1.35,1567239131398
tap2,24,138,825,152.85846,854.5549,1.24,1567239132255
tap2,207,759,1446,793.2655,1444.2478,1.12,1567239133061
tap2,206,138,1446,216.79926,1490.2238,0.96999997,1567239133980
tap2,23,759,825,808.25165,871.546,1.42,1567239134756
tap2,80,207,825,223.79279,848.55804,1.3199999,1567239135633
tap2,209,828,1446,894.17206,1485.2264,1.16,1567239136480
tap2,208,207,1446,260.75854,1466.2363,1.0699999,1567239137307
tap2,79,828,825,869.1952,868.5476,1.43,1567239138103
tap2,115,897,825,960.111,855.5544,1.3399999,1567239138889
tap2,210,276,1446,323.7003,1526.2051,1.28,1567239139787
tap2,116,276,825,376.65125,867.54816,1.14,1567239140583
tap2,211,897,1446,930.1388,1479.2295,1.22,1567239141440
tap2,203,621,1446,671.37836,1446.2467,1.27,1567239142328
tap2,156,0,825,81.92415,876.54346,1.39,1567239143277
tap2,202,0,1446,89.91675,1496.2207,1.15,1567239144308
tap2,155,621,825,665.3839,892.5351,1.3,1567239145134
tap2,52,69,894,125.88344,931.51483,1.0799999,1567239146063
tap2,215,690,1515,741.3136,1511.2129,1.1,1567239146941
tap2,51,690,894,749.3062,939.5106,1.53,1567239147737
tap2,214,69,1515,123.88529,1562.1863,1.11,1567239148676
tap2,216,138,1515,187.82608,1567.1837,1.16,1567239149584
tap2,19,759,894,805.2544,931.51483,1.4,1567239150360
tap2,217,759,1515,795.2637,1552.1915,1.22,1567239151166
tap2,20,138,894,204.81036,898.532,1.37,1567239152003
tap2,141,621,480,690.3608,557.70953,1.3199999,1567239152901
tap2,140,0,1101,72.93247,1142.405,1.16,1567239153778
tap2,138,0,480,87.918594,537.7199,0.88,1567239154677
tap2,139,621,1101,674.3756,1156.3977,1.1899999,1567239155462
tap2,142,0,411,74.93062,450.76523,1.4,1567239156289
tap2,143,621,1032,650.39777,1082.4362,0.94,1567239157065
tap2,144,0,1032,97.90935,1076.4393,1.01,1567239157840
tap2,145,621,411,698.3534,430.77563,1.29,1567239158677
tap2,148,0,963,73.93155,984.48724,0.64,1567239159463
tap2,149,621,342,680.37006,389.79697,1.31,1567239160280
tap2,147,621,963,660.38855,1031.4628,0.96,1567239161065
tap2,146,0,342,70.93432,393.7949,1.14,1567239161933
tap2,153,621,273,647.4006,332.82663,1.3,1567239162811
tap2,152,0,894,51.951897,940.51013,0.90999997,1567239163739
tap2,150,0,273,65.93895,326.82977,1.17,1567239164709
tap2,151,621,894,634.4126,937.5117,1.12,1567239165597
tap2,266,345,273,377.65033,315.83548,1.3299999,1567239166485
tap2,267,552,1239,636.4107,1275.3357,0.95,1567239167281
tap2,269,552,273,622.4237,303.84174,1.4399999,1567239168148
tap2,268,345,1239,423.6078,1273.3368,1.04,1567239168995
tap2,271,414,1239,467.56708,1319.3129,1.18,1567239169842
tap2,153,621,273,658.3904,317.83444,1.38,1567239170720
tap2,270,414,273,481.5541,311.8376,1.3299999,1567239171608
tap2,87,621,1239,656.3922,1296.3248,1.23,1567239172485
tap2,91,690,1239,742.3127,1279.3336,0.94,1567239173353
tap2,272,483,273,547.49304,299.8438,1.31,1567239174241
tap2,273,483,1239,516.5217,1268.3394,1.3,1567239175108
tap2,53,690,273,751.3043,315.83548,1.53,1567239175895
tap2,277,552,342,621.4246,355.81467,1.3,1567239176813
tap2,276,345,1308,375.65216,1353.2952,1.22,1567239177690
tap2,274,345,342,413.61703,392.7954,1.3299999,1567239178476
tap2,275,552,1308,593.4505,1335.3044,1.01,1567239179242
tap2,183,621,1308,689.3617,1328.3081,1.16,1567239180385
tap2,278,414,342,413.61703,365.80948,1.3299999,1567239181222
tap2,149,621,342,700.3515,401.7907,1.4,1567239182150
tap2,279,414,1308,470.5643,1345.2993,1.03,1567239183007
tap2,281,483,1308,523.51526,1351.2961,1.11,1567239183803
tap2,49,690,342,747.30804,365.80948,1.3299999,1567239184722
tap2,280,483,342,547.49304,345.8199,1.3399999,1567239185630
tap2,185,690,1308,724.32935,1350.2966,1.13,1567239186467
tap2,156,0,825,98.90842,852.55597,0.87,1567239187365
tap2,157,621,204,674.3756,232.87871,1.3299999,1567239188355
tap2,155,621,825,665.3839,844.5601,1.3,1567239189233
tap2,154,0,204,72.93247,262.8631,1.17,1567239190192
tap2,158,0,135,78.92692,176.90785,1.1999999,1567239191274
tap2,159,621,756,670.3793,812.5768,1.3199999,1567239192162
tap2,160,0,756,73.93155,800.583,1.12,1567239193121
tap2,161,621,135,691.35986,162.91515,1.17,1567239194071
tap2,162,0,66,88.91767,118.93805,1.29,1567239195234
tap2,163,621,687,694.35706,722.6236,1.24,1567239196183
tap2,164,0,687,75.929695,728.6205,1.16,1567239197071
tap2,165,621,66,674.3756,92.951584,1.2099999,1567239198010
tap2,169,897,66,952.1184,87.954185,1.1899999,1567239199041
tap2,168,276,687,334.6901,725.6221,1.25,1567239200000
tap2,166,276,66,325.69843,112.94118,1.27,1567239200990
tap2,167,897,687,969.10266,702.63403,1.1999999,1567239201786
tap2,170,138,618,179.8335,641.6658,1.39,1567239202715
tap2,171,759,1239,811.24884,1271.3378,1.1999999,1567239203521
tap2,173,759,618,811.24884,668.65173,1.4499999,1567239204388
tap2,172,138,1239,167.84459,1271.3378,1.18,1567239205286
tap2,177,828,618,853.21,655.6585,1.5,1567239206093
tap2,176,207,1239,235.78168,1260.3435,1.1899999,1567239207032
tap2,174,207,618,249.76874,645.6637,1.26,1567239207920
tap2,175,828,1239,885.1804,1268.3394,1.26,1567239208726
tap2,133,690,66,765.2914,148.92244,1.42,1567239209757
tap2,249,483,1032,535.50415,1085.4347,1.4,1567239210573
tap2,43,690,1032,743.31177,1088.4331,1.38,1567239211532
tap2,248,483,66,483.55228,87.954185,1.41,1567239212440
tap2,251,552,1101,602.4422,1163.394,1.18,1567239213339
tap2,250,345,135,376.65125,149.9219,1.3,1567239214237
tap2,252,345,1101,392.63644,1153.3993,1.09,1567239215176
tap2,253,552,135,611.43384,156.91827,1.52,1567239216043
tap2,254,414,135,460.57355,170.91098,1.49,1567239217074
tap2,139,621,1101,662.38666,1171.3899,1.4,1567239217972
tap2,161,621,135,654.3941,180.90578,1.43,1567239218788
tap2,255,414,1101,451.58188,1162.3945,1.13,1567239219645
tap2,178,276,618,314.70862,664.6538,1.39,1567239220503
tap2,179,897,1239,928.1406,1273.3368,1.05,1567239221330
tap2,181,897,618,979.09344,644.66425,1.3199999,1567239222278
tap2,180,276,1239,338.6864,1271.3378,1.28,1567239223115
tap2,132,69,687,96.91027,743.6127,1.1899999,1567239223952
tap2,185,690,1308,714.33856,1347.2982,1.1899999,1567239224840
tap2,184,69,1308,169.84274,1331.3065,1.0,1567239225759
tap2,131,690,687,747.30804,737.6158,1.3,1567239226565
tap2,127,759,687,820.24054,711.62933,1.4,1567239227402
tap2,187,759,1308,804.2553,1359.292,1.26,1567239228249
tap2,186,138,1308,184.82886,1346.2988,1.1899999,1567239229116
tap2,126,138,66,209.80574,96.9495,1.3399999,1567239230320
tap2,123,828,687,880.185,733.61786,1.3199999,1567239231127
tap2,188,207,1308,278.7419,1360.2915,1.22,1567239232015
tap2,124,207,687,264.75485,711.62933,1.36,1567239232862
tap2,189,828,1308,860.2035,1371.2858,1.14,1567239233678
tap2,317,552,687,585.4579,700.6351,1.26,1567239234433
tap2,316,345,1653,395.63367,1676.127,0.96,1567239235332
tap2,314,345,687,400.62906,704.633,1.26,1567239236199
tap2,315,552,1653,599.44495,1700.1145,1.22,1567239237097
tap2,266,345,273,405.62442,308.83914,1.3199999,1567239237944
tap2,335,483,963,546.494,1030.4633,1.29,1567239238853
tap2,272,483,273,536.50323,309.83862,1.62,1567239239771
tap2,334,345,963,398.6309,1016.4706,1.37,1567239240629
tap2,318,414,687,447.58557,714.6278,1.4,1567239241507
tap2,233,621,1653,661.38763,1707.1108,1.14,1567239242333
tap2,163,621,687,676.3737,749.60956,1.3,1567239243191
tap2,319,414,1653,498.5384,1683.1233,1.1999999,1567239244027
tap2,269,552,273,627.41907,312.83707,1.18,1567239245048
tap2,336,414,963,461.57263,1000.4789,1.4,1567239245966
tap2,337,552,963,619.42645,975.4919,1.35,1567239246762
tap2,270,414,273,482.5532,307.83966,1.1999999,1567239247752
tap2,168,276,687,333.69104,694.6382,1.27,1567239248691
tap2,191,897,1308,955.11566,1379.2816,1.0,1567239249538
tap2,167,897,687,981.0916,721.62415,1.3299999,1567239250406
tap2,190,276,1308,342.6827,1347.2982,1.13,1567239251406
tap2,192,0,1377,70.93432,1413.2639,1.05,1567239252345
tap2,160,0,756,69.93524,780.59344,1.23,1567239253283
tap2,193,621,1377,673.3765,1441.2493,1.4399999,1567239254192
tap2,159,621,756,702.3497,810.5778,1.5699999,1567239254978
tap2,194,69,1377,126.882515,1421.2598,1.09,1567239255886
tap2,59,690,756,727.32654,815.5752,1.48,1567239256733
tap2,60,69,756,119.88899,799.58356,1.4,1567239257683
tap2,195,690,1377,726.32745,1413.2639,1.22,1567239258570
tap2,28,138,756,198.81592,808.57886,1.3399999,1567239259448
tap2,197,759,1377,796.2627,1433.2534,1.09,1567239260367
tap2,27,759,756,839.22296,800.583,1.42,1567239261194
tap2,196,138,1377,172.83997,1403.269,1.12,1567239262081
tap2,84,207,756,280.74005,779.59393,1.23,1567239262990
tap2,199,828,1377,862.20166,1438.2509,1.12,1567239263908
tap2,83,828,756,908.1591,806.5799,1.31,1567239264776
tap2,198,207,1377,266.75302,1415.2628,1.15,1567239265674
tap2,200,276,1377,309.71323,1439.2504,1.09,1567239266603
tap2,119,897,756,945.1249,783.59186,1.4,1567239267491
tap2,120,276,756,326.6975,807.57935,1.3399999,1567239268419
tap2,201,897,1377,938.13135,1408.2665,1.02,1567239269277
tap2,242,345,66,415.61517,80.95783,1.4699999,1567239270338
tap2,347,966,687,1014.06104,745.61163,1.25,1567239271154
tap2,338,966,66,1030.0463,113.94065,1.18,1567239272113
tap2,314,345,687,393.63553,716.6267,1.1999999,1567239273002
tap2,322,345,756,403.62628,796.5851,1.4399999,1567239273900
tap2,339,966,135,1022.05365,167.91254,1.23,1567239274859
tap2,348,966,756,1007.0675,818.57367,1.17,1567239275635
tap2,250,345,135,405.62442,131.93129,1.52,1567239276604
tap2,258,345,204,380.64755,223.88339,1.54,1567239277615
tap2,349,966,825,988.0851,878.5424,1.12,1567239278410
tap2,340,966,204,1025.0509,211.88963,1.1899999,1567239279298
tap2,326,345,825,391.6374,865.5492,1.35,1567239280166
tap2,330,345,894,396.63275,951.5044,1.24,1567239281054
tap2,341,966,273,1026.0499,289.84903,1.1899999,1567239281962
tap2,266,345,273,418.6124,308.83914,1.4699999,1567239282860
tap2,350,966,894,997.0768,947.5065,1.16,1567239283727
tap2,76,207,894,268.75116,951.5044,1.16,1567239284605
tap2,219,828,1515,879.1859,1560.1874,1.06,1567239285565
tap2,218,207,1515,246.77151,1571.1816,1.06,1567239286483
tap2,75,828,894,903.16376,933.5138,1.3299999,1567239287289
tap2,220,276,1515,322.7012,1574.18,0.96,1567239288116
tap2,111,897,894,935.13416,940.51013,1.26,1567239288891
tap2,112,276,894,332.69196,929.51587,1.04,1567239289738
tap2,221,897,1515,966.10547,1569.1827,1.01,1567239290636
tap2,225,690,1584,738.3164,1624.154,1.03,1567239291555
tap2,48,69,963,129.87975,1004.4768,0.95,1567239292453
tap2,47,690,963,758.29785,1022.46747,1.14,1567239293218
tap2,224,69,1584,115.89269,1643.1442,0.97999996,1567239294147
tap2,165,621,66,688.3626,126.93388,1.4499999,1567239295361
tap2,247,414,1032,446.5865,1080.4373,1.06,1567239296188
tap2,143,621,1032,673.3765,1087.4336,1.14,1567239297035
tap2,246,414,66,481.5541,88.95367,1.4,1567239297985
tap2,15,759,963,814.2461,1002.47784,0.84999996,1567239298771
tap2,226,138,1584,188.82516,1621.1556,0.77,1567239299710
tap2,227,759,1584,801.2581,1606.1635,1.1,1567239300649
tap2,16,138,963,186.82701,1005.4763,1.25,1567239301506
tap2,72,207,963,260.75854,996.48096,1.27,1567239302353
tap2,229,828,1584,869.1952,1595.1692,1.18,1567239303231
tap2,71,828,963,911.1564,999.47943,1.4699999,1567239304068
tap2,228,207,1584,250.7678,1631.1504,1.17,1567239304986
tap2,242,345,66,411.61887,102.94638,1.39,1567239306252
tap2,243,552,1032,610.4348,1094.4299,1.12,1567239307160
tap2,244,345,1032,393.63553,1084.4352,1.0799999,1567239308017
tap2,245,552,66,595.44867,86.95471,1.29,1567239308977
tap2,148,0,963,88.91767,1002.47784,1.1899999,1567239309967
tap2,223,621,1584,674.3756,1615.1587,1.16,1567239310896
tap2,147,621,963,685.3654,1003.47736,1.25,1567239311743
tap2,222,0,1584,81.92415,1598.1676,1.02,1567239312681
tap2,252,345,1101,371.65588,1169.3909,1.0799999,1567239313610
tap2,344,966,480,1019.05646,522.7277,1.04,1567239314539
tap2,290,345,480,424.60684,533.722,1.35,1567239315427
tap2,353,966,1101,1001.07306,1105.4242,1.1899999,1567239316243
tap2,345,966,549,1010.06476,616.6788,1.24,1567239317131
tap2,260,345,1170,407.62256,1216.3665,1.26,1567239317968
tap2,354,966,1170,988.0851,1170.3904,1.18,1567239318733
tap2,298,345,549,403.62628,577.6991,1.4499999,1567239319550
tap2,346,966,618,1022.05365,657.6575,1.15,1567239320315
tap2,268,345,1239,378.6494,1286.33,1.23,1567239321163
tap2,355,966,1239,994.0796,1241.3534,0.96999997,1567239321928
tap2,306,345,618,407.62256,634.66943,1.4,1567239322765
tap2,314,345,687,424.60684,721.62415,1.38,1567239323592
tap2,356,966,1308,1031.0453,1350.2966,0.84999996,1567239324387
tap2,347,966,687,1025.0509,746.61115,0.97999996,1567239325244
tap2,276,345,1308,410.6198,1364.2894,0.96,1567239326092
tap2,257,483,1101,526.5125,1142.405,1.0799999,1567239326898
tap2,61,690,135,738.3164,176.90785,1.3299999,1567239327847
tap2,39,690,1101,731.3229,1133.4097,1.05,1567239328796
tap2,256,483,135,551.4894,151.92087,1.22,1567239329704
tap2,258,345,204,392.63644,241.87402,1.22,1567239330684
tap2,259,552,1170,610.4348,1210.3696,1.0799999,1567239331531
tap2,260,345,1170,401.6281,1222.3633,1.16,1567239332296
tap2,261,552,204,603.4413,242.8735,1.4,1567239333184
tap2,157,621,204,693.35803,242.8735,1.35,1567239334001
tap2,263,414,1170,448.58466,1236.3561,1.0699999,1567239334868
tap2,262,414,204,467.56708,236.87662,1.43,1567239335746
tap2,135,621,1170,704.34784,1205.3722,1.23,1567239336522
tap2,244,345,1032,411.61887,1099.4274,1.16,1567239337338
tap2,361,966,1653,966.10547,1704.1124,1.14,1567239338287
tap2,352,966,1032,1011.06384,1078.4382,1.3199999,1567239339134
tap2,316,345,1653,420.61053,1659.1359,1.12,1567239340002
tap2,282,345,411,386.642,449.76575,1.49,1567239340910
tap2,283,552,1377,601.4431,1419.2607,1.3399999,1567239341706
tap2,284,345,1377,423.6078,1439.2504,1.26,1567239342513
tap2,285,552,411,608.43665,454.76312,1.38,1567239343350
tap2,145,621,411,686.3645,435.773,1.4699999,1567239344156
tap2,287,414,1377,462.5717,1402.2697,1.3299999,1567239345064
tap2,193,621,1377,649.3987,1432.254,1.29,1567239345850
tap2,286,414,411,492.54395,463.75845,1.42,1567239346738
tap2,288,483,411,545.49493,462.75897,1.4499999,1567239347534
tap2,195,690,1377,741.3136,1421.2598,1.22,1567239348402
tap2,289,483,1377,541.4986,1411.2649,1.27,1567239349177
tap2,45,690,411,746.30896,443.76886,1.38,1567239350034
tap2,31,690,1170,750.3053,1224.3623,1.2099999,1567239350861
tap2,264,483,204,548.4921,227.8813,1.38,1567239351738
tap2,57,690,204,735.31915,236.87662,1.23,1567239352545
tap2,265,483,1170,501.5356,1229.3596,1.16,1567239353443
tap2,300,345,1515,384.64386,1555.19,0.96999997,1567239354239
tap2,350,966,894,1001.07306,940.51013,1.22,1567239355126
tap2,330,345,894,386.642,900.53094,1.06,1567239355923
tap2,359,966,1515,1000.07404,1537.1993,1.0799999,1567239356800
tap2,351,966,963,997.0768,992.48303,1.29,1567239357606
tap2,308,345,1584,387.64108,1621.1556,1.09,1567239358484
tap2,360,966,1584,1025.0509,1638.1467,0.96,1567239359433
tap2,334,345,963,434.5976,985.4867,1.16,1567239360250
tap2,137,621,549,656.3922,604.68506,1.27,1567239361076
tap2,303,414,1515,478.5569,1552.1915,0.94,1567239361974
tap2,213,621,1515,684.36633,1540.1978,0.88,1567239362811
tap2,302,414,549,488.54764,592.6913,1.3,1567239363740
tap2,254,414,135,501.5356,167.91254,1.3,1567239364638
tap2,329,552,825,590.4533,873.545,1.18,1567239365536
tap2,253,552,135,606.4385,188.90161,1.38,1567239366404
tap2,328,414,825,504.53284,868.5476,1.5699999,1567239367261
tap2,334,345,963,419.61148,1027.4648,1.3299999,1567239368057
tap2,342,966,342,1012.0629,355.81467,1.39,1567239368934
tap2,274,345,342,407.62256,414.78397,1.36,1567239369843
tap2,351,966,963,1003.0712,989.4846,1.18,1567239370659
tap2,282,345,411,454.5791,432.7746,1.55,1567239371517
tap2,352,966,1032,1024.0518,1073.4409,1.0799999,1567239372445
tap2,343,966,411,991.08234,454.76312,1.3299999,1567239373251
tap2,244,345,1032,403.62628,1057.4492,1.1999999,1567239374099
tap2,322,345,756,424.60684,796.5851,1.3,1567239374895
tap2,357,966,1377,1002.07214,1375.2837,1.0699999,1567239375752
tap2,348,966,756,1004.0703,865.5492,1.14,1567239376629
tap2,284,345,1377,388.64014,1416.2623,1.1999999,1567239377507
tap2,292,345,1446,380.64755,1482.228,1.09,1567239378283
tap2,349,966,825,1014.06104,840.5622,1.01,1567239379313
tap2,326,345,825,390.6383,862.5507,1.38,1567239380181
tap2,358,966,1446,981.0916,1418.2612,0.89,1567239381079
tap2,131,690,687,708.3441,756.6059,1.28,1567239381967
tap2,321,483,1653,558.4829,1674.128,0.96,1567239382793
tap2,320,483,687,525.5134,721.62415,1.39,1567239383600
tap2,235,690,1653,771.2858,1684.1228,1.0699999,1567239384437
tap2,362,0,1722,93.91304,1753.0869,0.98999995,1567239385477
tap2,139,621,1101,686.3645,1139.4065,1.2099999,1567239386314
tap2,140,0,1101,72.93247,1165.393,1.05,1567239387181
tap2,371,621,1722,645.4024,1739.0942,0.95,1567239388069
tap2,39,690,1101,752.3034,1149.4014,1.06,1567239388896
tap2,363,69,1722,101.90564,1766.0801,0.91999996,1567239389845
tap2,372,690,1722,719.334,1765.0807,0.87,1567239390661
tap2,40,69,1101,124.88437,1142.405,1.05,1567239391611
tap2,136,0,1170,53.950047,1219.3649,0.87,1567239392478
tap2,386,621,1791,664.3848,1803.0609,0.88,1567239393417
tap2,135,621,1170,675.37463,1223.3628,1.14,1567239394254
tap2,377,0,1791,85.92044,1808.0582,0.94,1567239395264
tap2,31,690,1170,751.3043,1209.3701,1.09,1567239396121
tap2,378,69,1791,96.91027,1837.0432,0.94,1567239397009
tap2,32,69,1170,145.86494,1214.3674,1.14,1567239397917
tap2,387,690,1791,726.32745,1825.0494,0.87,1567239398856
tap2,8,138,1101,210.80481,1124.4143,1.1999999,1567239399764
tap2,373,759,1722,791.26733,1756.0853,0.98999995,1567239400652
tap2,7,759,1101,802.2572,1157.3972,1.0799999,1567239401469
tap2,364,138,1722,173.83904,1760.0833,1.04,1567239402356
tap2,374,828,1722,875.18964,1737.0952,0.94,1567239403265
tap2,64,207,1101,268.75116,1127.4127,1.09,1567239404122
tap2,365,207,1722,231.78539,1766.0801,1.06,1567239404989
tap2,63,828,1101,927.14154,1143.4044,1.2099999,1567239405796
tap2,379,138,1791,196.81776,1842.0405,0.84,1567239406704
tap2,3,759,1170,813.247,1214.3674,1.06,1567239407541
tap2,4,138,1170,160.85106,1184.383,1.04,1567239408418
tap2,388,759,1791,794.2646,1779.0734,0.91999996,1567239409286
tap2,380,207,1791,272.74747,1814.0552,0.89,1567239410286
tap2,35,828,1170,883.18225,1196.3768,1.1999999,1567239411051
tap2,389,828,1791,852.21094,1804.0603,0.85999995,1567239411908
tap2,36,207,1170,263.7558,1179.3857,1.2099999,1567239412694
tap2,100,276,1101,350.6753,1127.4127,1.12,1567239413490
tap2,375,897,1722,929.1397,1757.0848,0.97999996,1567239414317
tap2,99,897,1101,962.1092,1140.406,1.05,1567239415123
tap2,366,276,1722,365.66144,1712.1083,0.93,1567239415949
tap2,368,414,1722,439.59296,1772.077,0.95,1567239416837
tap2,159,621,756,693.35803,792.58716,1.1999999,1567239417674
tap2,371,621,1722,628.41815,1754.0864,1.01,1567239418480
tap2,324,414,756,469.56522,785.5908,1.23,1567239419255
tap2,96,276,1170,325.69843,1192.3789,1.17,1567239420102
tap2,390,897,1791,972.0999,1820.052,0.87,1567239420969
tap2,95,897,1170,953.1175,1144.4039,1.14,1567239421745
tap2,381,276,1791,333.69104,1798.0635,1.01,1567239422714
tap2,385,552,1791,610.4348,1831.0463,0.84999996,1567239423500
tap2,326,345,825,374.6531,860.55176,1.27,1567239424408
tap2,382,345,1791,420.61053,1823.0504,0.84999996,1567239425235
tap2,329,552,825,608.43665,883.5398,1.17,1567239426041
tap2,323,483,756,554.4866,791.5877,1.25,1567239426867
tap2,372,690,1722,726.32745,1761.0828,1.0,1567239427796
tap2,59,690,756,785.2729,798.58405,1.3399999,1567239428602
tap2,369,483,1722,509.52823,1767.0796,0.98999995,1567239429439
tap2,353,966,1101,1020.0555,1074.4404,0.90999997,1567239430398
tap2,367,345,1722,403.62628,1710.1093,1.13,1567239431388
tap2,252,345,1101,394.6346,1122.4154,1.17,1567239432143
tap2,376,966,1722,981.0916,1754.0864,0.97999996,1567239433041
tap2,383,414,1791,478.5569,1823.0504,0.9,1567239433898
tap2,155,621,825,665.3839,879.5419,1.16,1567239434704
tap2,328,414,825,461.57263,878.5424,1.13,1567239435572
tap2,386,621,1791,670.3793,1838.0426,0.81,1567239436469
tap2,55,690,825,753.3025,870.5466,1.06,1567239437255
tap2,384,483,1791,529.5097,1844.0396,0.9,1567239438143
tap2,327,483,825,537.5023,862.5507,1.03,1567239438990
tap2,387,690,1791,717.3358,1823.0504,0.84,1567239439817
drag1,2,387.64108,694.6382,1.01,3603.573308,68.5502938298291
drag1,3,671.37836,926.5174,0.78999996,2771.437539,60.555628429283566
drag1,4,681.3691,690.64026,0.89,2117.9963079999998,67.84178459232714
drag1,5,415.73264,941.5096,0.87,2625.145616,55.38395960782736
drag1,9,386.642,803.08167,0.91999996,2073.667924,80.38408115603104
drag1,17,681.3132,1058.4487,0.96,2349.49923,66.14456033280806
drag1,16,411.67303,1103.4253,0.88,2337.692616,65.05138564775368
drag1,7,687.3635,822.6349,0.83,2296.241461,67.77305338044381
drag1,4,699.3527,681.6452,0.89,1961.4489239999998,61.025018343138655
drag1,10,434.5976,377.80322,0.87,3002.3445389999997,67.32063915501693
drag1,2,386.642,639.6668,0.94,2467.4798459999997,57.546418508670016
drag1,11,660.3015,366.80893,1.01,2662.006923,61.828566647066715
drag1,4,713.3395,598.6882,0.64,1969.753,69.17681858450985
drag1,18,423.66803,1198.4362,0.9,2836.719385,62.29818518753802
drag1,2,399.55704,638.66736,0.84999996,3369.436539,77.08129391989713
drag1,19,686.3645,1208.3706,0.9,3166.655616,59.33739327119675
drag1,13,716.33673,216.88704,0.79999995,3358.2997699999996,73.67804795334814
drag1,6,402.6272,490.7333,0.90999997,4672.632461,70.13250197800988
drag1,12,399.4994,234.87766,1.01,2929.443077,69.87504305368653
drag1,8,661.13696,458.76105,1.01,2573.239231,70.13192009828832
drag1,19,644.4033,1192.3789,0.74,3485.652846,71.51538540942431
drag1,22,380.64755,1495.3213,0.75,3661.866001,63.02068543038553
drag1,18,396.65045,1266.3405,1.02,2492.8463079999997,71.83882678612625
drag1,23,648.39966,1448.2456,0.93,2319.282384,69.1388330040136
drag1,14,388.64014,41.978134,0.83,3272.304538,99.22619865604457
drag1,11,668.3811,335.82507,0.84,3389.295385,71.38789016892312
drag1,10,410.6198,385.79904,0.89,2452.421231,55.450974449965344
drag1,15,677.3728,77.9594,1.03,2752.475231,80.8208626636118
drag1,17,683.2368,1072.4414,0.95,3645.185462,68.39971977300421
drag1,20,422.6087,1339.3024,0.98999995,5369.005462,72.30442651923617
drag1,21,647.4006,1369.0735,0.79999995,3421.1796919999997,81.193372583059
drag1,16,415.61517,1090.3541,0.76,1766.9959239999998,74.94694930945231
drag1,24,257.76132,67.9646,1.15,2796.662154,77.54920838563866
drag1,26,544.49585,333.6835,0.97999996,3277.8762309999997,65.25925675775069
drag1,27,278.7419,340.9727,0.95,2684.064,66.85324516623105
drag1,25,556.48474,66.03092,1.0,2072.235769,103.19107201975163
drag1,66,840.22205,1507.302,0.91999996,2206.776308,66.08298345255662
drag1,41,566.47546,1246.3508,0.77,1900.641077,68.91487093411718
drag1,42,583.4598,1460.2394,0.78999996,1534.3633849999999,58.66781321318971
drag1,65,830.30176,1259.5557,0.76,3013.057,62.87061874981093
drag1,36,266.75302,771.5981,0.82,4300.839769,74.81810120959322
drag1,38,549.4912,1049.4534,0.90999997,2238.0439229999997,60.395918079538355
drag1,39,298.72342,1078.4382,0.71,2125.6082309999997,64.78674316665722
drag1,37,544.49585,833.56586,0.93,1673.540615,69.36527264948566
drag1,16,417.6133,1041.4575,0.95,3441.9735389999996,64.597221394537
drag1,56,86.91952,1342.6913,0.96999997,2336.742154,63.47662737556636
drag1,20,357.66882,1333.3055,0.84,3552.1464619999997,66.00297220134956
drag1,53,132.87697,1061.4471,0.81,1785.9928459999999,71.8646301962484
drag1,59,844.2183,219.88547,1.61,3490.886,73.5268688280614
drag1,30,526.5125,493.74283,0.74,2447.302462,66.69284034259707
drag1,29,556.48474,223.79091,0.84999996,2236.471692,67.27182942806523
drag1,60,821.2396,468.25613,0.84999996,3030.562692,75.7935917056167
drag1,33,554.5578,634.66943,0.78,2378.963692,71.04398907091667
drag1,62,855.2081,900.85834,0.83,2387.611462,65.89696302853194
drag1,61,789.7687,633.6699,0.97999996,2386.5626159999997,70.85724193105159
drag1,34,577.46533,945.5075,1.03,2378.1006159999997,55.08814685632103
drag1,6,414.6161,506.73605,0.77,2650.1091539999998,70.95837697489597
drag1,48,97.90935,237.85861,1.0699999,2342.649615,64.87574195978205
drag1,12,382.6457,189.89409,0.96999997,2837.8156919999997,73.00356531505774
drag1,49,107.90009,481.81894,1.01,3520.763539,73.47408369777368
drag1,51,124.88437,924.51843,0.68,2054.722615,54.784526417474765
drag1,2,376.65125,640.6663,0.96999997,2362.539001,67.8873930007383
drag1,5,420.59842,914.5237,0.93,1500.527,56.55785202068017
drag1,50,122.839745,618.67773,0.96,1582.9928459999999,70.808790682858
drag1,37,562.4792,785.6034,0.95,2128.2997689999997,58.05680056178567
drag1,64,843.21924,1049.4534,0.91999996,2582.754924,64.41785978439087
drag1,38,555.48566,1040.9578,0.72999996,1653.2063839999998,69.62460155392847
drag1,63,805.2544,812.5768,0.81,3037.7622309999997,76.8225123513245
drag1,29,531.5079,225.88235,1.04,2245.7312309999998,61.046092591656844
drag1,31,286.75974,458.76105,1.05,2664.1253079999997,63.11856984223228
drag1,28,262.7567,217.8865,0.95,2083.046385,74.91668011593447
drag1,30,556.51483,445.76782,1.1999999,3368.5232309999997,71.21677581180771
drag1,42,520.51807,1492.2228,0.9,4132.220692,61.568955262880706
drag1,40,266.75302,1208.3706,0.78999996,1889.530385,55.91401602825374
drag1,41,514.5236,1194.3779,0.75,1244.70177,57.00997181356234
drag1,43,281.73914,1461.2389,0.75,2273.395846,67.42588018124788
drag1,45,273.74652,1406.2537,0.82,2812.737,62.195489853341456
drag1,82,551.4894,1632.1626,0.72999996,3031.0513849999998,61.19078479601038
drag1,80,261.75763,1627.1525,0.66999996,1961.9435389999999,68.2037952638411
drag1,44,524.51434,1387.3809,0.83,2419.119769,66.71332293745417
drag1,57,830.23126,89.95315,1.1999999,2078.712462,60.31888079119551
drag1,26,554.3996,361.81155,1.01,3317.807078,73.42609272428228
drag1,58,822.23865,316.83496,0.94,2665.6415389999997,70.066744412097
drag1,25,530.0093,81.95731,1.13,3053.733001,57.06225814875772
drag1,64,849.2137,1068.4435,1.0,2716.795385,55.655363987506654
drag1,44,544.49585,1355.2941,0.66999996,2107.221,62.22459341862183
drag1,38,554.4866,1125.4138,0.94,1983.1886149999998,56.82769634695071
drag1,67,862.20166,1360.2915,0.69,2956.4753849999997,61.296073053625335
drag1,9,417.93326,798.58405,0.90999997,2792.914154,75.9561526685251
drag1,53,140.02786,1069.6005,1.01,2134.1264619999997,65.0541122760288
drag1,16,378.84555,1060.4476,0.79999995,3103.513308,59.17429802271867
drag1,52,137.87234,752.608,0.71999997,1307.7544619999999,71.88331494709244
drag1,74,988.0851,748.236,0.66999996,3166.803924,73.75173836274202
drag1,17,699.459,1038.246,0.79999995,2026.7718459999999,65.35376989911343
drag1,75,936.13324,1060.5822,0.76,1653.3873839999999,65.0037720279524
drag1,7,670.314,780.59344,1.13,3808.9137699999997,60.81815499737181
drag1,70,952.1184,242.8735,1.43,4522.029845999999,73.15623843863942
drag1,8,677.3728,503.7376,1.43,3131.6536149999997,63.58980097103016
drag1,13,713.3395,269.85944,1.1999999,2941.8150769999997,41.617689804454855
drag1,71,732.3219,266.861,1.36,471.17199999999997,378.41379467455994
drag1,78,947.12305,1362.2904,0.96999997,4487.344539,63.060508951820886
drag1,83,714.33856,1669.1306,1.09,2740.300308,78.1082143753619
drag1,21,673.3765,1398.2717,1.2099999,4055.120462,68.00512806284912
drag1,85,953.1175,1682.1553,1.17,3060.125001,66.59986181915261
drag1,19,690.3608,1254.3467,0.81,2547.464615,55.89046568283951
drag1,77,945.1249,1505.216,1.03,4554.472462,64.51956600572352
drag1,76,946.12396,1256.4435,0.84999996,2663.865461,56.94093778839113
drag1,23,685.3654,1510.2134,0.84999996,2985.697385,68.24335720523327
drag1,15,691.35986,60.968243,1.1,5614.007616,75.21229562437776
drag1,69,949.1212,363.81052,0.90999997,3281.1255389999997,72.1479741404328
drag1,11,666.64404,334.8256,1.01,3367.734462,75.24752957672725
drag1,68,951.1193,75.960434,0.98999995,3048.0661539999996,71.18838599323821
drag1,21,687.3635,1382.28,0.81,3442.841461,68.71647596933514
drag1,75,951.1193,1103.4253,1.01,1806.8841539999999,69.24834671184229
drag1,17,684.36633,1086.4341,0.89,2565.891231,69.51463252866236
drag1,78,978.09436,1353.2952,0.90999997,2779.203616,67.4520313236352
drag1,54,97.40981,1219.3649,0.83,3011.776462,73.17892638805922
drag1,22,402.6272,1481.3264,0.79999995,2308.9796929999998,61.08438686717751
drag1,18,400.62906,1221.3639,0.77,2031.753462,70.98688427950223
drag1,55,122.886215,1482.228,0.71,2454.527385,67.48698413964522
drag1,67,835.2266,1356.2936,0.91999996,3370.407769,74.03342941203303
drag1,82,535.50415,1636.1478,1.37,3513.8903849999997,57.519669308359106
drag1,84,823.885,1663.4294,1.05,2709.883231,78.69482886371604
drag1,44,544.49585,1385.2784,1.4499999,7662.993154,70.8951923741624
drag1,38,565.12274,1147.7252,1.18,4937.109923999999,53.055411201864096
drag1,45,244.77336,1369.2867,1.3,4785.463,59.113178637174926
drag1,44,490.5458,1406.2676,1.1,4261.398539,65.1757573408918
drag1,39,236.78076,1095.4294,1.43,4306.57,95.52275060523871
drag1,56,121.887146,1328.3081,0.81,2738.541615,75.15589064331374
drag1,81,376.65125,1640.1458,1.16,2097.292539,66.76547676268633
drag1,20,408.62164,1371.2858,1.27,3424.145462,62.88965298511608
drag1,79,91.914894,1683.1296,1.04,2572.436769,59.75235523331321
drag1,33,498.5384,708.6309,1.03,5876.782693,53.314325146064355
drag1,35,262.52084,939.27466,1.03,3185.2300769999997,67.35229733317155
drag1,34,507.53006,984.48724,1.02,3548.993462,56.997716140879
drag1,32,964.1073,1021.46796,0.14999999,3082.840154,778.4378316428958
drag1,9,320.70306,701.6345,0.85999995,878.461231,163.66176701119593
drag1,8,679.371,442.76938,1.29,4091.703231,78.05017344709961
drag1,6,440.59204,499.73972,1.22,2387.896154,76.9495769131834
drag1,7,708.3441,783.59186,0.96,1929.758308,61.258146000648665
drag1,14,408.62164,58.969284,0.82,2321.163769,86.83745396330829
drag1,47,123.88529,356.81415,0.85999995,2533.638462,62.233420411809014
drag1,46,114.893616,56.942253,1.0699999,2213.081308,74.26885474297424
drag1,10,391.13785,323.83133,1.04,2256.982923,79.11839109710712
drag1,4,672.37744,675.6481,1.05,2719.214231,50.806842828775785
drag1,73,968.1816,925.6739,1.04,3453.3849999999998,62.171105154794034
drag1,72,982.09064,668.65173,0.89,1522.795923,77.91022038702191
drag1,3,692.35895,919.52106,0.88,3259.187692,66.20209357507302
scale1,27,-1.0706005,1398.155231
scale1,46,30.122108,920.417692
scale1,26,-0.23442078,1785.7815389999998
scale1,4,45.10135,1105.4830769999999
scale1,43,2.5060158,1222.853231
scale1,25,2.9239426,1102.4055389999999
scale1,42,0.34201813,1007.4929999999999
scale1,23,-11.772949,1334.544308
scale1,5,13.191799,950.443462
scale1,24,-7.4508076,1259.18823
scale1,19,-3.8742256,832.244616
scale1,2,6.4420395,1153.707077
scale1,44,0.10409546,988.675847
scale1,65,20.729897,855.62923
scale1,45,-2.4791508,682.7029229999999
scale1,28,-0.045764923,1071.9956929999998
scale1,13,-11.960798,1407.875538
scale1,56,27.032375,851.143462
scale1,40,16.206207,1237.1190769999998
scale1,41,208.6385,627.824692
scale1,6,1.222126,1243.7889229999998
scale1,51,8.316032,915.4873849999999
scale1,36,-8.97353,1181.8696149999998
scale1,21,-2.8757744,1140.747923
scale1,8,-2.7328835,1163.0973079999999
scale1,57,48.204025,765.331769
scale1,39,-4.059946,722.601769
scale1,9,-18.035036,776.111769
scale1,58,68.78145,795.319385
scale1,47,61.756588,744.484461
scale1,1,3.0796394,887.351693
scale1,35,2.567505,845.0704619999999
scale1,3,4.456295,1295.389923
scale1,17,2.977913,1561.064384
scale1,53,-3.547863,889.64
scale1,34,8.812408,742.558846
scale1,18,27.220001,721.86723
scale1,50,9.9463005,745.195615
scale1,62,28.981522,653.161154
scale1,66,37.189373,653.0607689999999
scale1,20,-5.0911674,1040.844538
scale1,37,-4.1541195,908.3682299999999
scale1,32,-137.52507,764.567539
scale1,31,15.893372,1111.959077
scale1,49,19.644413,1386.228154
scale1,7,15.041107,827.206001
scale1,15,-18.009338,813.7967689999999
scale1,10,9.184467,814.128385
scale1,60,53.23178,671.740231
scale1,63,21.840683,743.4049229999999
scale1,59,-7.068054,882.980692
scale1,55,-3.0727386,1335.133231
scale1,14,-1.3069954,1596.3208459999998
scale1,12,32.29898,704.474616
scale1,54,21.599499,806.209847
scale1,52,34.3194,906.3703079999999
scale1,48,1.9496956,1164.060693
scale1,30,19.425098,939.187385
scale1,16,8.331585,2763.7136149999997
scale1,11,27.909634,816.030847
scale1,61,23.380142,947.455385
scale1,38,17.081097,926.338539
scale1,29,6.6653366,906.5586149999999
scale1,64,108.869736,816.073308
scale1,22,31.822277,950.393385
scale1,33,-2.1463509,1808.5420769999998
scale2,25,-3.8105392,3450.896385
scale2,9,-8.721502,2347.022154
scale2,28,-20.337667,3431.0473079999997
scale2,10,-8.74177,2542.093847
scale2,29,6.8021336,2358.998616
scale2,12,-0.4303379,2951.165539
scale2,30,3.7474709,2289.0516159999997
scale2,13,-5.1209393,3103.272
scale2,32,-6.693495,3143.9756159999997
scale2,15,-4.5621986,3335.977461
scale2,34,19.761303,2025.364231
scale2,17,-5.178154,3155.0924609999997
scale2,1,-18.652697,3479.1916929999998
scale2,20,12.6273365,2499.0345389999998
scale2,3,-7.9782143,4738.327539
scale2,24,-16.815216,3970.7033079999997
scale2,16,19.77257,3040.1801539999997
scale2,2,7.7335567,4636.958692
scale2,23,-4.7514668,1938.592539
scale2,7,-16.239733,1920.860923
scale2,11,-0.29387856,2704.421078
scale2,14,-0.44739532,2299.1839999999997
scale2,26,-10.938589,3215.273154
scale2,35,10.258873,2094.199615
scale2,21,-3.850256,2808.264385
scale2,22,-2.6418858,2316.961769
scale2,27,-12.272718,2318.075
scale2,36,9.5467415,2523.642539
scale2,31,11.699501,2112.85477
scale2,19,-16.623304,2860.269769
scale2,4,4.601475,3286.9699229999997
scale2,8,50.53572,2418.627846
scale2,5,-7.198168,2634.025769
scale2,33,17.447536,2867.547307
scale2,18,-3.5227032,1664.358231
scale2,6,6.7408905,1542.016077
