scale1,27,-143.02307,1960.959846
scale1,46,-38.221146,1440.577462
scale1,27,-5.2913246,1957.9096929999998
scale1,46,3.268261,1226.096
scale1,26,174.80034,2247.587846
scale1,27,-37.092007,1101.35377
scale1,46,-9.842222,1264.930154
scale1,26,-148.52396,2206.595308
scale1,27,55.908222,1458.016693
scale1,46,3.95858,1093.534615
scale1,26,109.69302,3541.251154
scale1,4,-38.461266,1683.321616
scale1,43,55.625496,1134.64323
scale1,25,-23.273249,1613.4985379999998
scale1,42,81.891815,1155.054692
scale1,23,22.553043,898.908461
scale1,5,-139.78816,1110.915231
scale1,24,205.30212,2055.090307
scale1,19,-87.62898,2451.738077
scale1,2,-87.62898,951.85123
scale1,44,135.93213,1594.355001
scale1,65,69.8976,1094.019769
scale1,45,96.28452,889.8453079999999
scale1,28,-27.58703,2478.823539
scale1,27,104.00283,1253.134077
scale1,46,-43.913624,1280.187461
scale1,26,79.248024,1185.077923
scale1,4,129.32597,1185.060923
scale1,43,-144.80603,1114.392846
scale1,25,36.647198,1716.3927689999998
scale1,42,33.237625,1288.399846
scale1,23,-87.42335,1287.572
scale1,5,-143.62303,1053.508231
scale1,24,-74.71347,1406.683153
scale1,19,339.03198,2064.539769
scale1,2,100.00838,2378.320385
scale1,44,-20.578114,1602.672462
scale1,65,-4.6065845,1819.194231
scale1,45,5.2568893,928.475154
scale1,28,-110.246704,2194.829615
scale1,27,10.007343,1381.295077
scale1,46,-12.218359,1165.344539
scale1,26,-12.218359,81.479385
scale1,4,-136.81606,549.178308
scale1,27,-6.2632885,1266.746692
scale1,46,-15.873922,1543.3213839999999
scale1,26,-45.97562,1551.7696919999998
scale1,4,8.720123,1716.050231
scale1,43,-144.58684,1247.790616
scale1,25,-126.39791,1522.741
scale1,42,21.178997,1421.0252309999998
scale1,23,28.557621,1205.4626919999998
scale1,5,-18.049284,1410.680384
scale1,24,-15.312521,1850.384001
scale1,19,32.797348,1267.2993079999999
scale1,2,-1.845274,1697.4830769999999
scale1,44,4.943779,2075.484231
scale1,65,-8.762489,1196.690692
scale1,45,-15.42247,1237.0303079999999
scale1,28,0.44130707,1220.728462
scale1,13,-150.10966,1349.797077
scale1,56,-139.63646,1941.613846
scale1,40,-29.73163,2890.128077
scale1,41,-2.7245579,1276.361154
scale1,6,-19.086359,1327.907
scale1,51,221.73843,1880.6856149999999
scale1,36,15.049519,1306.526308
scale1,21,-105.20442,2320.349154
scale1,8,-14.057127,1420.2657689999999
scale1,57,31.879818,1052.0783079999999
scale1,39,35.579876,1163.716308
scale1,9,-21.2398,1770.952231
scale1,58,12.410088,1196.497846
scale1,47,17.627941,988.7843849999999
scale1,1,-182.22421,1665.1899999999998
scale1,35,-28.313519,2116.2845389999998
scale1,3,-35.052258,1563.1296149999998
scale1,17,0.9017029,1134.860615
scale1,53,-23.966537,1686.0371539999999
scale1,34,-3.1336956,1175.768846
scale1,18,-8.753099,1192.828231
scale1,50,106.63701,2490.1628459999997
scale1,62,2.4121857,1453.285924
scale1,66,21.723679,1237.414154
scale1,20,-111.0531,2159.668846
scale1,37,47.789394,1019.753846
scale1,32,144.88928,1723.728461
scale1,31,-107.41316,1584.611846
scale1,49,-1.4214935,1155.384001
scale1,7,72.6656,1083.270231
scale1,15,-34.475544,1174.8706929999998
scale1,10,105.0214,1316.769462
scale1,60,44.564495,1196.612308
scale1,63,-20.431309,1124.526308
scale1,59,-1.264286,1165.613539
scale1,55,49.97897,897.8911539999999
scale1,14,-21.535383,998.054308
scale1,12,-36.947998,1233.957154
scale1,54,-22.982626,1472.777462
scale1,52,-29.296503,971.404692
scale1,48,-22.9548,1438.100692
scale1,30,-15.945059,1258.092001
scale1,16,-18.81716,1920.8724619999998
scale1,11,-32.36713,1236.2833839999998
scale1,61,9.532425,1084.4379999999999
scale1,38,-145.34952,1315.2644619999999
scale1,29,-33.109993,2228.910539
scale1,64,-3.9049358,1002.8357699999999
scale1,22,-15.684168,1145.080307
scale1,33,-27.80856,1202.352385
scale2,25,-456.50076,1634.6209239999998
scale2,25,-61.536682,1826.593154
scale2,9,-466.27502,2708.0911539999997
scale2,25,-36.744514,1328.820231
scale2,9,3.1852055,1279.359385
scale2,28,-101.56623,1758.357615
scale2,10,-91.00139,1104.060923
scale2,29,-81.593185,1492.418
scale2,12,-46.04918,1246.3739229999999
scale2,30,-126.10285,1360.060923
scale2,13,-20.58434,1798.870616
scale2,32,-16.400488,1176.257154
scale2,15,-7.3604336,1308.080385
scale2,34,-93.52362,1184.885538
scale2,17,-457.57364,1257.903769
scale2,1,-72.34656,4887.438231
scale2,20,20.449139,1062.846308
scale2,3,65.77693,1236.341846
scale2,24,140.45865,1247.424231
scale2,16,-451.37775,1829.458692
scale2,2,-70.56554,1590.948847
scale2,23,-26.535112,1104.022769
scale2,7,-61.233932,1795.311154
scale2,11,-51.19504,1359.471231
scale2,14,-13.977894,1941.8519999999999
scale2,26,-402.18243,1686.153615
scale2,35,-45.870106,2443.140692
scale2,21,40.263565,1144.106769
scale2,22,-67.02401,2531.111308
scale2,27,-77.34064,3473.0839229999997
scale2,36,100.280945,1000.260692
scale2,31,-12.27467,1070.325
scale2,19,-24.590504,1110.596769
scale2,4,-401.33105,3821.368
scale2,8,-28.293285,2147.057077
scale2,5,-534.68555,1676.753462
scale2,33,-454.89938,1297.0179229999999
scale2,18,-64.447205,2024.293692
scale2,6,-19.037338,2177.901
rotate1,9,4.776869,1982.855231
rotate1,4,3.2868671,2543.872924
rotate1,13,-18.22454,2893.285923
rotate1,6,4.9840946,2493.59377
rotate1,15,3.4086857,1891.5093849999998
rotate1,2,-10.331334,2859.471385
rotate1,10,-9.79554,2759.1068459999997
rotate1,5,-13.947865,1999.283154
rotate1,9,5.9129963,1837.711846
rotate1,4,5.1149406,1438.668385
rotate1,13,3.9479408,1185.320538
rotate1,6,4.228813,1621.475
rotate1,15,2.0746784,1308.5445379999999
rotate1,2,4.486681,1441.214616
rotate1,10,2.9297943,1953.1953079999998
rotate1,5,2.778782,1951.0300009999999
rotate1,14,-16.183502,1377.967616
rotate1,8,5.1257114,1482.9121539999999
rotate1,11,5.669945,1747.9674619999998
rotate1,7,1.6230488,1523.8093079999999
rotate1,1,1.6341991,1461.69577
rotate1,12,4.779436,1391.298769
rotate1,3,5.6377354,1370.434385
rotate2,2,-72.76486,4148.639693
rotate2,13,-76.75111,5159.854924
rotate2,8,12.524155,3698.1131539999997
rotate2,3,-0.21710205,2922.661231
rotate2,7,-70.74505,2848.708616
rotate2,12,1.0228653,3237.3492309999997
rotate2,1,-74.8813,4218.955539
rotate2,11,-74.65407,2706.5276919999997
rotate2,6,-1.7970047,2399.734462
rotate2,10,-74.98495,92.957077
rotate2,5,-75.52314,529.295923
rotate2,2,-0.18397522,3063.765539
rotate2,2,-4.347191,2391.061077
rotate2,13,4.452446,3525.969154
rotate2,8,-73.73599,2249.5898469999997
rotate2,3,-69.44001,2408.25377
rotate2,7,-75.0,3821.968539
rotate2,12,8.212326,4241.691924
rotate2,1,-63.580776,3359.076154
rotate2,11,-7.6544876,3994.503539
rotate2,6,-2.0701065,2586.224692
rotate2,10,37.084023,3237.8108469999997
rotate2,5,-73.004105,2973.806615
rotate2,15,7.777687,3452.341462
rotate2,9,-3.2607727,2841.384462
rotate2,4,-63.92342,4074.601077
rotate2,14,8.760475,3863.7869229999997
tap1,2,288,642,389.63922,734.6174,2.18,1567303164938
tap1,3,576,930,685.3654,1042.457,2.21,1567303165594
tap1,4,576,642,661.38763,693.63873,1.7199999,1567303166258
tap1,5,288,930,367.65958,969.49506,2.5,1567303167024
tap1,9,288,786,393.63553,842.56116,2.52,1567303167739
tap1,17,576,1074,648.39966,1126.4133,2.3,1567303168495
tap1,16,288,1074,420.61053,1110.4216,1.9499999,1567303169230
tap1,7,576,786,698.3534,872.54553,2.47,1567303170017
tap1,4,576,642,635.4117,745.61163,2.4299998,1567303170691
tap1,10,288,354,401.6281,408.78708,2.33,1567303171508
tap1,2,288,642,369.6577,720.62463,2.51,1567303172326
tap1,11,576,354,654.3941,435.773,2.4299998,1567303173224
tap1,4,576,642,635.4117,694.6382,2.3799999,1567303173970
tap1,18,288,1218,396.63275,1302.3217,2.1399999,1567303174838
tap1,2,288,642,396.63275,690.64026,2.1599998,1567303175726
tap1,19,576,1218,621.4246,1281.3326,2.0,1567303176493
tap1,13,576,210,711.3414,287.85007,2.4199998,1567303177300
tap1,6,288,498,346.67902,509.7345,2.48,1567303178106
tap1,12,288,210,348.67715,305.8407,2.01,1567303178985
tap1,8,576,498,658.3904,538.7194,2.27,1567303179751
tap1,19,576,1218,658.3904,1255.3462,2.2,1567303180568
tap1,22,288,1506,379.64847,1573.1805,1.51,1567303181436
tap1,18,288,1218,403.62628,1241.3534,1.15,1567303182222
tap1,23,576,1506,621.4246,1567.1837,2.07,1567303183029
tap1,14,288,66,355.6707,153.91983,1.3199999,1567303184387
tap1,11,576,354,694.35706,394.79437,1.6999999,1567303185093
tap1,10,288,354,333.69104,423.77927,2.08,1567303185930
tap1,15,576,66,694.35706,116.939095,1.56,1567303187043
tap1,17,576,1074,629.41724,1141.4055,2.1399999,1567303187759
tap1,20,288,1362,418.6124,1418.2612,1.37,1567303188504
tap1,21,576,1362,691.35986,1401.2701,2.18,1567303189321
tap1,16,288,1074,406.6235,1113.42,1.5899999,1567303190087
tap1,9,288,786,363.66327,806.5799,2.2,1567303190874
tap1,8,576,498,645.4024,486.74646,2.46,1567303191579
tap1,6,288,498,378.6494,556.71,2.2,1567303192294
tap1,7,576,786,706.346,810.5778,2.09,1567303192978
tap1,24,144,66,236.78076,152.92035,1.64,1567303194173
tap1,26,432,354,541.4986,435.773,2.11,1567303194939
tap1,27,144,354,262.7567,415.78345,0.55,1567303195858
tap1,25,432,66,512.52545,132.93076,2.12,1567303196986
tap1,66,720,1506,800.25903,1511.2129,1.8,1567303197810
tap1,41,432,1218,567.47455,1257.3451,1.93,1567303198545
tap1,42,432,1506,556.48474,1541.1973,2.21,1567303199332
tap1,65,720,1218,796.2627,1253.3472,1.8399999,1567303200179
tap1,36,144,786,243.77429,840.5622,2.21,1567303201119
tap1,38,432,1074,548.4921,1171.3899,1.62,1567303201977
tap1,39,144,1074,268.75116,1102.4258,1.5799999,1567303202794
tap1,37,432,786,556.48474,830.5674,1.77,1567303203519
tap1,16,288,1074,384.64386,1175.3878,1.86,1567303204286
tap1,56,0,1362,167.84459,1440.2499,1.3299999,1567303205909
tap1,20,288,1362,415.61517,1416.2623,2.32,1567303206696
tap1,53,0,1074,147.8631,1150.4008,2.19,1567303207809
tap1,59,720,210,818.2424,319.8334,2.1699998,1567303208688
tap1,30,432,498,542.4977,493.74283,1.9699999,1567303209413
tap1,29,432,210,531.5079,257.8657,1.89,1567303210261
tap1,60,720,498,750.3053,577.6991,2.06,1567303210894
tap1,33,432,642,494.54208,733.61786,1.65,1567303211681
tap1,62,720,930,804.2553,962.49866,1.67,1567303212334
tap1,61,720,642,808.25165,741.6137,1.5899999,1567303213100
tap1,34,432,930,539.5005,973.4929,2.21,1567303213805
tap1,6,288,498,409.62073,561.70746,2.11,1567303214571
tap1,48,0,210,115.89269,272.85788,2.21,1567303215643
tap1,12,288,210,408.62164,253.86777,2.01,1567303216348
tap1,49,0,498,138.87141,572.7017,0.88,1567303217216
tap1,51,0,930,138.87141,1022.46747,1.9399999,1567303218156
tap1,2,288,642,376.65125,710.6299,2.49,1567303218953
tap1,5,288,930,353.67252,927.5169,2.29,1567303219627
tap1,50,0,642,159.85199,754.60693,2.11,1567303220495
tap1,37,432,786,533.50604,818.57367,2.35,1567303221128
tap1,64,720,1074,820.24054,1127.4127,1.99,1567303221813
tap1,38,432,1074,535.50415,1156.3977,2.31,1567303222487
tap1,63,720,786,811.24884,861.5513,2.08,1567303223284
tap1,29,432,210,503.53375,246.87141,1.8399999,1567303224121
tap1,31,144,498,217.79834,567.7043,1.9699999,1567303224938
tap1,28,144,210,305.71692,309.83862,2.1399999,1567303225756
tap1,30,432,498,529.5097,542.71735,2.1599998,1567303226644
tap1,42,432,1506,544.49585,1612.1603,1.3,1567303227441
tap1,40,144,1218,276.74374,1286.33,1.17,1567303228381
tap1,41,432,1218,531.5079,1217.366,1.9399999,1567303229096
tap1,43,144,1506,247.77058,1570.1821,1.8399999,1567303230219
tap1,45,144,1362,286.7345,1442.2488,1.8,1567303231006
tap1,82,432,1650,496.54025,1664.1332,2.12,1567303231762
tap1,80,144,1650,265.75394,1702.1134,1.8199999,1567303232507
tap1,44,432,1362,537.5023,1460.2394,2.34,1567303233223
tap1,57,720,66,812.2479,205.89276,2.21,1567303234274
tap1,26,432,354,506.531,378.8027,2.32,1567303234990
tap1,58,720,354,836.2257,376.80374,2.2,1567303235633
tap1,25,432,66,551.4894,154.91931,2.4299998,1567303236450
tap1,64,720,1074,803.2562,1091.4315,1.8199999,1567303237206
tap1,44,432,1362,522.5162,1434.2529,2.03,1567303237911
tap1,38,432,1074,574.4681,1114.4196,2.06,1567303238585
tap1,67,720,1362,803.2562,1379.2816,2.01,1567303239320
tap1,9,288,786,443.58926,896.533,2.36,1567303240025
tap1,53,0,1074,132.87697,1137.4076,2.03,1567303240903
tap1,16,288,1074,401.6281,1110.4216,2.3,1567303241619
tap1,52,0,786,174.83812,879.5419,1.93,1567303242394
tap1,74,864,786,917.1508,740.61426,2.1,1567303243140
tap1,17,576,1074,651.39685,1152.3998,1.88,1567303243824
tap1,75,864,1074,945.1249,1104.4248,1.93,1567303244447
tap1,7,576,786,715.33765,831.5669,2.24,1567303245142
tap1,38,288,66,394.6346,92.951584,1.92,1567303246041
tap1,45,0,354,139.87048,431.77512,2.02,1567303246899
tap1,44,0,66,69.93524,215.88756,0.78,1567303247961
tap1,39,288,354,389.63922,406.78812,1.36,1567303248707
tap1,14,288,1506,420.61053,1558.1884,1.79,1567303250045
tap1,47,0,1794,173.83904,1847.038,1.05,1567303250882
tap1,46,0,1506,131.8779,1585.1743,1.52,1567303251750
tap1,10,288,1794,354.6716,1780.0729,1.3,1567303252486
tap1,22,864,210,994.0796,198.89641,1.99,1567303253640
tap1,86,576,498,636.4107,639.6668,2.12,1567303254417
tap1,55,576,210,685.3654,252.86829,1.9399999,1567303255234
tap1,88,864,498,928.1406,572.7017,1.8399999,1567303255908
tap1,70,864,1362,952.1184,1406.2676,1.9799999,1567303256766
tap1,8,576,1650,683.36725,1712.1083,1.88,1567303257440
tap1,13,576,1362,716.33673,1431.2545,1.88,1567303258063
tap1,71,864,1650,905.16187,1653.1389,1.9799999,1567303258809
tap1,78,576,1218,719.334,1309.318,2.11,1567303259473
tap1,83,864,1506,893.173,1566.1842,1.8399999,1567303260177
tap1,21,864,1218,1005.0694,1325.3097,1.7199999,1567303260810
tap1,85,576,1506,666.383,1611.1608,2.01,1567303261444
tap1,19,576,66,696.3552,146.92348,2.21,1567303262445
tap1,77,864,354,922.1462,417.7824,1.92,1567303263109
tap1,76,576,354,691.35986,419.78134,2.4299998,1567303263844
tap1,23,864,66,930.1388,209.89067,1.27,1567303264651
tap1,15,576,1362,703.34875,1419.2607,1.9499999,1567303265642
tap1,69,864,1074,948.12213,1136.4081,1.1,1567303266489
tap1,11,576,1074,680.37006,1133.4097,2.35,1567303267174
tap1,68,864,1362,978.09436,1369.2867,1.9499999,1567303267919
tap1,21,0,1218,115.89269,1301.3221,1.66,1567303268961
tap1,75,288,1506,367.65958,1551.192,2.1299999,1567303269676
tap1,17,288,1218,403.62628,1286.33,1.9799999,1567303270340
tap1,78,0,1506,189.82423,1547.1941,1.4599999,1567303271177
tap1,54,576,642,676.3737,734.6174,2.36,1567303271913
tap1,22,864,930,964.1073,885.53876,2.04,1567303272577
tap1,18,864,642,928.1406,702.63403,2.12,1567303273312
tap1,55,576,930,673.3765,985.4867,2.27,1567303273956
tap1,4,576,1794,638.4089,1863.0297,1.05,1567303274762
tap1,73,864,1506,909.1582,1522.2072,1.6999999,1567303275590
tap1,72,576,1506,748.3071,1544.1957,2.1699998,1567303276193
tap1,3,864,1794,881.1841,1748.0895,1.8399999,1567303276907
tap1,90,720,1362,849.2137,1392.2748,1.6899999,1567303277510
tap1,77,432,1650,540.4995,1703.1129,2.34,1567303278215
tap1,23,720,1650,753.3025,1660.1353,1.9799999,1567303278899
tap1,92,432,1362,605.4394,1439.2504,2.18,1567303279543
tap1,67,432,1074,502.5347,1154.3987,2.1699998,1567303280217
tap1,82,144,1362,268.75116,1371.2858,1.41,1567303281014
tap1,84,432,1362,520.51807,1393.2743,2.4099998,1567303281709
tap1,44,144,1074,244.77336,1078.4382,2.3799999,1567303282474
tap1,38,432,1506,502.5347,1549.1931,2.1,1567303283199
tap1,45,144,1794,261.75763,1817.0536,1.9599999,1567303284068
tap1,44,432,1794,544.49585,1830.0468,1.5699999,1567303284885
tap1,39,144,1506,244.77336,1638.1467,1.51,1567303285641
tap1,42,432,1506,497.5393,1549.1931,2.26,1567303286264
tap1,87,720,1794,788.27014,1762.0822,2.01,1567303286989
tap1,89,432,1794,531.5079,1814.0552,2.1699998,1567303287622
tap1,43,720,1506,822.23865,1520.2081,1.99,1567303288296
tap1,42,0,1362,123.88529,1465.2368,0.5,1567303289235
tap1,91,288,1650,432.59946,1699.115,1.8499999,1567303289930
tap1,89,288,1362,391.6374,1463.2379,2.1499999,1567303290625
tap1,66,0,1650,169.84274,1724.1019,1.27,1567303291421
tap1,56,432,642,535.50415,685.6429,2.3899999,1567303292178
tap1,81,144,930,237.77983,981.4888,1.65,1567303293005
tap1,20,432,930,510.52728,999.47943,2.1499999,1567303293638
tap1,79,144,642,306.716,733.61786,2.11,1567303294312
tap2,6,138,480,241.77614,560.70795,2.34,1567303305736
tap2,7,759,1101,828.2331,1159.3961,2.0,1567303308299
tap2,8,138,1101,222.79372,1142.405,1.24,1567303309517
tap2,9,759,480,830.23126,523.72723,1.8399999,1567303311752
tap2,164,0,687,93.91304,772.5976,1.61,1567303313153
tap2,183,621,1308,695.35614,1395.2733,1.6899999,1567303313980
tap2,182,0,1308,117.89084,1372.2853,1.41,1567303314971
tap2,163,621,687,660.38855,734.6174,1.75,1567303315737
tap2,242,345,66,382.6457,126.93388,1.51,1567303316881
tap2,243,552,1032,599.44495,1099.4274,1.56,1567303317729
tap2,244,345,1032,430.6013,1126.4133,1.9599999,1567303319598
tap2,245,552,66,591.4524,162.91515,1.29,1567303320640
tap2,42,69,411,161.85014,457.76157,1.12,1567303321518
tap2,43,690,1032,778.27936,1072.4414,1.4699999,1567303322325
tap2,45,690,411,792.2664,486.74646,1.8499999,1567303323194
tap2,44,69,1032,163.8483,1068.4435,0.93,1567303324123
tap2,322,345,756,432.59946,801.5825,1.5999999,1567303324981
tap2,321,483,1653,523.51526,1702.1134,1.64,1567303325860
tap2,316,345,1653,390.6383,1773.0765,1.5699999,1567303326595
tap2,323,483,756,580.4625,797.5846,2.08,1567303327545
tap2,2,138,549,254.76411,557.70953,1.88,1567303328403
tap2,3,759,1170,813.247,1222.3633,1.9399999,1567303329230
tap2,4,138,1170,227.7891,1195.3773,1.1999999,1567303330098
tap2,5,759,549,803.2562,606.684,1.6999999,1567303330864
tap2,11,759,1032,839.22296,1023.4669,1.09,1567303331691
tap2,10,138,411,253.76503,451.7647,1.8499999,1567303332703
tap2,12,138,1032,210.80481,1054.4508,1.23,1567303333623
tap2,13,759,411,839.22296,518.7298,2.24,1567303334490
tap2,15,759,963,867.197,1041.4575,2.0,1567303335236
tap2,14,138,342,231.78539,387.798,2.1299999,1567303336207
tap2,17,759,342,862.20166,410.78604,1.5899999,1567303337085
tap2,16,138,963,190.82332,1007.4752,1.5899999,1567303338075
tap2,122,207,66,298.72342,138.92764,1.81,1567303339199
tap2,123,828,687,875.18964,748.6101,1.74,1567303339945
tap2,124,207,687,277.74283,746.61115,1.6899999,1567303340792
tap2,125,828,66,879.1859,182.90474,1.78,1567303341783
tap2,135,621,1170,684.36633,1262.3425,2.08,1567303342590
tap2,134,0,549,113.89455,613.68036,1.49,1567303343683
tap2,136,0,1170,135.87419,1233.3575,1.1,1567303344949
tap2,137,621,549,720.333,594.69025,1.81,1567303345695
tap2,130,69,66,103.90379,143.92503,1.3299999,1567303346992
tap2,131,690,687,751.3043,712.62885,1.4599999,1567303347738
tap2,133,690,66,775.28217,78.95887,1.13,1567303348667
tap2,132,69,687,165.84644,722.6236,1.36,1567303349536
tap2,127,759,687,832.22943,744.6122,1.5699999,1567303350302
tap2,126,138,66,210.80481,123.93545,1.0,1567303351282
tap2,128,138,687,186.82701,770.59863,0.48,1567303352181
tap2,129,759,66,787.27106,153.91983,1.81,1567303353213
tap2,18,138,273,214.80112,315.83548,2.01,1567303354122
tap2,19,759,894,820.24054,942.5091,1.7199999,1567303354919
tap2,20,138,894,230.78632,912.5247,1.64,1567303355767
tap2,21,759,273,799.25995,316.83496,1.49,1567303356778
tap2,35,828,1170,935.13416,1167.392,1.88,1567303357626
tap2,34,207,549,310.7123,547.7147,2.02,1567303358535
tap2,36,207,1170,319.70398,1164.3936,1.61,1567303359321
tap2,37,828,549,849.2137,614.6798,1.5799999,1567303360312
tap2,26,138,135,229.78723,182.90474,1.73,1567303361242
tap2,27,759,756,840.22205,824.5705,1.8499999,1567303362018
tap2,28,138,756,267.75208,804.58093,1.2099999,1567303362866
tap2,29,759,135,830.23126,207.89172,1.26,1567303363805
tap2,43,690,1032,785.2729,1099.4274,2.06,1567303364531
tap2,42,69,411,144.86586,479.75012,1.8199999,1567303365430
tap2,45,690,411,748.3071,423.77927,1.7199999,1567303366257
tap2,44,69,1032,168.84366,1045.4554,1.3299999,1567303367176
tap2,24,138,825,196.81776,874.5445,0.96,1567303368075
tap2,25,759,204,822.23865,254.86725,1.5,1567303368974
tap2,22,138,204,171.84088,273.85736,1.54,1567303369852
tap2,23,759,825,805.2544,828.5684,1.8,1567303370598
tap2,38,69,480,167.84459,521.7283,1.09,1567303371548
tap2,39,690,1101,773.284,1115.4191,1.6899999,1567303372355
tap2,40,69,1101,124.88437,1124.4143,1.4599999,1567303373183
tap2,41,690,480,742.3127,516.73083,1.8299999,1567303373898
tap2,33,690,549,758.29785,608.683,1.7099999,1567303374827
tap2,32,69,1170,156.85477,1186.3821,1.31,1567303375757
tap2,30,69,549,158.85292,602.6861,1.2099999,1567303376625
tap2,31,690,1170,768.28864,1153.3993,1.49,1567303377453
tap2,46,69,342,147.8631,398.7923,1.29,1567303378372
tap2,47,690,963,762.2942,1017.47003,1.5699999,1567303379067
tap2,48,69,963,156.85477,961.4992,1.1899999,1567303379925
tap2,49,690,342,771.2858,384.79956,1.13,1567303380772
tap2,108,276,963,312.71045,1005.4763,1.67,1567303381590
tap2,231,897,1584,925.1434,1605.164,1.77,1567303382448
tap2,230,276,1584,389.63922,1592.1707,1.17,1567303383224
tap2,107,897,963,952.1184,975.4919,2.06,1567303384133
tap2,143,621,1032,696.3552,991.4836,1.25,1567303384910
tap2,232,0,1653,112.89547,1748.0895,1.26,1567303387012
tap2,233,621,1653,726.32745,1692.1187,1.76,1567303388097
tap2,144,0,1032,162.84921,1122.4154,1.75,1567303389129
tap2,44,69,1032,116.89177,1046.455,1.89,1567303389946
tap2,235,690,1653,736.31824,1719.1046,2.27,1567303390968
tap2,43,690,1032,762.2942,1072.4414,1.9,1567303391734
tap2,234,69,1653,156.85477,1745.0911,2.11,1567303393287
tap2,12,138,1032,242.7752,1096.429,1.3199999,1567303394165
tap2,237,759,1653,805.2544,1732.0978,1.91,1567303395483
tap2,11,759,1032,871.19336,1141.4055,2.01,1567303396249
tap2,236,138,1653,225.79094,1690.1196,2.01,1567303397077
tap2,238,207,1653,299.72247,1715.1067,1.76,1567303397894
tap2,67,828,1032,878.1869,1062.4467,1.5999999,1567303398783
tap2,68,207,1032,277.74283,1129.4117,1.53,1567303399580
tap2,239,828,1653,907.16003,1692.1187,1.9399999,1567303400520
tap2,104,276,1032,368.65866,1110.4216,2.05,1567303401409
tap2,241,897,1653,964.1073,1713.1077,1.91,1567303402297
tap2,240,276,1653,316.70676,1739.0942,1.9699999,1567303403084
tap2,103,897,1032,961.1101,1106.4237,1.93,1567303403973
tap2,50,69,273,184.82886,300.8433,1.8499999,1567303404964
tap2,51,690,894,812.2479,954.50287,1.86,1567303405709
tap2,52,69,894,156.85477,1009.4742,1.5899999,1567303406527
tap2,53,690,273,809.2507,317.83444,1.76,1567303407548
tap2,55,690,825,807.25256,903.5294,1.28,1567303408396
tap2,54,69,204,174.83812,239.87506,1.3199999,1567303409336
tap2,56,69,825,191.82239,896.533,1.38,1567303410225
tap2,57,690,204,758.29785,301.84277,2.06,1567303411247
tap2,59,690,756,796.2627,817.57416,1.5999999,1567303412033
tap2,58,69,135,121.887146,206.89224,1.76,1567303412983
tap2,61,690,135,757.2988,212.88911,1.68,1567303414066
tap2,60,69,756,174.83812,825.57,1.5699999,1567303414965
tap2,62,207,480,253.76503,525.7262,1.56,1567303415865
tap2,63,828,1101,935.13416,1195.3773,1.09,1567303416723
tap2,64,207,1101,292.72894,1149.4014,1.54,1567303417530
tap2,65,828,480,918.14984,527.72516,1.68,1567303418347
tap2,290,345,480,410.6198,561.70746,1.36,1567303419206
tap2,291,552,1446,621.4246,1527.2046,1.64,1567303419962
tap2,293,552,480,640.40704,566.70483,1.76,1567303420861
tap2,292,345,1446,473.56152,1454.2426,1.53,1567303421689
tap2,141,621,480,708.3441,564.7059,1.51,1567303422557
tap2,295,414,1446,484.55133,1509.2139,1.7099999,1567303423303
tap2,294,414,480,492.54395,556.71,1.66,1567303424151
tap2,203,621,1446,713.3395,1469.2347,1.6899999,1567303424907
tap2,297,483,1446,594.4496,1460.2394,1.5,1567303425653
tap2,41,690,480,752.3034,563.70636,1.81,1567303426480
tap2,296,483,480,606.4385,549.7137,1.79,1567303427277
tap2,205,690,1446,769.2877,1511.2129,1.62,1567303428034
tap2,319,414,1653,449.5837,1677.1265,1.67,1567303428851
tap2,325,552,756,626.42,838.56323,1.38,1567303429658
tap2,324,414,756,508.52914,804.58093,1.56,1567303430424
tap2,315,552,1653,633.4135,1758.0842,1.61,1567303431272
tap2,298,345,549,473.56152,629.67206,1.37,1567303432120
tap2,299,552,1515,661.38763,1535.2004,1.7199999,1567303432845
tap2,301,552,549,618.42737,600.68713,1.81,1567303433601
tap2,300,345,1515,451.58188,1552.1915,1.8499999,1567303434419
tap2,326,345,825,421.60962,908.5268,1.78,1567303435185
tap2,256,483,135,600.44403,212.88911,1.61,1567303436043
tap2,250,345,135,412.61795,219.88547,1.65,1567303436952
tap2,327,483,825,600.44403,859.5523,1.15,1567303437780
tap2,67,828,1032,851.21185,1086.4341,1.93,1567303438516
tap2,66,207,411,249.76874,447.76678,2.04,1567303439323
tap2,68,207,1032,292.72894,1207.3711,2.05,1567303440069
tap2,69,828,411,871.19336,499.73972,2.36,1567303440856
tap2,72,207,963,330.69382,970.4945,1.8199999,1567303441550
tap2,73,828,342,907.16003,426.7777,1.67,1567303442326
tap2,70,207,342,263.7558,386.79852,1.91,1567303443154
tap2,71,828,963,948.12213,1032.4623,1.5699999,1567303443828
tap2,76,207,894,321.70212,927.5169,1.65,1567303444543
tap2,77,828,273,917.1508,339.823,1.61,1567303445412
tap2,74,207,273,298.72342,302.84225,1.92,1567303446189
tap2,75,828,894,920.148,974.49243,1.75,1567303446955
tap2,80,207,825,294.7271,872.54553,1.87,1567303447762
tap2,81,828,204,861.2026,324.8308,1.7099999,1567303448722
tap2,78,207,204,267.75208,240.87454,1.91,1567303449570
tap2,79,828,825,944.1258,851.55646,1.4599999,1567303450285
tap2,84,207,756,287.73358,824.5705,1.4699999,1567303451062
tap2,85,828,135,924.1443,186.90265,1.61,1567303451940
tap2,82,207,135,312.71045,214.88808,1.64,1567303452880
tap2,83,828,756,889.1767,816.5747,1.24,1567303453718
tap2,89,621,618,660.38855,658.6569,1.24,1567303454403
tap2,88,0,1239,169.84274,1269.3389,1.86,1567303455169
tap2,87,621,1239,682.36816,1324.3102,1.77,1567303455956
tap2,86,0,618,100.90657,749.60956,1.74,1567303456824
tap2,305,483,1515,552.48846,1562.1863,0.96999997,1567303457682
tap2,33,690,549,751.3043,600.68713,1.79,1567303458408
tap2,304,483,549,556.48474,596.6892,2.01,1567303459093
tap2,215,690,1515,779.27844,1521.2076,1.78,1567303459941
tap2,309,552,618,661.38763,642.6653,1.7099999,1567303460789
tap2,308,345,1584,442.5902,1596.1686,1.63,1567303461575
tap2,307,552,1584,586.457,1628.152,1.4699999,1567303462413
tap2,306,345,618,456.57724,650.6611,1.64,1567303463231
tap2,258,345,204,428.60315,213.8886,1.61,1567303464119
tap2,331,483,894,531.5079,956.5018,1.54,1567303464804
tap2,330,345,894,443.58926,959.50024,1.39,1567303465529
tap2,264,483,204,540.4995,329.82822,1.87,1567303466326
tap2,223,621,1584,707.34503,1667.1317,1.9399999,1567303467093
tap2,310,414,618,508.52914,627.6731,1.6999999,1567303467889
tap2,89,621,618,681.3691,681.64496,1.9499999,1567303468635
tap2,311,414,1584,536.50323,1646.1426,1.8499999,1567303469381
tap2,261,552,204,643.40424,317.83444,1.56,1567303470250
tap2,322,345,756,425.60593,790.5882,1.9599999,1567303471016
tap2,262,414,204,563.4783,236.87662,0.90999997,1567303471904
tap2,333,552,894,589.4542,957.5013,1.49,1567303472620
tap2,312,483,618,608.43665,657.6575,1.5899999,1567303473325
tap2,225,690,1584,758.29785,1598.1676,1.63,1567303474091
tap2,93,690,618,739.3154,628.67255,1.5999999,1567303474847
tap2,313,483,1584,579.46344,1635.1483,1.7099999,1567303475705
tap2,91,690,1239,760.296,1284.331,1.4599999,1567303476512
tap2,90,69,618,186.82701,719.6252,1.73,1567303477412
tap2,93,690,618,811.24884,679.646,1.5999999,1567303478198
tap2,92,69,1239,125.88344,1298.3237,1.73,1567303479067
tap2,108,276,963,338.6864,1040.4581,1.9599999,1567303479833
tap2,109,897,342,989.08417,381.80115,1.4399999,1567303480671
tap2,106,276,342,323.7003,357.81363,1.73,1567303481468
tap2,107,897,963,947.12305,1026.4653,1.9,1567303482203
tap2,100,276,1101,375.65216,1172.3894,1.6999999,1567303482949
tap2,101,897,480,981.0916,565.7053,1.91,1567303483807
tap2,99,897,1101,967.10455,1181.3846,1.62,1567303484441
tap2,98,276,480,317.70584,532.72253,1.64,1567303485289
tap2,105,897,411,973.099,456.7621,1.5,1567303486249
tap2,104,276,1032,361.66513,1073.4409,1.81,1567303487056
tap2,102,276,411,326.6975,485.747,1.23,1567303487904
tap2,103,897,1032,997.0768,1094.4299,1.24,1567303488752
tap2,97,897,549,945.1249,575.70013,1.5,1567303489549
tap2,96,276,1170,365.66144,1270.3384,1.35,1567303490274
tap2,94,276,549,378.6494,583.696,1.36,1567303490989
tap2,95,897,1170,921.1471,1214.3674,1.4,1567303491807
tap2,111,897,894,976.0962,960.4997,1.43,1567303492542
tap2,110,276,273,373.65402,375.80426,1.68,1567303493442
tap2,112,276,894,348.67715,929.51587,1.68,1567303494228
tap2,113,897,273,998.07587,326.82977,1.14,1567303495015
tap2,116,276,825,373.65402,900.53094,1.62,1567303495843
tap2,117,897,204,935.13416,333.8261,1.48,1567303496588
tap2,114,276,204,319.70398,281.85318,1.3299999,1567303497405
tap2,115,897,825,957.1138,868.5476,1.24,1567303498161
tap2,119,897,756,966.10547,827.569,1.3399999,1567303498917
tap2,118,276,135,359.667,202.89432,1.6999999,1567303499878
tap2,121,897,135,991.08234,140.92659,1.78,1567303501135
tap2,120,276,756,337.68732,832.56635,1.35,1567303501942
tap2,152,0,894,94.91212,952.5039,1.53,1567303502851
tap2,213,621,1515,730.3238,1536.1998,1.5699999,1567303503709
tap2,212,0,1515,134.87512,1591.1713,1.81,1567303505211
tap2,151,621,894,699.3525,997.48047,1.66,1567303506008
tap2,56,69,825,117.89084,900.53094,1.29,1567303506774
tap2,205,690,1446,790.26825,1484.2269,1.73,1567303507683
tap2,204,69,1446,160.85106,1495.2212,1.5799999,1567303508582
tap2,55,690,825,758.29785,894.53406,1.6999999,1567303509379
tap2,24,138,825,174.83812,920.52057,1.5999999,1567303510104
tap2,207,759,1446,830.23126,1540.1978,2.11,1567303511014
tap2,206,138,1446,240.77705,1526.2051,1.68,1567303511842
tap2,23,759,825,849.2137,835.5648,1.8199999,1567303512567
tap2,80,207,825,303.71878,879.5419,2.19,1567303513333
tap2,209,828,1446,901.1656,1469.2347,1.93,1567303514324
tap2,208,207,1446,317.70584,1569.1827,2.04,1567303515142
tap2,79,828,825,917.1508,912.5247,1.7199999,1567303516010
tap2,115,897,825,993.0805,878.5424,1.6999999,1567303516971
tap2,210,276,1446,340.68454,1517.2097,1.66,1567303517716
tap2,116,276,825,419.61148,891.53564,1.74,1567303518513
tap2,211,897,1446,979.09344,1499.2191,1.62,1567303519453
tap2,203,621,1446,732.3219,1476.2311,1.66,1567303520178
tap2,156,0,825,123.88529,882.54034,1.3399999,1567303521016
tap2,202,0,1446,168.84366,1494.2217,1.78,1567303521997
tap2,155,621,825,705.3469,905.5283,1.24,1567303522815
tap2,52,69,894,150.86032,980.4893,1.49,1567303523570
tap2,215,690,1515,732.3219,1579.1775,1.48,1567303524500
tap2,51,690,894,812.2479,927.5169,1.2099999,1567303525175
tap2,214,69,1515,150.86032,1591.1713,1.87,1567303525992
tap2,216,138,1515,219.79648,1543.1962,1.37,1567303526789
tap2,19,759,894,724.32935,924.51843,1.31,1567303527514
tap2,217,759,1515,812.2479,1502.2175,1.3,1567303528260
tap2,20,138,894,221.79463,1002.47784,1.28,1567303529138
tap2,141,621,480,717.3358,533.722,1.8,1567303529925
tap2,140,0,1101,110.897316,1118.4175,1.14,1567303530783
tap2,138,0,480,83.922295,582.6965,1.43,1567303531682
tap2,139,621,1101,683.36725,1147.4023,1.54,1567303532541
tap2,142,0,411,91.914894,507.73553,1.64,1567303533337
tap2,143,621,1032,744.31085,1073.4409,1.12,1567303534114
tap2,144,0,1032,104.90287,1137.4076,1.23,1567303535002
tap2,145,621,411,747.30804,450.76523,1.2099999,1567303535769
tap2,148,0,963,91.914894,1019.469,1.1899999,1567303536555
tap2,149,621,342,732.3219,401.7907,1.4,1567303537301
tap2,147,621,963,697.3543,976.4914,1.1899999,1567303537965
tap2,146,0,342,92.91397,403.78967,1.1899999,1567303538864
tap2,153,621,273,693.35803,355.81467,1.4699999,1567303539712
tap2,152,0,894,109.89824,1008.47473,1.65,1567303540580
tap2,150,0,273,96.91027,335.82507,1.77,1567303541572
tap2,151,621,894,684.36633,1027.4648,1.42,1567303542409
tap2,266,345,273,388.64014,316.83496,1.51,1567303543206
tap2,267,552,1239,618.42737,1313.3159,1.77,1567303543973
tap2,269,552,273,611.43384,334.8256,2.21,1567303544841
tap2,268,345,1239,410.6198,1335.3044,1.9399999,1567303545648
tap2,271,414,1239,485.5504,1277.3347,1.92,1567303546394
tap2,153,621,273,710.3423,327.82925,2.1299999,1567303547232
tap2,270,414,273,495.54117,292.84747,2.07,1567303548059
tap2,87,621,1239,721.3321,1277.3347,2.04,1567303548775
tap2,91,690,1239,761.2951,1303.3212,1.62,1567303549663
tap2,272,483,273,566.47546,345.8199,2.32,1567303550542
tap2,273,483,1239,608.43665,1286.33,2.12,1567303551267
tap2,53,690,273,767.28955,291.848,2.1399999,1567303552105
tap2,277,552,342,656.3922,422.7798,2.06,1567303552830
tap2,276,345,1308,429.60223,1376.2832,1.81,1567303553576
tap2,274,345,342,441.59113,429.77615,2.1399999,1567303554383
tap2,275,552,1308,634.4126,1407.267,1.63,1567303555047
tap2,183,621,1308,717.3358,1393.2743,1.67,1567303555997
tap2,278,414,342,535.50415,403.78967,1.9399999,1567303556896
tap2,149,621,342,764.2923,361.81155,2.09,1567303557673
tap2,279,414,1308,521.5171,1346.2988,1.76,1567303558418
tap2,281,483,1308,567.47455,1418.2612,1.6899999,1567303559184
tap2,49,690,342,828.2331,425.77823,1.65,1567303560012
tap2,280,483,342,544.49585,423.77927,2.08,1567303560779
tap2,185,690,1308,761.2951,1315.315,1.41,1567303561514
tap2,156,0,825,121.887146,822.57153,1.78,1567303562331
tap2,157,621,204,689.3617,303.84174,1.9399999,1567303563272
tap2,155,621,825,715.33765,929.51587,1.88,1567303564007
tap2,154,0,204,62.94172,254.86725,1.4399999,1567303564988
tap2,158,0,135,107.90009,233.87819,1.75,1567303565877
tap2,159,621,756,776.28125,826.56946,1.7099999,1567303566623
tap2,160,0,756,125.88344,848.55804,2.18,1567303567542
tap2,161,621,135,716.33673,213.8886,1.63,1567303568502
tap2,162,0,66,103.90379,125.9344,2.07,1567303569606
tap2,163,621,687,740.3145,792.58716,1.7199999,1567303570393
tap2,164,0,687,87.918594,767.6002,2.1399999,1567303571241
tap2,165,621,66,659.38947,133.93024,1.76,1567303572313
tap2,169,897,66,979.09344,137.92816,1.74,1567303573233
tap2,168,276,687,370.6568,761.60333,2.25,1567303574102
tap2,166,276,66,339.6855,137.92816,1.89,1567303575082
tap2,167,897,687,945.1249,730.61945,1.5,1567303575838
tap2,170,138,618,236.78076,721.62415,2.1299999,1567303576677
tap2,171,759,1239,879.1859,1321.3118,2.11,1567303577647
tap2,173,759,618,907.16003,707.6314,1.3299999,1567303578495
tap2,172,138,1239,240.77705,1206.3717,1.48,1567303579261
tap2,177,828,618,898.1684,717.6262,1.76,1567303580140
tap2,176,207,1239,256.76227,1283.3315,1.7199999,1567303580845
tap2,174,207,618,273.74652,679.646,1.48,1567303581621
tap2,175,828,1239,872.19244,1220.3644,1.4399999,1567303582469
tap2,133,690,66,807.25256,143.92503,1.8,1567303583430
tap2,249,483,1032,600.44403,1092.431,1.24,1567303584145
tap2,43,690,1032,747.30804,1021.46796,1.5,1567303584921
tap2,248,483,66,609.4357,143.92503,1.3,1567303585831
tap2,251,552,1101,603.4413,1107.4232,1.1,1567303586587
tap2,250,345,135,466.568,230.87975,0.96,1567303587445
tap2,252,345,1101,376.65125,1197.3763,1.5899999,1567303588314
tap2,253,552,135,660.38855,257.8657,0.83,1567303589274
tap2,254,414,135,491.54486,261.86362,1.9,1567303590010
tap2,139,621,1101,765.2914,1177.3867,1.0699999,1567303590960
tap2,161,621,135,742.3127,201.89484,1.61,1567303591890
tap2,255,414,1101,503.53375,1171.3899,1.3199999,1567303592809
tap2,178,276,618,416.61426,665.65326,0.65,1567303593627
tap2,179,897,1239,962.1092,1286.33,1.16,1567303594567
tap2,181,897,618,971.1008,710.6299,1.15,1567303595261
tap2,180,276,1239,434.5976,1193.3784,1.62,1567303596048
tap2,132,69,687,156.85477,697.63666,0.94,1567303596794
tap2,185,690,1308,767.28955,1309.318,1.7099999,1567303597560
tap2,184,69,1308,171.84088,1378.2821,2.19,1567303598327
tap2,131,690,687,732.3219,639.6668,1.63,1567303598970
tap2,127,759,687,842.22015,744.6122,1.89,1567303599594
tap2,187,759,1308,861.2026,1291.3274,1.7099999,1567303600299
tap2,186,138,1308,229.78723,1401.2701,1.87,1567303601075
tap2,126,138,66,231.78539,188.90161,1.55,1567303602107
tap2,123,828,687,884.18134,766.6007,1.38,1567303602883
tap2,188,207,1308,324.69934,1349.2972,1.5899999,1567303603609
tap2,124,207,687,276.74374,720.62463,1.64,1567303604519
tap2,189,828,1308,894.17206,1300.3228,1.0,1567303605254
tap2,317,552,687,630.41626,738.6153,1.52,1567303605928
tap2,316,345,1653,458.5754,1674.128,1.8499999,1567303606624
tap2,314,345,687,427.60406,746.61115,1.23,1567303607410
tap2,315,552,1653,601.4431,1673.1285,1.36,1567303608094
tap2,266,345,273,446.5865,401.7907,1.4,1567303608861
tap2,335,483,963,606.4385,1035.4607,1.01,1567303609637
tap2,272,483,273,565.47644,332.82663,1.38,1567303610506
tap2,334,345,963,451.58188,1015.47107,1.74,1567303611262
tap2,318,414,687,490.5458,769.5991,1.9799999,1567303612039
tap2,233,621,1653,726.32745,1749.089,1.54,1567303612999
tap2,163,621,687,711.3414,782.5924,1.4399999,1567303613796
tap2,319,414,1653,485.5504,1709.1097,1.37,1567303614603
tap2,269,552,273,635.4117,367.8084,1.5699999,1567303615359
tap2,336,414,963,480.55505,966.4966,1.41,1567303616095
tap2,337,552,963,652.39594,1068.4435,1.1999999,1567303616943
tap2,270,414,273,460.57355,351.81674,1.4399999,1567303617842
tap2,168,276,687,363.66327,761.60333,1.76,1567303618598
tap2,191,897,1308,942.1277,1418.2612,1.29,1567303619395
tap2,167,897,687,981.0916,773.59705,1.62,1567303620192
tap2,190,276,1308,345.67993,1390.2759,1.86,1567303620918
tap2,192,0,1377,123.88529,1378.2821,1.3,1567303621857
tap2,160,0,756,117.89084,824.5705,1.99,1567303622767
tap2,193,621,1377,675.37463,1436.252,1.55,1567303623605
tap2,159,621,756,733.321,819.5731,1.86,1567303624290
tap2,194,69,1377,175.83719,1373.2847,1.53,1567303625087
tap2,59,690,756,747.30804,741.6137,1.24,1567303625812
tap2,60,69,756,109.89824,838.56323,1.48,1567303626578
tap2,195,690,1377,759.29694,1433.2534,1.13,1567303627539
tap2,28,138,756,269.75024,816.5747,1.8399999,1567303628367
tap2,197,759,1377,872.19244,1413.2639,1.11,1567303629184
tap2,27,759,756,776.28125,788.58923,1.63,1567303629910
tap2,196,138,1377,270.7493,1345.2993,1.49,1567303630655
tap2,84,207,756,287.73358,822.57153,1.79,1567303631452
tap2,199,828,1377,878.1869,1363.2899,1.41,1567303632290
tap2,83,828,756,898.1684,818.57367,1.5899999,1567303632965
tap2,198,207,1377,279.74097,1356.2936,0.94,1567303633751
tap2,200,276,1377,367.65958,1442.2488,1.8299999,1567303634446
tap2,119,897,756,916.15173,808.57886,0.96999997,1567303635181
tap2,120,276,756,319.70398,866.54865,1.99,1567303635969
tap2,201,897,1377,925.1434,1361.291,2.06,1567303636827
tap2,242,345,66,451.58188,145.924,1.8399999,1567303637910
tap2,347,966,687,970.10175,777.595,1.7099999,1567303638738
tap2,338,966,66,1001.07306,180.90578,1.87,1567303640434
tap2,314,345,687,404.62534,755.60645,2.05,1567303641160
tap2,322,345,756,444.58835,868.5476,2.22,1567303641845
tap2,339,966,135,1014.06104,221.88443,1.8,1567303643050
tap2,348,966,756,977.0953,845.5596,1.91,1567303643857
tap2,250,345,135,454.5791,202.89432,2.37,1567303644798
tap2,258,345,204,429.60223,273.85736,2.12,1567303645707
tap2,349,966,825,992.0814,912.5247,1.35,1567303646493
tap2,340,966,204,1022.05365,296.8454,1.35,1567303647332
tap2,326,345,825,444.58835,932.5143,1.9399999,1567303648129
tap2,330,345,894,440.59204,951.5044,1.9699999,1567303648865
tap2,341,966,273,1000.07404,348.81833,1.88,1567303649733
tap2,266,345,273,433.5985,328.82874,1.74,1567303650561
tap2,350,966,894,995.0786,971.494,0.75,1567303651337
tap2,76,207,894,253.76503,1001.4784,1.9499999,1567303652104
tap2,219,828,1515,915.15265,1595.1692,2.1699998,1567303653187
tap2,218,207,1515,290.7308,1618.1572,2.22,1567303653984
tap2,75,828,894,922.1462,1016.4706,2.05,1567303654945
tap2,220,276,1515,341.68362,1558.1884,1.68,1567303655885
tap2,111,897,894,977.0953,948.506,1.09,1567303656589
tap2,112,276,894,342.6827,1005.4763,1.88,1567303657336
tap2,221,897,1515,991.08234,1536.1998,1.8,1567303658347
tap2,225,690,1584,742.3127,1689.1202,1.5999999,1567303659134
tap2,48,69,963,145.86494,1007.4752,1.1,1567303660054
tap2,47,690,963,774.2831,969.49506,1.31,1567303660830
tap2,224,69,1584,159.85199,1624.154,1.3399999,1567303661638
tap2,165,621,66,652.39594,147.92296,1.37,1567303662680
tap2,247,414,1032,496.54025,1087.4336,1.5899999,1567303663405
tap2,143,621,1032,745.3099,985.4867,1.12,1567303664039
tap2,246,414,66,475.55966,190.90057,1.3299999,1567303664907
tap2,15,759,963,825.2359,1018.46954,1.4599999,1567303665633
tap2,226,138,1584,232.78445,1581.1764,1.02,1567303666532
tap2,227,759,1584,866.198,1578.178,0.84999996,1567303667482
tap2,16,138,963,253.76503,1050.4529,1.5999999,1567303668280
tap2,72,207,963,333.69104,963.49817,1.39,1567303668985
tap2,229,828,1584,940.1295,1675.1274,1.66,1567303669986
tap2,71,828,963,894.17206,1041.4575,1.43,1567303670650
tap2,228,207,1584,270.7493,1606.1635,1.4599999,1567303671396
tap2,242,345,66,393.63553,142.92555,1.26,1567303672336
tap2,243,552,1032,665.3839,1106.4237,1.68,1567303673052
tap2,244,345,1032,452.58093,1126.4133,1.5799999,1567303673839
tap2,245,552,66,659.38947,143.92503,1.3299999,1567303674911
tap2,148,0,963,102.90472,1077.4388,1.63,1567303676219
tap2,223,621,1584,751.3043,1691.1191,2.2,1567303677139
tap2,147,621,963,701.3506,1079.4377,2.07,1567303677977
tap2,222,0,1584,168.84366,1636.1478,2.1499999,1567303678825
tap2,252,345,1101,435.59668,1198.3759,2.09,1567303679602
tap2,344,966,480,999.07495,545.71576,1.1,1567303680337
tap2,290,345,480,402.6272,535.72095,2.08,1567303681135
tap2,353,966,1101,1009.0657,1152.3998,1.49,1567303683248
tap2,345,966,549,1000.07404,681.64496,1.4399999,1567303684047
tap2,260,345,1170,459.57446,1187.3816,1.93,1567303684814
tap2,354,966,1170,1008.0666,1207.3711,1.56,1567303685815
tap2,298,345,549,433.5985,634.66943,1.9599999,1567303686653
tap2,346,966,618,1038.0388,666.6528,1.22,1567303687439
tap2,268,345,1239,454.5791,1239.3545,2.25,1567303688226
tap2,355,966,1239,1013.062,1167.392,1.7199999,1567303689146
tap2,306,345,618,480.55505,680.6455,1.76,1567303689964
tap2,314,345,687,392.63644,770.59863,1.92,1567303690853
tap2,356,966,1308,981.0916,1391.2754,2.3899999,1567303691854
tap2,347,966,687,999.07495,760.6038,1.7199999,1567303692671
tap2,276,345,1308,381.64664,1338.303,1.9399999,1567303693458
tap2,257,483,1101,578.4644,1158.3966,1.89,1567303694214
tap2,61,690,135,787.27106,286.8506,2.31,1567303695165
tap2,39,690,1101,722.3312,1095.4294,1.61,1567303696003
tap2,256,483,135,615.4302,253.86777,2.06,1567303696841
tap2,258,345,204,376.65125,285.8511,1.77,1567303697729
tap2,259,552,1170,637.4098,1233.3575,1.62,1567303698547
tap2,260,345,1170,438.5939,1197.3763,2.1699998,1567303699324
tap2,261,552,204,591.4524,305.8407,1.91,1567303700315
tap2,157,621,204,695.35614,306.84018,1.87,1567303701091
tap2,263,414,1170,509.52823,1246.3508,1.9699999,1567303701837
tap2,262,414,204,460.57355,303.84174,1.92,1567303702634
tap2,135,621,1170,721.3321,1174.3883,1.6899999,1567303703390
tap2,244,345,1032,462.5717,1058.4487,2.1699998,1567303704085
tap2,361,966,1653,1019.05646,1737.0952,1.13,1567303705250
tap2,352,966,1032,998.07587,1115.4191,1.16,1567303705965
tap2,316,345,1653,438.5939,1643.1442,1.8399999,1567303706701
tap2,282,345,411,438.5939,495.7418,1.88,1567303707539
tap2,283,552,1377,628.41815,1428.2561,1.52,1567303708438
tap2,284,345,1377,421.60962,1497.2202,2.34,1567303709297
tap2,285,552,411,685.3654,424.77875,2.32,1567303710165
tap2,145,621,411,709.3432,476.75168,2.46,1567303711034
tap2,287,414,1377,489.54672,1428.2561,2.28,1567303711810
tap2,193,621,1377,742.3127,1418.2612,1.6999999,1567303712607
tap2,286,414,411,492.54395,508.73502,1.78,1567303713434
tap2,288,483,411,547.49304,439.77094,1.4399999,1567303714170
tap2,195,690,1377,802.2572,1367.2878,1.5899999,1567303714978
tap2,289,483,1377,596.44775,1449.2451,1.64,1567303715775
tap2,45,690,411,744.31085,489.7449,2.03,1567303716490
tap2,31,690,1170,756.29974,1215.367,1.88,1567303717185
tap2,264,483,204,562.4792,281.85318,1.8499999,1567303717982
tap2,57,690,204,754.3016,246.87141,2.01,1567303718810
tap2,265,483,1170,541.4986,1253.3472,1.87,1567303719597
tap2,300,345,1515,394.6346,1564.1853,1.5699999,1567303720363
tap2,350,966,894,1017.0583,1034.4612,1.38,1567303721477
tap2,330,345,894,410.6198,959.50024,2.0,1567303722264
tap2,359,966,1515,1019.05646,1514.2113,1.04,1567303723306
tap2,351,966,963,1006.0685,1085.4347,1.54,1567303723960
tap2,308,345,1584,371.65588,1674.128,2.06,1567303724666
tap2,360,966,1584,999.07495,1593.1702,0.82,1567303725616
tap2,334,345,963,474.5606,1104.4248,2.05,1567303726393
tap2,137,621,549,723.33026,541.71783,1.35,1567303727179
tap2,303,414,1515,466.568,1554.1904,1.89,1567303727997
tap2,213,621,1515,765.2914,1559.1879,1.0799999,1567303728743
tap2,302,414,549,562.4792,603.68555,1.51,1567303729591
tap2,254,414,135,462.5717,212.88911,1.5799999,1567303730419
tap2,329,552,825,581.4616,900.53094,1.22,1567303731155
tap2,253,552,135,603.4413,179.9063,1.09,1567303732013
tap2,328,414,825,480.55505,879.5419,1.09,1567303732800
tap2,334,345,963,432.59946,1009.4742,1.1,1567303733475
tap2,342,966,342,999.07495,404.78915,2.03,1567303734936
tap2,274,345,342,379.64847,413.7845,2.1299999,1567303735682
tap2,351,966,963,1022.05365,1061.4471,1.42,1567303737480
tap2,282,345,411,419.61148,489.7449,2.46,1567303738339
tap2,352,966,1032,1007.0675,1142.405,1.75,1567303740291
tap2,343,966,411,981.0916,464.75793,1.9799999,1567303741160
tap2,244,345,1032,464.56985,1090.432,2.46,1567303742039
tap2,322,345,756,448.58466,817.57416,1.92,1567303742805
tap2,357,966,1377,978.09436,1460.2394,2.46,1567303743827
tap2,348,966,756,1021.05457,893.5346,1.54,1567303744634
tap2,284,345,1377,453.58002,1436.252,2.5,1567303745462
tap2,292,345,1446,358.6679,1542.1968,2.08,1567303746361
tap2,349,966,825,995.0786,898.532,2.24,1567303747332
tap2,326,345,825,398.6309,874.5445,2.37,1567303748170
tap2,358,966,1446,1003.0712,1529.2035,1.63,1567303749559
tap2,131,690,687,810.24976,782.5924,1.8299999,1567303750428
tap2,321,483,1653,557.4838,1669.1306,1.99,1567303751297
tap2,320,483,687,608.43665,757.6054,2.4199998,1567303752074
tap2,235,690,1653,772.2849,1659.1359,2.25,1567303753045
tap2,362,0,1722,145.86494,1732.0978,1.4499999,1567303754424
tap2,139,621,1101,707.34503,1171.3899,1.3199999,1567303755210
tap2,140,0,1101,127.88159,1115.4191,1.5899999,1567303756181
tap2,371,621,1722,673.3765,1776.075,1.8499999,1567303757152
tap2,39,690,1101,807.25256,1177.3867,2.27,1567303757888
tap2,363,69,1722,161.85014,1761.0828,2.22,1567303758706
tap2,372,690,1722,764.2923,1918.001,0.75,1567303759759
tap2,372,690,1722,505.53192,936.5122,2.1599998,1567303767023
tap2,40,69,1101,208.80666,1178.3862,1.99,1567303767853
tap2,136,0,1170,150.86032,1231.3586,1.64,1567303768629
tap2,386,621,1791,627.41907,1781.0723,2.25,1567303769641
tap2,135,621,1170,721.3321,1244.3519,2.4299998,1567303770377
tap2,377,0,1791,83.922295,1855.0338,1.04,1567303772022
tap2,31,690,1170,766.29047,1282.332,2.06,1567303772839
tap2,378,69,1791,131.8779,1850.0364,1.48,1567303773697
tap2,32,69,1170,139.87048,1310.3175,2.08,1567303774474
tap2,387,690,1791,764.2923,1793.066,1.6899999,1567303775424
tap2,8,138,1101,225.79094,1138.4071,2.19,1567303776242
tap2,373,759,1722,833.2285,1824.0499,2.0,1567303777192
tap2,7,759,1101,871.19336,1138.4071,2.1,1567303777825
tap2,364,138,1722,187.82608,1767.0796,1.79,1567303778653
tap2,374,828,1722,915.15265,1779.0734,1.65,1567303779511
tap2,64,207,1101,272.74747,1163.394,1.8499999,1567303780308
tap2,365,207,1722,311.71136,1746.0906,2.1,1567303781055
tap2,63,828,1101,882.18317,1163.394,1.4599999,1567303781810
tap2,379,138,1791,247.77058,1816.0541,1.86,1567303782618
tap2,3,759,1170,817.2433,1237.3555,1.9599999,1567303783415
tap2,4,138,1170,213.80203,1279.3336,1.88,1567303784202
tap2,388,759,1791,806.2535,1822.051,1.63,1567303785162
tap2,380,207,1791,238.77892,1866.0281,1.01,1567303785959
tap2,35,828,1170,920.148,1279.3336,2.2,1567303786777
tap2,389,828,1791,959.11194,1757.0848,1.02,1567303787553
tap2,36,207,1170,324.69934,1316.3143,1.91,1567303788340
tap2,100,276,1101,331.69287,1233.3575,1.5899999,1567303789117
tap2,375,897,1722,980.0925,1775.0754,1.8,1567303790353
tap2,99,897,1101,944.1258,1183.3837,2.07,1567303791099
tap2,366,276,1722,358.6679,1778.0739,2.11,1567303791876
tap2,368,414,1722,469.56522,1815.0546,1.9599999,1567303792652
tap2,159,621,756,728.3256,816.5747,1.87,1567303793582
tap2,371,621,1722,703.34875,1782.0718,1.9499999,1567303794410
tap2,324,414,756,536.50323,810.5778,2.1499999,1567303795207
tap2,96,276,1170,391.6374,1249.3492,2.07,1567303795922
tap2,390,897,1791,995.0786,1791.0671,1.73,1567303796760
tap2,95,897,1170,967.10455,1212.3685,1.62,1567303797434
tap2,381,276,1791,426.605,1739.0942,1.74,1567303798201
tap2,385,552,1791,620.42554,1806.0593,1.27,1567303798916
tap2,326,345,825,441.59113,856.55383,2.4299998,1567303799785
tap2,382,345,1791,430.6013,1845.039,1.5,1567303800530
tap2,329,552,825,637.4098,912.5247,2.25,1567303801277
tap2,323,483,756,629.41724,797.5846,1.5799999,1567303801920
tap2,372,690,1722,756.29974,1778.0739,1.6999999,1567303802758
tap2,59,690,756,806.2535,819.5731,1.89,1567303803483
tap2,369,483,1722,554.4866,1743.092,1.76,1567303804239
tap2,353,966,1101,1004.0703,1113.42,1.5899999,1567303805037
tap2,367,345,1722,391.6374,1784.0708,1.87,1567303805813
tap2,252,345,1101,457.57632,1233.3575,1.91,1567303806539
tap2,376,966,1722,1043.0342,1718.1051,0.93,1567303807417
tap2,383,414,1791,496.54025,1800.0624,1.17,1567303808173
tap2,155,621,825,698.3534,849.5575,1.89,1567303809001
tap2,328,414,825,505.53192,895.53357,1.8499999,1567303809737
tap2,386,621,1791,691.35986,1836.0437,1.56,1567303810534
tap2,55,690,825,842.22015,870.5466,1.4499999,1567303811270
tap2,384,483,1791,614.4311,1810.0573,1.3199999,1567303811974
tap2,327,483,825,560.481,871.546,1.63,1567303812813
tap2,387,690,1791,737.3173,1833.0453,1.63,1567303813937
drag1,2,311.71136,607.6835,0.65999997,1177.142154,87.33240153915024
drag1,3,699.3525,936.0125,0.59999996,1583.6560009999998,50.646131780065716
drag1,4,710.3423,669.6512,0.78999996,1115.380692,59.434617306635914
drag1,5,420.61053,950.50494,0.81,1777.193462,68.24330447199398
drag1,9,429.60223,877.5429,0.77,1535.404308,53.1296709046802
drag1,17,681.3691,1041.4575,0.76,1973.993923,76.10141108877876
drag1,16,410.6198,1061.4471,0.71,1953.120308,73.96763959183332
drag1,7,705.3469,806.5799,0.79999995,1962.0223079999998,60.90994520835202
drag1,4,721.3321,708.6309,0.58,971.150077,55.25642284522526
drag1,10,390.6383,326.82977,1.1999999,1980.7038459999999,77.41464870691745
drag1,2,377.65033,666.274,0.85999995,2033.6312309999998,61.709379097567606
drag1,11,691.35986,355.81467,0.90999997,2501.850923,44.82209695150113
drag1,4,720.333,615.6793,0.71999997,1288.095,68.7569559882051
drag1,18,409.62073,1226.3612,0.9,1419.493693,73.66785342555731
drag1,2,391.6374,622.67566,0.78,1236.6682309999999,64.211753871035
drag1,19,695.35614,1235.3566,0.82,1510.3417689999999,86.26264764591562
drag1,13,648.473,110.942215,0.84,1797.788462,121.82713584874094
drag1,6,404.62534,512.7329,0.84999996,1401.142231,56.61617318008598
drag1,12,404.27847,213.8886,1.04,963.8869229999999,90.80037786774716
drag1,8,731.3229,525.7262,0.77,1358.0279229999999,64.84665615613527
drag1,19,697.3543,1287.3295,0.74,1448.944231,76.21247581562515
drag1,22,441.8254,1564.1853,0.91999996,1551.727615,41.73673115871118
drag1,18,402.05133,1245.7747,1.0799999,1235.431846,34.08562502116964
drag1,23,728.3256,1555.19,0.62,1470.803308,82.05887450275814
drag1,14,412.61795,33.9823,0.81,1910.633077,103.49092949647874
drag1,11,684.36633,319.8334,1.09,3182.639769,93.46583396347162
drag1,10,365.66144,364.81,0.90999997,1634.48777,120.47829300164996
drag1,15,700.3515,104.945335,0.91999996,1606.365231,66.08240323562227
drag1,17,694.35706,1156.3977,0.96,1734.112846,50.968908760652674
drag1,20,409.62073,1425.2577,0.81,1227.798462,75.85759858213196
drag1,21,654.8533,1388.817,0.84,1470.339847,61.42251974316697
drag1,16,352.67346,1028.4644,0.71,1421.5616929999999,110.88983509872992
drag1,24,235.78168,30.983862,0.81,2046.3846159999998,95.49992200064229
drag1,26,567.47455,426.7777,0.84,3326.251385,68.50373350081844
drag1,27,261.75763,381.80115,0.89,1942.291462,68.65607204805409
drag1,25,455.5782,92.951584,0.87,2260.237615,82.7670973765781
drag1,66,856.2072,1552.1915,0.82,2647.601308,72.99893862799026
drag1,41,527.5116,1247.3503,0.84999996,1369.0796149999999,83.26707253217505
drag1,42,572.9646,1584.1749,0.91999996,890.7216159999999,34.90218841019715
drag1,65,834.2276,1277.3347,1.16,1970.946461,51.37167442208393
drag1,36,245.77243,779.59393,0.93,1812.339231,44.7538420695641
drag1,38,582.4607,1065.0729,1.13,1329.423538,81.9715665432847
drag1,39,270.78293,1099.4274,0.90999997,1429.207923,80.39612419349132
drag1,37,531.56647,805.5804,1.1,2937.794846,83.70065384155839
drag1,16,417.6133,1084.4352,1.12,1326.351923,39.15834799647747
drag1,56,884.18134,929.51587,0.48999998,918.047693,922.3103015122203
drag1,20,413.61703,1392.2748,1.05,1398.996923,119.07903776919342
drag1,53,166.84552,1034.4612,1.2099999,1409.3894619999999,111.35780076091089
drag1,59,831.30005,269.85944,1.1999999,1942.195462,56.19537143241468
drag1,30,533.50604,533.722,0.79999995,1697.412693,73.40260319907914
drag1,29,530.5088,231.87923,1.09,988.8536919999999,121.38646337669594
drag1,60,874.19055,501.73868,1.13,1174.189077,96.82788877510691
drag1,33,566.47546,599.6876,0.88,1522.016077,91.51365666841701
drag1,62,792.2664,968.49554,0.84999996,1187.981616,63.87649860488643
drag1,61,755.30066,643.165,0.88,1787.341692,72.66898181732842
drag1,34,513.52454,981.4888,1.01,1012.493308,74.2090087705096
drag1,6,384.64386,514.7319,1.05,1511.865539,71.15765752594447
drag1,48,73.93155,245.87193,0.62,1256.189846,42.65513198333252
drag1,12,415.87418,251.8688,1.35,1167.350539,76.4285377524765
drag1,49,145.86494,533.722,0.9,1122.933846,40.069743038525964
drag1,51,125.88344,956.5018,0.98999995,1358.025693,67.84672777278008
drag1,2,402.6272,619.67725,1.03,2138.2271539999997,111.83992625476009
drag1,5,417.6133,929.51587,0.78999996,1736.3208459999998,55.47045524007608
drag1,50,161.85014,660.6559,1.1899999,1349.9575379999999,77.39001101624547
drag1,37,567.9741,773.59705,0.87,1126.805077,91.2366361114958
drag1,64,867.197,1127.4127,0.84,1081.8746919999999,81.35878987751644
drag1,38,591.4524,1138.4071,1.0699999,704.24077,70.74008620725928
drag1,63,846.2165,807.57935,0.93,1858.775461,58.70101177299725
drag1,29,498.5384,234.87766,1.1,1490.947539,96.24329093209998
drag1,31,190.82332,633.6699,1.01,1327.5376159999998,73.45898824345402
drag1,28,241.26268,239.63216,0.91999996,1328.896769,70.41455694895845
drag1,30,540.4995,514.7319,1.01,1432.718923,70.53970016339171
drag1,42,540.4995,1564.1853,0.57,1789.1879999999999,69.13478864252943
drag1,40,264.8736,1223.1252,0.65,1207.1731539999998,86.21114388716866
drag1,41,573.15436,1215.2609,0.56,590.105539,103.9321875426761
drag1,43,266.75302,1498.2196,0.98999995,1378.915,45.715441159055715
drag1,45,275.03952,1480.082,0.82,690.711,11.674826018514574
drag1,82,531.5079,1604.1644,0.78999996,1050.633384,105.06330071978971
drag1,80,291.7299,1678.126,1.04,866.5853079999999,60.79416948691262
drag1,44,552.48846,1415.074,0.88,816.372539,57.831406066445254
drag1,57,878.1869,119.93753,0.98999995,1695.410461,47.86975172295712
drag1,26,564.47736,364.81,1.06,1543.858154,84.2582146725244
drag1,58,836.2257,334.8256,0.93,2166.931769,62.98973242849
drag1,25,572.9694,43.477352,0.98999995,1862.316308,84.64118351694519
drag1,64,830.23126,1156.3977,1.03,1909.9276149999998,60.03669986146497
drag1,44,564.47736,1394.2738,0.71999997,2780.212154,70.64091286574747
drag1,38,550.4903,1076.4393,1.0699999,1522.9472309999999,72.98641916953957
drag1,67,855.2081,1399.8163,0.69,1726.763692,76.74932224249346
drag1,9,388.64014,787.8164,1.3299999,1868.277461,87.9357954781381
drag1,53,106.90102,1098.4279,0.97999996,1857.9176149999998,69.14696848907738
drag1,16,426.60498,1113.9198,1.01,1307.466539,81.46015246377412
drag1,52,101.90564,827.569,0.9,1213.945385,64.30654962114689
drag1,74,983.0897,767.6002,0.52,1552.6816159999998,133.7153848439624
drag1,17,688.3626,1095.4294,0.98999995,1521.522231,52.68276917274098
drag1,75,974.0981,1097.4283,1.09,1106.4869999999999,78.32781951374547
drag1,7,704.34784,794.5861,1.29,1398.9416159999998,92.9060640898194
drag1,70,996.4901,242.43886,1.0699999,2389.262923,84.10522043250452
drag1,8,692.35895,508.73502,0.96999997,1829.4821539999998,66.98930682626333
drag1,13,685.3654,244.87245,1.0799999,1350.6947699999998,70.87747597491857
drag1,71,1012.0629,534.7215,0.93,2001.847384,60.156259870776076
drag1,78,1001.07306,1300.8224,0.63,1584.2248459999998,86.55511429314588
drag1,83,685.3654,1625.1536,0.98999995,2074.200847,61.35474459404817
drag1,21,678.3719,1422.2592,1.05,889.6825389999999,45.834885829028075
drag1,85,975.09717,1646.1426,0.91999996,1009.478616,97.10441609301625
drag1,19,709.3432,1250.3488,0.94,1245.510307,72.36090827335546
drag1,77,988.0851,1408.2665,0.64,1337.2749999999999,111.16877342911933
drag1,76,1002.1511,1251.3483,0.94,926.01,53.885695575846114
drag1,23,712.47095,1517.2097,0.84999996,1062.460539,61.68536215136308
drag1,15,677.3728,2.9984384,0.53999996,1613.502847,122.24114763612519
drag1,69,1012.0629,367.8084,0.89,1626.731538,65.46780971190995
drag1,11,711.3414,390.79645,0.81,1748.863692,98.04193032551201
drag1,68,1005.0694,63.966682,0.88,1911.598616,111.672993545489
drag1,21,677.3728,1391.2754,0.85999995,2208.632769,76.63559214589141
drag1,75,962.1092,1125.9658,1.09,1766.92877,58.298797562332474
drag1,17,693.35803,1083.4357,1.23,926.8014619999999,71.97000541818296
drag1,78,970.10175,1400.2706,0.96999997,1399.145077,69.85060202648398
drag1,54,119.88899,1256.3456,0.96,1237.311538,71.4099002596018
drag1,22,415.61517,1481.2285,1.36,2064.805461,85.37394330390427
drag1,18,397.63184,1229.3596,1.11,2225.281,66.09905372784878
drag1,55,76.92877,1555.19,0.93,1400.6539229999998,43.04954807931126
drag1,67,818.2424,1406.2676,1.1,1492.163615,76.87532161794624
drag1,82,539.5005,1686.1218,1.0699999,1800.865615,51.5836917903492
drag1,84,788.27014,1693.1182,0.79999995,1461.0605389999998,61.16360465714144
drag1,44,725.3284,1625.1536,1.17,624.838615,334.56482749645596
drag1,38,551.4894,1111.4211,1.15,1204.836846,27.91702062364034
drag1,45,238.77892,1371.2858,0.93,1513.9916919999998,69.77367053114907
drag1,44,578.1441,1408.2665,1.25,819.005154,80.85264984306556
drag1,39,283.73727,1123.4149,1.2099999,1225.3461539999998,86.81198190171301
drag1,56,102.90472,1382.28,1.16,1142.519385,85.13567709262887
drag1,81,401.6281,1723.1025,0.95,1501.070693,50.20652333272712
drag1,20,407.62256,1387.2775,1.09,918.5873849999999,48.07728953963693
drag1,79,100.90657,1719.1046,1.09,673.666385,61.314462047459436
drag1,33,557.9168,725.7552,1.04,1471.4216159999999,50.854045919702735
drag1,35,269.75024,941.5096,0.88,1807.5078469999999,56.17637133376276
drag1,34,513.8078,927.8003,1.0699999,818.151154,69.39690259328374
drag1,32,238.77892,662.65485,0.97999996,1306.9746149999999,66.95202040213367
drag1,9,377.65033,767.10046,1.03,1104.443616,76.93850269042404
drag1,8,659.38947,503.7376,1.0699999,1480.6641539999998,61.37926819837908
drag1,6,393.63553,539.7189,0.89,1183.715769,82.9714977391593
drag1,7,664.3848,815.5752,1.09,2619.204461,65.64677869827756
drag1,14,376.65125,80.95783,0.94,2002.1480769999998,67.01222709914948
drag1,47,78.92692,399.79178,0.77,1869.331,72.11287217205725
drag1,46,117.89084,116.939095,0.95,1254.2583849999999,55.40459787789744
drag1,10,397.63184,379.8022,1.09,2984.9454619999997,72.15862734865192
drag1,4,667.3821,647.66266,0.87,1020.7423839999999,88.59266354215926
drag1,73,944.1258,972.49347,0.87,1520.493769,77.2400532266819
drag1,72,980.94,664.0472,0.65,1083.858693,84.15259048689316
drag1,3,641.4061,1033.4617,0.96,1164.0798459999999,48.70146578559897
