drag1,2,420.61655,699.63556,1.01,2155.695308,54.484702471455485
drag1,3,692.35895,915.52313,1.03,1604.6431539999999,74.77823454777091
drag1,4,673.3765,691.38196,0.87,1779.051923,58.891360755898084
drag1,5,361.40344,978.49036,0.98999995,1827.976847,45.23813161387959
drag1,9,405.62442,814.57574,1.11,1605.305693,55.906480003997466
drag1,17,684.74084,1062.8213,1.24,1838.3057689999998,57.15693416167738
drag1,16,385.6429,1054.4508,0.84,2117.136077,95.99411025314399
drag1,7,687.3635,779.59393,0.78999996,2046.409923,71.87840068414515
drag1,4,679.9796,698.6361,0.77,1399.734461,68.6374259195267
drag1,10,417.6133,399.79178,0.87,2101.309077,65.7002188286044
drag1,2,397.13232,671.15045,0.69,1461.052847,62.6662126469974
drag1,11,689.3617,358.8131,0.82,1872.547308,78.19076153303631
drag1,4,668.3811,686.64233,0.68,1521.930385,42.293464507689556
drag1,18,361.66513,1258.3446,0.72999996,2365.477615,48.18356080381731
drag1,2,400.62906,655.1588,0.84,2460.101539,73.37801882558409
drag1,19,691.35986,1192.641,0.85999995,2369.1996919999997,55.039953278073874
drag1,13,682.36816,226.69183,1.0,3494.901462,69.49835040014368
drag1,6,377.65033,560.70795,0.94,1695.276923,35.251686139670035
drag1,12,405.62442,230.87975,1.04,1981.456616,51.80258259920959
drag1,8,695.35614,536.2207,0.84,1695.504769,40.1887675379482
drag1,19,662.38666,1260.7351,0.81,2665.907461,31.00066671212108
drag1,22,347.67807,1533.2059,0.77,1572.8890769999998,69.54481333057015
drag1,18,408.62164,1198.9857,0.78,1718.039615,58.160333836013294
drag1,23,703.34875,1470.2343,0.71999997,1348.216307,64.577355762361
drag1,14,411.61887,76.959915,0.9,3801.788462,58.37448662688779
drag1,11,720.333,404.78915,0.90999997,1471.151846,52.33863658382684
drag1,10,395.63367,374.80478,0.84,1760.214,85.01817546187279
drag1,15,696.3552,81.95731,0.76,1818.924231,61.376921295053535
drag1,17,673.3765,1133.4097,0.71,2702.414385,28.784160331480138
drag1,20,358.6679,1442.1823,0.77,1514.2459239999998,26.739070687855328
drag1,21,712.7046,1358.5635,0.64,1595.410616,66.42060403871483
drag1,16,404.62534,1071.4419,0.7,1861.8439999999998,57.48013106425003
drag1,24,277.74283,49.973972,0.82,3091.3863079999996,61.50536602534262
drag1,26,582.4607,377.80322,0.87,1523.796231,62.396983993420044
drag1,27,237.77983,383.8001,0.78,1943.290923,70.61666924331007
drag1,25,521.0176,34.98178,0.87,2001.1012309999999,75.96105634643155
drag1,66,823.23773,1529.2035,0.98999995,2728.3333079999998,26.229330954014777
drag1,41,505.53192,1215.367,0.71999997,1605.457846,94.2708925939364
drag1,42,523.2543,1524.206,0.74,1421.881923,37.16508353095583
drag1,65,813.247,1234.9652,0.82,1370.967385,61.282133618962526
drag1,36,259.7595,797.5846,0.83,2264.973231,59.49941511384643
drag1,38,544.49585,1042.457,0.77,1423.578769,73.1436275877601
drag1,39,200.48615,1166.0645,0.71999997,1258.375693,59.16835989233798
drag1,37,562.4792,772.5359,0.79999995,1656.517231,66.48358330451363
drag1,16,402.6272,1090.432,0.78999996,1584.218385,44.21847491498916
drag1,56,122.43395,1373.737,0.78999996,1758.2526149999999,54.81057992212244
drag1,20,412.61795,1310.3175,0.78999996,1737.602308,76.13626214998193
drag1,53,115.89269,1080.4373,0.69,2045.899616,61.835835395683674
drag1,59,834.0653,210.89015,0.93,2943.319,56.853783996983594
drag1,30,522.4587,533.6644,0.72999996,1532.366308,58.23948645763136
drag1,29,508.76608,226.88182,0.81,1686.6436919999999,80.97979283390728
drag1,60,833.2285,519.7293,0.77,1339.607,46.61929574483983
drag1,33,527.5116,659.65643,0.78,1591.650308,43.737340316580784
drag1,62,817.2433,912.5247,0.69,1288.890923,65.1826804818565
drag1,61,797.76135,677.1473,0.71999997,1297.944385,65.32900471064784
drag1,34,535.50415,970.3977,0.84999996,1346.899846,28.05816948034997
drag1,6,415.61517,534.2218,0.9,1769.956,56.09972928370407
drag1,48,110.777534,222.88391,1.06,1673.723616,90.367393751948
drag1,12,426.10547,177.90733,0.91999996,1910.925923,76.68867723152496
drag1,49,91.914894,524.7267,0.84,1543.1029999999998,64.55934090921195
drag1,51,77.92784,977.49084,0.90999997,1595.663462,25.404859560298693
drag1,2,406.0151,662.264,0.82,1584.346231,56.29735034475406
drag1,5,364.66235,951.5044,0.85999995,1239.215461,40.56771018064747
drag1,50,108.89917,642.52075,0.93,1728.445692,72.41596688676536
drag1,37,549.4912,757.6054,0.72999996,1523.629616,79.74424580164388
drag1,64,802.2572,1087.4336,0.65999997,1246.743154,58.936341800527686
drag1,38,489.54672,1102.5101,0.77,1625.873231,66.5252026669321
drag1,63,821.2396,806.5799,0.79999995,1463.837924,49.00898395125978
drag1,29,529.5097,204.89328,0.74,1650.015077,94.92007963845751
drag1,31,225.43109,577.05963,0.97999996,1585.8236929999998,23.23523044646804
drag1,28,256.76227,235.3774,0.95,1340.6699999999998,50.97226181345126
drag1,30,543.49677,479.75012,0.84,1137.3480769999999,65.28841824466599
drag1,42,514.5236,1596.1686,0.72999996,1868.9789999999998,20.963730102110755
drag1,40,224.29231,1197.3763,0.94,1397.2514609999998,71.02010317361125
drag1,41,582.4607,1259.3441,0.78999996,1196.454,57.87069114409188
drag1,43,221.79463,1579.5192,0.89,1356.913,38.69253419145053
drag1,45,274.7456,1378.2821,0.84999996,1483.6198459999998,48.704489346659756
drag1,82,561.4801,1679.1254,0.81,1413.053308,60.14537726846782
drag1,80,222.64307,1646.1426,0.71,1399.045077,72.35032904683844
drag1,44,509.52823,1362.2904,0.78,1523.844615,73.30703693027459
drag1,57,806.2535,89.9224,0.72999996,2881.562692,83.12960679301436
drag1,26,511.52637,407.7876,0.88,1319.815692,23.268432004102213
drag1,58,896.56067,408.78708,0.84,931.6636159999999,124.60547360995997
drag1,25,526.5125,56.970325,0.69,1683.931077,56.72039653487806
drag1,64,828.2331,1104.4248,0.78,2067.2912309999997,49.07548239057332
drag1,44,514.52356,1388.2769,0.87,1317.936538,31.926016394263684
drag1,38,528.0111,1082.9359,0.75,1238.0099229999998,85.32081680484575
drag1,67,812.31055,1351.2961,0.82,1183.498,72.656559952849
drag1,9,381.64664,799.58356,0.72999996,1542.445231,71.33367238641576
drag1,53,82.793945,1168.5208,0.95,1195.640846,21.340341928272682
drag1,16,431.98865,1089.0442,0.79999995,1156.9649239999999,65.77448369347412
drag1,52,115.89269,789.58875,0.85999995,1368.400385,74.51984351753646
drag1,74,956.1616,766.6007,0.83,2579.186616,71.28633434021502
drag1,17,667.3821,1140.406,0.78,1288.395231,45.42229765590242
drag1,75,978.09436,1125.4138,0.7,831.0884619999999,44.61959318656618
drag1,7,644.0124,784.5914,0.85999995,1643.1169229999998,88.13009583938167
drag1,70,980.0925,229.88026,0.83,1808.371923,68.01035400208423
drag1,8,662.8862,532.72253,0.96999997,2155.81,53.75560160709958
drag1,13,682.36816,221.70724,0.84999996,1492.031769,63.02013933737636
drag1,71,968.57965,463.99655,0.7,1271.5030769999998,65.52527027590384
drag1,78,963.1082,1387.6658,0.9,2114.109077,33.45143800447974
drag1,83,633.96124,1714.5587,0.68,1298.7859999999998,39.395610366409414
drag1,21,704.60443,1360.2915,0.75,1460.8122309999999,42.0755893989852
drag1,85,979.09344,1623.1545,0.71,1309.830307,78.38559874095502
drag1,19,669.3802,1208.8704,0.75,1551.463923,58.40585248548065
drag1,77,989.08417,1515.2108,0.77,1095.742385,50.5158058517834
drag1,76,961.6097,1242.3529,0.82,1091.672,54.990287769219215
drag1,23,666.383,1536.1998,0.89,1266.2615389999999,21.204509833251226
drag1,15,683.36725,61.967724,0.72999996,2697.72477,47.717434457711164
drag1,69,985.34924,344.8204,0.95,1401.876923,78.37060144138427
drag1,11,669.87976,360.31232,0.89,1636.941001,47.52286123155926
drag1,68,976.0962,85.732346,0.89,1738.439154,70.69450624727804
drag1,21,682.36816,1383.2795,0.90999997,2968.745231,52.47275272844843
drag1,75,997.0768,1065.0946,0.78999996,1378.9733079999999,83.97101368610556
drag1,17,661.38763,1095.4294,0.71999997,1534.451846,46.99054962900568
drag1,78,964.1073,1349.2972,0.79999995,1249.5639999999999,65.53553416940181
drag1,54,87.41905,1201.3743,0.81,2266.980923,63.145527472133246
drag1,22,412.1184,1479.7292,0.78999996,1125.522231,67.7031108977019
drag1,18,390.6383,1210.8693,0.81,1267.417692,69.37905133087607
drag1,55,92.91397,1535.2004,0.72999996,1399.170692,25.08050731539461
drag1,67,802.2572,1351.7959,0.84999996,2237.5763079999997,63.38549782789066
drag1,82,518.5199,1665.5276,0.84999996,1492.0489229999998,51.918194455719636
drag1,84,846.2165,1636.1478,0.94,1124.562923,73.56107314880488
drag1,44,524.51434,1381.2233,0.88,1561.5310769999999,66.90992644454988
drag1,38,546.0861,1067.444,0.93,978.332769,51.82700193601916
drag1,45,236.535,1407.267,0.96,1449.309462,9.48541309471638
drag1,44,555.64246,1376.2832,0.68,1195.13277,53.386983092242474
drag1,39,263.7558,1078.2308,0.74,1479.701308,56.04626762554488
drag1,56,97.90935,1387.2775,0.89,1174.930154,31.416397131782155
drag1,81,375.65216,1678.4832,0.74,1247.454384,29.533188719427752
drag1,20,399.08307,1351.3909,0.64,1174.1452299999999,76.69741081874153
drag1,79,94.91212,1663.6335,0.83,1183.4168459999999,41.43573423564611
drag1,33,543.49677,643.6607,0.89,2093.346385,58.39501733687321
drag1,35,244.77336,972.49347,0.71,1350.122846,42.09053557073257
drag1,34,542.4977,949.50543,0.81,1340.669077,72.64834362370708
drag1,32,240.77705,669.6512,0.84,1634.272231,81.94364609851854
drag1,9,389.63922,766.6007,0.72999996,840.268616,41.3482711503459
drag1,8,676.3737,492.74335,0.81,1317.169923,82.6311861463151
drag1,6,380.25394,518.7298,1.0,1902.8927689999998,51.07683934872773
drag1,7,697.3543,745.10095,0.84999996,1094.384616,78.8155443015409
drag1,14,403.62628,82.565895,0.93,1888.366615,51.58645398464719
drag1,47,88.91767,412.785,0.78,1309.002154,23.75083695948918
drag1,46,154.85661,87.954185,0.78999996,1359.2803079999999,66.91313599079729
drag1,10,396.63275,367.8084,0.93,1217.228461,56.31916416758862
drag1,4,660.38855,647.66266,0.84,1020.1891539999999,50.17016924671137
drag1,73,929.2967,914.5237,0.83,1000.781539,65.47091413041552
drag1,72,953.1175,671.2571,0.94,1142.660462,63.2103884276132
drag1,3,645.92737,993.90594,0.74,1103.0716929999999,22.858624127220263
scale2,25,6.246729,3005.9203079999997
scale2,9,-29.30131,2373.841077
scale2,28,1.151722,2238.459385
scale2,10,-7.2643833,1819.124231
scale2,29,-26.079283,3047.9944619999997
scale2,12,12.357376,1828.780462
scale2,30,-10.447826,1961.7267689999999
scale2,13,7.9657516,1625.854077
scale2,32,15.564171,1485.7060769999998
scale2,15,-34.674397,2077.308923
scale2,34,10.387779,1336.6235379999998
scale2,17,14.34573,1480.6803069999999
scale2,1,38.063156,1462.135077
scale2,20,-18.842594,2995.593924
scale2,3,-5.391403,2748.260307
scale2,24,148.17377,1189.34977
scale2,16,-23.957932,1615.7791539999998
scale2,2,1.2678509,1288.7216919999998
scale2,23,-7.0167675,1380.805462
scale2,7,0.91921234,1156.551923
scale2,11,-21.261915,1193.178846
scale2,14,-27.087873,1350.739539
scale2,26,-2.7563152,2018.8487699999998
scale2,35,41.568428,1543.163077
scale2,21,3.551468,1197.159384
scale2,22,81.00108,1233.975538
scale2,27,27.145277,1075.730616
scale2,36,1170.1445,764.272616
scale2,31,23.648443,2405.4313079999997
scale2,19,-15.685272,2250.4874609999997
scale2,4,-1.1570721,1542.677385
scale2,8,18.235388,2762.5853079999997
scale2,5,24.772156,1256.734231
scale2,33,8.472879,2161.753308
scale2,18,18.12826,1625.403846
scale2,6,11.142145,1401.673
scale1,27,14.43322,1350.83577
scale1,46,61.12525,869.565308
scale1,26,35.781647,958.621308
scale1,4,85.86825,722.8597689999999
scale1,43,45.6507,948.8790769999999
scale1,25,39.688488,1795.8069229999999
scale1,42,64.3979,839.838385
scale1,23,79.609375,835.954077
scale1,5,52.125217,856.706385
scale1,24,70.42528,794.665385
scale1,19,17.837334,1285.7666159999999
scale1,2,64.90039,827.700308
scale1,44,67.39972,631.315539
scale1,65,60.91761,868.287846
scale1,45,64.16589,1315.091077
scale1,28,133.16624,563.856077
scale1,13,20.448784,968.748846
scale1,56,41.258503,1100.540307
scale1,40,130.38547,498.31438499999996
scale1,41,137.08202,785.00523
scale1,6,36.366085,907.226769
scale1,51,75.384094,816.8621539999999
scale1,36,46.66326,742.895846
scale1,21,42.527355,794.404846
scale1,8,45.117416,845.760846
scale1,57,96.247955,548.8323839999999
scale1,39,46.2545,682.677154
scale1,9,54.452637,702.533384
scale1,58,77.86402,876.998385
scale1,47,83.11833,590.78
scale1,1,11.010395,907.671154
scale1,35,43.8842,1019.867846
scale1,3,44.11306,804.948847
scale1,17,39.39316,763.571231
scale1,53,42.28569,662.541154
scale1,34,56.563488,825.880769
scale1,18,31.933376,774.313
scale1,50,39.055573,764.279692
scale1,62,27.292717,866.647307
scale1,66,57.430996,845.6799239999999
scale1,20,41.285866,845.9413079999999
scale1,37,76.439644,1683.351846
scale1,32,24.332039,787.279
scale1,31,34.2266,856.361539
scale1,49,25.315487,835.6865389999999
scale1,7,5.4905205,1275.1151539999998
scale1,15,6.27927,868.482846
scale1,10,55.284336,682.0615389999999
scale1,60,24.715015,1521.423077
scale1,63,109.780334,747.2073849999999
scale1,59,87.718414,600.952307
scale1,55,49.54494,776.641308
scale1,14,19.560265,774.147385
scale1,12,13.678013,805.037385
scale1,54,38.566166,766.206769
scale1,52,47.93953,611.035
scale1,48,43.92485,785.1248459999999
scale1,30,30.163204,631.630538
scale1,16,35.171288,692.9874619999999
scale1,11,27.585434,754.1536159999999
scale1,61,95.28875,1806.403001
scale1,38,35.84032,756.7173839999999
scale1,29,55.236717,653.550769
scale1,64,30.745926,702.786308
scale1,22,44.47966,1213.895231
scale1,33,54.541008,703.619462
rotate2,2,0.0,133.262
rotate2,13,0.0,69.200077
rotate2,2,6.768753,4402.482231
rotate2,13,14.037514,2595.090616
rotate2,8,2.6045303,2534.5421539999998
rotate2,3,2.6045303,142.420154
rotate2,7,-51.873184,855.958769
rotate2,2,-3.1783447,1632.634462
rotate2,13,6.1455765,2659.026692
rotate2,8,1.5826492,1473.457846
rotate2,3,-4.150345,1564.905769
rotate2,7,1.9330673,1983.934693
rotate2,12,-2.4673233,1572.5458469999999
rotate2,1,-16.81446,2852.92377
rotate2,11,-1.8275452,1450.9695379999998
rotate2,6,-7.433647,1800.4021539999999
rotate2,10,9.769539,2517.442
rotate2,5,9.975632,1194.5105389999999
rotate2,15,9.975632,123.656077
rotate2,9,46.090775,2389.394539
rotate2,2,-8.901207,1839.481462
rotate2,13,22.5159,1975.9946149999998
rotate2,8,6.565857,1390.4070769999998
rotate2,3,-4.5780487,2117.424846
rotate2,7,-8.666931,2372.843
rotate2,12,-1.0372009,1768.952077
rotate2,1,-3.3467407,1676.726308
rotate2,11,8.310402,1371.474154
rotate2,6,-7.123375,1779.8263849999998
rotate2,10,6.193718,1585.484
rotate2,5,1.8449097,1841.271923
rotate2,15,-1.4896622,1748.378462
rotate2,9,7.6936874,2339.286462
rotate2,4,-2.6094513,2456.642616
rotate2,14,5.919113,1496.4819229999998
rotate1,9,3.9559402,984.803
rotate1,4,-0.40459538,1021.3526159999999
rotate1,13,-0.16086674,1401.6621539999999
rotate1,6,-5.7394543,973.3748459999999
rotate1,15,2.3932896,989.203847
rotate1,2,1.8333263,948.296846
rotate1,10,-3.7185116,835.819
rotate1,5,-2.6946383,1317.9975379999998
rotate1,14,0.3535986,819.353
rotate1,8,-2.5078087,857.5151539999999
rotate1,11,1.3552494,825.1353849999999
rotate1,7,-1.7680864,1062.443384
rotate1,1,-3.9274416,1122.8841539999999
rotate1,12,-1.971982,888.559615
rotate1,3,3.3508377,948.002384
tap2,6,138,480,216.79926,565.7053,1.3199999,1567329656982
tap2,7,759,1101,822.23865,1167.392,0.89,1567329658171
tap2,8,138,1101,205.80943,1165.393,1.04,1567329659468
tap2,9,759,480,827.2341,549.7137,1.09,1567329660746
tap2,164,0,687,81.92415,748.6101,1.17,1567329662207
tap2,183,621,1308,690.3608,1361.291,1.04,1567329663382
tap2,182,0,1308,75.929695,1391.2754,0.83,1567329664577
tap2,163,621,687,708.3441,716.6267,1.13,1567329665660
tap2,242,345,66,431.60037,153.91983,0.97999996,1567329667122
tap2,243,552,1032,630.41626,1075.4398,1.12,1567329668256
tap2,244,345,1032,412.61795,1091.4315,1.0799999,1567329669390
tap2,245,552,66,599.44495,140.92659,1.4399999,1567329670739
tap2,42,69,411,131.8779,461.7595,0.71,1567329671934
tap2,43,690,1032,757.2988,1097.4283,1.15,1567329673099
tap2,45,690,411,766.29047,474.75272,1.09,1567329674264
tap2,44,69,1032,141.86864,1097.4283,1.0,1567329675357
tap2,322,345,756,422.6087,807.57935,1.16,1567329676686
tap2,321,483,1653,566.47546,1724.1019,1.17,1567329677748
tap2,316,345,1653,397.63184,1723.1025,1.18,1567329678678
tap2,323,483,756,551.4894,813.57623,1.14,1567329679781
tap2,2,138,549,202.81221,614.6798,1.22,1567329680895
tap2,3,759,1170,838.2239,1236.3561,1.15,1567329681968
tap2,4,138,1170,182.83072,1209.3701,1.26,1567329682980
tap2,5,759,549,826.235,597.68866,1.17,1567329684083
tap2,11,759,1032,826.235,1103.4253,0.96999997,1567329685166
tap2,10,138,411,225.79094,482.74857,0.88,1567329686413
tap2,12,138,1032,201.81314,1052.4518,0.72999996,1567329687619
tap2,13,759,411,820.24054,488.74542,1.27,1567329688722
tap2,15,759,963,817.2433,1024.4664,1.29,1567329689673
tap2,14,138,342,205.80943,419.78134,1.13,1567329690991
tap2,17,759,342,842.22015,395.79385,1.1,1567329692125
tap2,16,138,963,220.79556,1029.4637,1.0799999,1567329693249
tap2,122,207,66,316.70676,160.91618,1.13,1567329694812
tap2,123,828,687,887.1785,737.6158,1.3399999,1567329695936
tap2,124,207,687,266.75302,773.59705,0.97999996,1567329697091
tap2,125,828,66,908.1591,148.92244,1.4599999,1567329698481
tap2,135,621,1170,703.34875,1250.3488,1.38,1567329699615
tap2,134,0,549,74.93062,596.6892,1.03,1567329700861
tap2,136,0,1170,70.93432,1259.3441,1.1899999,1567329702098
tap2,137,621,549,701.3506,582.6965,1.27,1567329703120
tap2,130,69,66,132.87697,130.93181,0.57,1567329704284
tap2,131,690,687,751.3043,765.60126,0.59999996,1567329705450
tap2,133,690,66,767.28955,144.92451,1.23,1567329706655
tap2,132,69,687,150.86032,770.59863,0.96999997,1567329707831
tap2,127,759,687,839.22296,749.60956,1.3299999,1567329708914
tap2,126,138,66,201.81314,131.93129,1.23,1567329710334
tap2,128,138,687,221.79463,780.59344,1.0,1567329711397
tap2,129,759,66,831.23035,135.9292,1.4499999,1567329712593
tap2,18,138,273,219.79648,314.83603,0.91999996,1567329713758
tap2,19,759,894,827.2341,968.49554,1.31,1567329714882
tap2,20,138,894,209.80574,942.5091,1.3,1567329715914
tap2,21,759,273,842.22015,326.82977,1.0,1567329716986
tap2,35,828,1170,908.1591,1247.3503,1.2099999,1567329718100
tap2,34,207,549,285.73544,616.6788,1.03,1567329719204
tap2,36,207,1170,278.7419,1232.3582,1.13,1567329720236
tap2,37,828,549,903.16376,614.6798,0.95,1567329721279
tap2,26,138,135,219.79648,229.88026,1.4499999,1567329722658
tap2,27,759,756,870.1943,819.5731,1.25,1567329724068
tap2,28,138,756,192.82146,831.5669,1.36,1567329725182
tap2,29,759,135,832.22943,217.8865,0.97999996,1567329726317
tap2,43,690,1032,758.29785,1096.429,1.23,1567329727399
tap2,42,69,411,144.86586,470.7548,0.96,1567329728523
tap2,45,690,411,771.2858,491.74387,1.13,1567329729566
tap2,44,69,1032,146.86401,1088.4331,1.02,1567329730659
tap2,24,138,825,213.80203,901.53046,0.97999996,1567329731783
tap2,25,759,204,813.247,269.85944,1.12,1567329732897
tap2,22,138,204,234.78261,277.8553,1.3299999,1567329734133
tap2,23,759,825,854.20905,897.53253,1.4599999,1567329735370
tap2,38,69,480,148.86217,561.70746,1.25,1567329736596
tap2,39,690,1101,759.29694,1150.4008,1.0699999,1567329737812
tap2,40,69,1101,130.87881,1187.3816,1.03,1567329738844
tap2,41,690,480,772.2849,538.7194,1.15,1567329739927
tap2,33,690,549,775.28217,621.6762,1.37,1567329740918
tap2,32,69,1170,156.85477,1249.3492,1.0,1567329742001
tap2,30,69,549,149.86124,602.6861,1.4499999,1567329743136
tap2,31,690,1170,732.3219,1228.3602,1.11,1567329744239
tap2,46,69,342,137.87234,416.78293,1.38,1567329745394
tap2,47,690,963,761.2951,1014.4716,1.2099999,1567329746539
tap2,48,69,963,147.8631,1025.4658,1.0699999,1567329747571
tap2,49,690,342,767.28955,404.78915,1.3299999,1567329748777
tap2,108,276,963,339.6855,998.4799,1.09,1567329749798
tap2,231,897,1584,940.1295,1660.1353,1.02,1567329750840
tap2,230,276,1584,363.66327,1662.1343,1.1999999,1567329751781
tap2,107,897,963,945.1249,1028.4644,1.25,1567329752782
tap2,143,621,1032,709.3432,1082.4362,1.3199999,1567329753783
tap2,232,0,1653,93.91304,1728.0999,1.25,1567329755040
tap2,233,621,1653,695.35614,1750.0885,1.25,1567329756072
tap2,144,0,1032,87.918594,1110.4216,1.4,1567329757298
tap2,44,69,1032,139.87048,1098.4279,1.38,1567329758279
tap2,235,690,1653,764.2923,1727.1005,0.84,1567329759485
tap2,43,690,1032,755.30066,1075.4398,1.14,1567329760568
tap2,234,69,1653,145.86494,1708.1104,0.96999997,1567329761692
tap2,12,138,1032,220.79556,1114.4196,1.01,1567329762856
tap2,237,759,1653,812.2479,1721.1035,0.65999997,1567329764195
tap2,11,759,1032,842.22015,1071.4419,0.69,1567329765329
tap2,236,138,1653,224.79185,1717.1056,0.98999995,1567329766525
tap2,238,207,1653,288.73267,1729.0994,0.93,1567329767730
tap2,67,828,1032,893.173,1070.4425,1.13,1567329768814
tap2,68,207,1032,278.7419,1101.4263,0.96999997,1567329769999
tap2,239,828,1653,899.1674,1716.1062,1.15,1567329771276
tap2,104,276,1032,349.67624,1092.431,1.09,1567329772370
tap2,241,897,1653,957.1138,1732.0978,0.96999997,1567329773504
tap2,240,276,1653,335.68918,1707.1108,1.1999999,1567329774577
tap2,103,897,1032,993.0805,1093.4304,0.96999997,1567329775639
tap2,50,69,273,154.85661,331.82718,1.04,1567329777049
tap2,51,690,894,774.2831,935.51276,1.25,1567329778296
tap2,52,69,894,150.86032,959.50024,1.0799999,1567329779379
tap2,53,690,273,787.27106,328.82874,0.93,1567329780564
tap2,55,690,825,762.2942,885.53876,1.23,1567329781647
tap2,54,69,204,124.88437,276.8558,1.28,1567329782945
tap2,56,69,825,138.87141,889.5367,1.0,1567329784058
tap2,57,690,204,755.30066,261.86362,1.03,1567329785366
tap2,59,690,756,771.2858,797.5846,1.51,1567329786460
tap2,58,69,135,132.87697,178.90681,1.4,1567329787788
tap2,61,690,135,758.29785,187.90213,1.27,1567329789239
tap2,60,69,756,141.86864,846.5591,1.1,1567329790393
tap2,62,207,480,279.74097,545.71576,1.3299999,1567329791630
tap2,63,828,1101,907.16003,1182.3842,1.0699999,1567329792764
tap2,64,207,1101,284.73636,1162.3945,1.2099999,1567329793816
tap2,65,828,480,920.148,553.7116,1.26,1567329795002
tap2,290,345,480,449.5837,547.7147,0.95,1567329796299
tap2,291,552,1446,633.4135,1501.218,1.17,1567329797382
tap2,293,552,480,619.42645,562.7069,1.35,1567329798619
tap2,292,345,1446,427.60406,1526.2051,1.3,1567329799682
tap2,141,621,480,708.3441,538.7194,0.7,1567329800897
tap2,295,414,1446,500.53653,1506.2155,1.05,1567329801991
tap2,294,414,480,487.54858,549.7137,1.13,1567329803340
tap2,203,621,1446,720.333,1506.2155,1.0799999,1567329804505
tap2,297,483,1446,576.46625,1513.2118,1.37,1567329805445
tap2,41,690,480,787.27106,554.71106,1.14,1567329806517
tap2,296,483,480,560.481,569.70325,1.03,1567329807498
tap2,205,690,1446,747.30804,1487.2253,0.88,1567329808561
tap2,319,414,1653,477.55783,1717.1056,1.12,1567329809562
tap2,325,552,756,631.41534,828.5684,1.3299999,1567329810564
tap2,324,414,756,511.52637,818.57367,1.13,1567329811575
tap2,315,552,1653,613.432,1700.1145,1.3399999,1567329812566
tap2,298,345,549,410.6198,604.68506,1.24,1567329813741
tap2,299,552,1515,627.41907,1552.1915,1.2099999,1567329814824
tap2,301,552,549,639.40796,638.66736,0.72999996,1567329815856
tap2,300,345,1515,407.62256,1547.1941,1.01,1567329816909
tap2,326,345,825,449.5837,866.54865,1.09,1567329817951
tap2,256,483,135,557.4838,228.88078,1.1,1567329819065
tap2,250,345,135,437.59482,176.90785,0.93,1567329820178
tap2,327,483,825,534.50507,864.5497,1.24,1567329821241
tap2,67,828,1032,894.17206,1084.4352,1.3,1567329822385
tap2,66,207,411,270.7493,464.75793,0.72999996,1567329823591
tap2,68,207,1032,294.7271,1087.4336,0.81,1567329824613
tap2,69,828,411,895.17114,487.74594,1.01,1567329825737
tap2,72,207,963,277.74283,1002.47784,0.64,1567329826728
tap2,73,828,342,920.148,422.7798,1.42,1567329827882
tap2,70,207,342,321.70212,383.8001,0.95,1567329829016
tap2,71,828,963,919.1489,1033.4617,1.4,1567329830519
tap2,76,207,894,281.73914,982.4883,0.90999997,1567329831520
tap2,77,828,273,914.15356,351.81674,1.1899999,1567329832613
tap2,74,207,273,297.72433,358.8131,1.31,1567329833655
tap2,75,828,894,919.1489,944.50806,1.1899999,1567329834758
tap2,80,207,825,309.71323,876.54346,1.23,1567329835750
tap2,81,828,204,934.1351,264.86203,1.38,1567329836935
tap2,78,207,204,316.70676,271.8584,1.0699999,1567329838110
tap2,79,828,825,920.148,867.54816,1.28,1567329839469
tap2,84,207,756,276.74374,822.57153,1.28,1567329840624
tap2,85,828,135,897.1693,207.89172,1.3199999,1567329841788
tap2,82,207,135,303.71878,211.88963,1.1999999,1567329842943
tap2,83,828,756,910.1573,779.59393,1.51,1567329844047
tap2,89,621,618,691.35986,690.64026,1.48,1567329845089
tap2,88,0,1239,101.90564,1298.3237,1.15,1567329846243
tap2,87,621,1239,705.3469,1313.3159,1.09,1567329847296
tap2,86,0,618,89.91675,650.6611,1.06,1567329848481
tap2,305,483,1515,558.4829,1597.1681,1.4,1567329849779
tap2,33,690,549,789.2692,620.6767,1.02,1567329850770
tap2,304,483,549,558.4829,607.6835,1.0,1567329851802
tap2,215,690,1515,797.2618,1564.1853,1.01,1567329852946
tap2,309,552,618,648.39966,669.6512,1.17,1567329854070
tap2,308,345,1584,427.60406,1640.1458,1.42,1567329855195
tap2,307,552,1584,637.4098,1638.1467,1.22,1567329856135
tap2,306,345,618,415.61517,662.65485,0.96999997,1567329857289
tap2,258,345,204,436.59573,261.86362,0.98999995,1567329858352
tap2,331,483,894,566.47546,945.5075,1.35,1567329859496
tap2,330,345,894,412.61795,965.49713,1.13,1567329860559
tap2,264,483,204,599.44495,269.85944,1.4599999,1567329861846
tap2,223,621,1584,714.33856,1616.1582,1.1899999,1567329862919
tap2,310,414,618,481.5541,677.64703,1.54,1567329865848
tap2,89,621,618,728.3256,698.6361,1.18,1567329866883
tap2,311,414,1584,494.54208,1620.1561,1.38,1567329868028
tap2,261,552,204,623.4227,267.86047,1.5699999,1567329869367
tap2,322,345,756,432.59946,784.5914,1.1,1567329870531
tap2,262,414,204,513.52454,282.85266,1.02,1567329871665
tap2,333,552,894,646.4015,939.5106,1.3299999,1567329872799
tap2,312,483,618,575.46716,676.6476,0.48,1567329873810
tap2,225,690,1584,756.29974,1655.138,0.83,1567329874863
tap2,93,690,618,772.2849,666.6528,1.1899999,1567329876028
tap2,313,483,1584,560.481,1641.1451,1.35,1567329877152
tap2,91,690,1239,792.2664,1315.315,1.29,1567329878265
tap2,90,69,618,130.87881,658.6569,1.36,1567329879297
tap2,93,690,618,757.2988,665.65326,1.41,1567329880492
tap2,92,69,1239,128.88066,1281.3326,1.15,1567329881575
tap2,108,276,963,369.6577,1016.4706,1.2099999,1567329882536
tap2,109,897,342,988.0851,432.7746,1.3,1567329883670
tap2,106,276,342,376.65125,412.785,1.28,1567329885008
tap2,107,897,963,983.0897,1007.4752,1.39,1567329886347
tap2,100,276,1101,343.68176,1174.3883,1.03,1567329887379
tap2,101,897,480,949.1212,542.71735,0.88,1567329888462
tap2,99,897,1101,972.0999,1161.395,1.01,1567329889524
tap2,98,276,480,367.65958,562.7069,1.36,1567329890976
tap2,105,897,411,973.099,478.75064,1.5799999,1567329892375
tap2,104,276,1032,369.6577,1090.432,1.3,1567329893458
tap2,102,276,411,353.67252,479.75012,0.9,1567329894746
tap2,103,897,1032,997.0768,1085.4347,1.1899999,1567329895869
tap2,97,897,549,976.0962,632.6705,1.35,1567329896871
tap2,96,276,1170,368.65866,1186.3821,1.0799999,1567329897893
tap2,94,276,549,364.66235,595.68976,0.79999995,1567329899150
tap2,95,897,1170,978.09436,1205.3722,1.09,1567329900325
tap2,111,897,894,1003.0712,950.50494,0.7,1567329901377
tap2,110,276,273,362.6642,358.8131,0.62,1567329902716
tap2,112,276,894,368.65866,944.50806,1.2099999,1567329903778
tap2,113,897,273,981.0916,330.8277,1.3199999,1567329904922
tap2,116,276,825,375.65216,881.54083,1.17,1567329906036
tap2,117,897,204,978.09436,289.84903,1.0799999,1567329907181
tap2,114,276,204,361.66513,265.8615,0.64,1567329908519
tap2,115,897,825,976.0962,867.54816,1.14,1567329909643
tap2,119,897,756,981.0916,820.5726,1.18,1567329910624
tap2,118,276,135,356.66974,194.89848,1.02,1567329911983
tap2,121,897,135,991.08234,184.90369,1.09,1567329913260
tap2,120,276,756,352.67346,778.5945,1.1999999,1567329914374
tap2,152,0,894,85.92044,952.5039,1.18,1567329915508
tap2,213,621,1515,698.3534,1579.1775,1.02,1567329916704
tap2,212,0,1515,87.918594,1565.1848,1.06,1567329917807
tap2,151,621,894,706.346,947.5065,1.3299999,1567329918860
tap2,56,69,825,162.84921,886.53827,1.1899999,1567329919943
tap2,205,690,1446,772.2849,1512.2124,1.27,1567329921108
tap2,204,69,1446,155.85568,1520.2081,1.2099999,1567329922252
tap2,55,690,825,769.2877,871.546,0.64,1567329923315
tap2,24,138,825,229.78723,905.5283,1.31,1567329924490
tap2,207,759,1446,819.24146,1515.2108,1.0799999,1567329925665
tap2,206,138,1446,225.79094,1518.2092,1.25,1567329926615
tap2,23,759,825,823.23773,883.5398,1.26,1567329927586
tap2,80,207,825,284.73636,899.5315,1.03,1567329928567
tap2,209,828,1446,891.17487,1506.2155,1.0799999,1567329929619
tap2,208,207,1446,309.71323,1504.2166,1.27,1567329930559
tap2,79,828,825,914.15356,866.54865,0.75,1567329931570
tap2,115,897,825,976.0962,864.5497,1.3299999,1567329932531
tap2,210,276,1446,341.68362,1487.2253,1.39,1567329933523
tap2,116,276,825,353.67252,896.533,1.54,1567329934728
tap2,211,897,1446,959.11194,1521.2076,1.26,1567329936240
tap2,203,621,1446,707.34503,1501.218,1.4,1567329937374
tap2,156,0,825,59.944496,882.54034,1.0699999,1567329938651
tap2,202,0,1446,103.90379,1478.2301,1.39,1567329940092
tap2,155,621,825,681.3691,871.546,1.36,1567329941400
tap2,52,69,894,131.8779,971.494,1.39,1567329942554
tap2,215,690,1515,760.296,1568.1832,1.27,1567329943852
tap2,51,690,894,775.28217,930.5153,1.49,1567329944955
tap2,214,69,1515,122.886215,1558.1884,1.24,1567329946018
tap2,216,138,1515,207.80759,1583.1754,1.13,1567329947050
tap2,19,759,894,828.2331,945.5075,1.37,1567329948133
tap2,217,759,1515,831.23035,1578.178,1.36,1567329949257
tap2,20,138,894,230.78632,951.5044,1.2099999,1567329950493
tap2,141,621,480,703.34875,535.72095,0.87,1567329951658
tap2,140,0,1101,94.91212,1147.4023,0.63,1567329952986
tap2,138,0,480,88.91767,538.7194,1.01,1567329954355
tap2,139,621,1101,701.3506,1141.4055,1.1,1567329955592
tap2,142,0,411,97.90935,465.75742,0.62,1567329956900
tap2,143,621,1032,710.3423,1072.4414,1.25,1567329958065
tap2,144,0,1032,82.92322,1099.4274,1.39,1567329959281
tap2,145,621,411,726.32745,466.7569,1.39,1567329960435
tap2,148,0,963,97.90935,1018.46954,1.1999999,1567329961682
tap2,149,621,342,720.333,424.77875,1.06,1567329962816
tap2,147,621,963,705.3469,1049.4534,1.38,1567329963889
tap2,146,0,342,101.90564,371.80634,1.22,1567329965217
tap2,153,621,273,718.3349,343.82092,1.3199999,1567329966433
tap2,152,0,894,98.90842,953.50336,1.54,1567329967823
tap2,150,0,273,107.90009,349.81778,1.28,1567329969069
tap2,151,621,894,696.3552,961.4992,1.48,1567329970306
tap2,266,345,273,460.57355,355.81467,1.24,1567329971512
tap2,267,552,1239,637.4098,1281.3326,1.29,1567329972575
tap2,269,552,273,648.39966,321.83237,1.4499999,1567329973770
tap2,268,345,1239,413.61703,1307.3191,1.42,1567329974822
tap2,271,414,1239,503.53375,1284.331,1.49,1567329975773
tap2,153,621,273,728.3256,342.82144,1.03,1567329976968
tap2,270,414,273,500.53653,314.83603,0.9,1567329978102
tap2,87,621,1239,703.34875,1259.3441,0.84,1567329979063
tap2,91,690,1239,783.2748,1307.3191,1.49,1567329979942
tap2,272,483,273,570.4718,316.83496,1.11,1567329981260
tap2,273,483,1239,554.4866,1279.3336,1.38,1567329982312
tap2,53,690,273,781.2766,340.82248,1.3399999,1567329983375
tap2,277,552,342,645.4024,423.77927,1.4399999,1567329984468
tap2,276,345,1308,440.59204,1342.3009,0.94,1567329985521
tap2,274,345,342,428.60315,438.77145,0.97999996,1567329986737
tap2,275,552,1308,623.4227,1376.2832,1.49,1567329987758
tap2,183,621,1308,715.33765,1350.2966,1.51,1567329988658
tap2,278,414,342,507.53006,420.78082,1.24,1567329989741
tap2,149,621,342,707.34503,417.7824,1.4499999,1567329990752
tap2,279,414,1308,492.54395,1350.2966,1.25,1567329991753
tap2,281,483,1308,571.4709,1367.2878,1.35,1567329992653
tap2,49,690,342,783.2748,421.7803,1.25,1567329993766
tap2,280,483,342,575.46716,414.78397,1.24,1567329994829
tap2,185,690,1308,755.30066,1367.2878,1.42,1567329995923
tap2,156,0,825,84.92137,878.5424,1.39,1567329997036
tap2,157,621,204,707.34503,259.86465,1.5,1567329998048
tap2,155,621,825,735.31915,878.5424,1.48,1567329999029
tap2,154,0,204,79.925995,251.8688,1.4399999,1567330000255
tap2,158,0,135,106.90102,192.89952,1.36,1567330001502
tap2,159,621,756,706.346,799.58356,1.4599999,1567330002575
tap2,160,0,756,96.91027,831.5669,1.3199999,1567330003668
tap2,161,621,135,722.3312,191.90005,1.54,1567330004813
tap2,162,0,66,88.91767,136.92868,1.35,1567330006111
tap2,163,621,687,726.32745,759.6044,1.22,1567330007215
tap2,164,0,687,76.92877,750.609,0.89,1567330008338
tap2,165,621,66,714.33856,139.92712,1.29,1567330009626
tap2,169,897,66,963.1082,133.93024,1.7099999,1567330010893
tap2,168,276,687,369.6577,727.62103,1.4599999,1567330012008
tap2,166,276,66,372.65494,123.93545,1.4699999,1567330013254
tap2,167,897,687,985.0879,752.608,1.3299999,1567330014347
tap2,170,138,618,219.79648,687.64185,1.29,1567330015502
tap2,171,759,1239,838.2239,1297.3242,1.1899999,1567330016493
tap2,173,759,618,835.2266,687.64185,1.3199999,1567330017587
tap2,172,138,1239,199.81499,1320.3123,1.38,1567330018609
tap2,177,828,618,918.14984,688.6413,1.51,1567330019620
tap2,176,207,1239,289.73172,1302.3217,1.51,1567330020612
tap2,174,207,618,298.72342,682.6444,1.2099999,1567330021695
tap2,175,828,1239,915.15265,1273.3368,1.16,1567330022696
tap2,133,690,66,830.23126,136.92868,1.64,1567330024188
tap2,249,483,1032,569.4727,1039.4586,1.3299999,1567330025190
tap2,43,690,1032,791.26733,1069.443,1.53,1567330026058
tap2,248,483,66,571.4709,148.92244,1.5899999,1567330027315
tap2,251,552,1101,639.40796,1142.405,1.3399999,1567330028347
tap2,250,345,135,444.58835,170.91098,1.37,1567330029553
tap2,252,345,1101,419.61148,1147.4023,1.06,1567330030636
tap2,253,552,135,637.4098,181.90526,1.79,1567330031801
tap2,254,414,135,510.52728,206.89224,1.5999999,1567330032935
tap2,139,621,1101,699.3525,1142.405,1.35,1567330033968
tap2,161,621,135,705.3469,214.88808,1.39,1567330035143
tap2,255,414,1101,489.54672,1151.4003,1.41,1567330036144
tap2,178,276,618,362.6642,655.6585,1.26,1567330037125
tap2,179,897,1239,973.099,1284.331,1.29,1567330038066
tap2,181,897,618,968.10364,696.63715,1.3299999,1567330039190
tap2,180,276,1239,358.6679,1296.3248,1.4399999,1567330040140
tap2,132,69,687,142.86772,738.6153,1.14,1567330041244
tap2,185,690,1308,798.26086,1352.2957,1.25,1567330042255
tap2,184,69,1308,156.85477,1378.2821,1.3,1567330043339
tap2,131,690,687,778.27936,706.63196,1.3299999,1567330044371
tap2,127,759,687,864.1998,764.60175,1.51,1567330045332
tap2,187,759,1308,841.22107,1360.2915,1.18,1567330046241
tap2,186,138,1308,210.80481,1388.2769,1.35,1567330047212
tap2,126,138,66,218.79741,119.93753,1.29,1567330049122
tap2,123,828,687,926.14246,702.63403,1.43,1567330050247
tap2,188,207,1308,282.73822,1337.3035,1.4499999,1567330051258
tap2,124,207,687,300.72156,767.6002,1.52,1567330052382
tap2,189,828,1308,923.14526,1337.3035,1.2099999,1567330053292
tap2,317,552,687,625.4209,752.608,1.43,1567330054293
tap2,316,345,1653,400.62906,1714.1072,1.54,1567330055346
tap2,314,345,687,459.57446,749.60956,1.42,1567330056501
tap2,315,552,1653,639.40796,1736.0957,1.4,1567330057614
tap2,266,345,273,438.5939,356.81415,0.55,1567330058790
tap2,335,483,963,578.4644,992.48303,1.26,1567330060006
tap2,272,483,273,575.46716,356.81415,1.27,1567330061130
tap2,334,345,963,430.6013,998.4799,1.27,1567330062162
tap2,318,414,687,509.52823,749.60956,1.01,1567330063164
tap2,233,621,1653,709.3432,1684.1228,0.90999997,1567330064206
tap2,163,621,687,710.3423,737.6158,1.43,1567330065360
tap2,319,414,1653,490.5458,1688.1207,1.18,1567330066433
tap2,269,552,273,649.3987,344.8204,0.84999996,1567330067568
tap2,336,414,963,475.55966,982.4883,1.01,1567330068671
tap2,337,552,963,646.4015,1011.47314,1.09,1567330069663
tap2,270,414,273,525.5134,332.82663,0.84,1567330070776
tap2,168,276,687,361.66513,736.61633,1.2099999,1567330071798
tap2,191,897,1308,972.0999,1383.2795,1.42,1567330072800
tap2,167,897,687,970.10175,734.6174,1.56,1567330073770
tap2,190,276,1308,358.6679,1362.2904,1.24,1567330074772
tap2,192,0,1377,81.92415,1440.2499,1.1,1567330075783
tap2,160,0,756,84.92137,822.57153,1.3299999,1567330076979
tap2,193,621,1377,695.35614,1404.2686,1.13,1567330077991
tap2,159,621,756,705.3469,806.5799,1.41,1567330078951
tap2,194,69,1377,142.86772,1433.2534,1.15,1567330080024
tap2,59,690,756,778.27936,808.57886,1.3199999,1567330081005
tap2,60,69,756,167.84459,803.5814,1.03,1567330082068
tap2,195,690,1377,753.3025,1425.2577,1.25,1567330083029
tap2,28,138,756,229.78723,809.5783,1.43,1567330084051
tap2,197,759,1377,819.24146,1417.2618,1.25,1567330085042
tap2,27,759,756,818.2424,800.583,1.4699999,1567330086054
tap2,196,138,1377,222.79372,1408.2665,1.13,1567330087065
tap2,84,207,756,281.73914,809.5783,1.0799999,1567330088057
tap2,199,828,1377,902.1647,1430.255,1.26,1567330089048
tap2,83,828,756,899.1674,834.5653,1.41,1567330090029
tap2,198,207,1377,298.72342,1441.2493,1.48,1567330091061
tap2,200,276,1377,363.66327,1425.2577,1.4499999,1567330091909
tap2,119,897,756,965.1064,840.5622,1.37,1567330092910
tap2,120,276,756,368.65866,809.5783,1.15,1567330093943
tap2,201,897,1377,954.1166,1428.2561,1.36,1567330094852
tap2,242,345,66,440.59204,118.93805,1.2099999,1567330096201
tap2,347,966,687,1035.0416,684.6434,0.91999996,1567330097274
tap2,338,966,66,1043.0342,138.92764,0.90999997,1567330098521
tap2,314,345,687,446.5865,733.61786,1.18,1567330099655
tap2,322,345,756,444.58835,827.569,1.42,1567330100708
tap2,339,966,135,1032.0444,202.89432,0.94,1567330101862
tap2,348,966,756,1046.0315,809.5783,0.84999996,1567330103017
tap2,250,345,135,418.6124,204.89328,0.91999996,1567330104182
tap2,258,345,204,432.59946,274.85684,1.05,1567330105348
tap2,349,966,825,1034.0426,871.546,1.01,1567330106369
tap2,340,966,204,1030.0463,240.87454,1.09,1567330107442
tap2,326,345,825,421.60962,888.5372,1.26,1567330108567
tap2,330,345,894,419.61148,948.506,1.3299999,1567330109609
tap2,341,966,273,1039.038,332.82663,0.97999996,1567330110682
tap2,266,345,273,471.56335,364.81,0.83,1567330111847
tap2,350,966,894,1038.0388,910.52576,0.91999996,1567330112930
tap2,76,207,894,307.7151,939.5106,1.36,1567330113973
tap2,219,828,1515,906.16095,1559.1879,1.28,1567330115025
tap2,218,207,1515,294.7271,1594.1697,1.0,1567330116006
tap2,75,828,894,918.14984,915.52313,1.53,1567330117069
tap2,220,276,1515,351.67438,1565.1848,1.31,1567330118060
tap2,111,897,894,972.0999,945.5075,1.36,1567330119092
tap2,112,276,894,377.65033,947.5065,1.31,1567330120227
tap2,221,897,1515,972.0999,1553.191,1.31,1567330121259
tap2,225,690,1584,787.27106,1624.154,1.39,1567330122117
tap2,48,69,963,161.85014,1023.4669,1.1999999,1567330123354
tap2,47,690,963,787.27106,1023.4669,1.52,1567330124580
tap2,224,69,1584,149.86124,1619.1566,1.38,1567330125633
tap2,165,621,66,719.334,137.92816,1.6999999,1567330127319
tap2,247,414,1032,493.54303,1067.444,1.35,1567330128474
tap2,143,621,1032,696.3552,1084.4352,1.03,1567330129362
tap2,246,414,66,505.53192,145.924,1.06,1567330130813
tap2,15,759,963,838.2239,1015.47107,1.29,1567330131938
tap2,226,138,1584,210.80481,1646.1426,1.25,1567330133000
tap2,227,759,1584,835.2266,1655.138,1.42,1567330134104
tap2,16,138,963,229.78723,1036.4602,1.29,1567330135228
tap2,72,207,963,271.74838,1005.4763,1.25,1567330136332
tap2,229,828,1584,912.1554,1627.1525,1.2099999,1567330137507
tap2,71,828,963,928.1406,1024.4664,1.3399999,1567330138448
tap2,228,207,1584,305.71692,1638.1467,1.43,1567330139551
tap2,242,345,66,422.6087,131.93129,1.29,1567330141012
tap2,243,552,1032,627.41907,1077.4388,1.18,1567330142085
tap2,244,345,1032,405.62442,1105.4242,1.09,1567330143097
tap2,245,552,66,624.4218,135.9292,1.24,1567330144538
tap2,148,0,963,93.91304,1019.469,1.3299999,1567330145836
tap2,223,621,1584,676.3737,1667.1317,1.22,1567330146929
tap2,147,621,963,703.34875,1007.4752,1.3299999,1567330147869
tap2,222,0,1584,84.92137,1621.1556,1.1,1567330148963
tap2,252,345,1101,424.60684,1146.4028,1.1899999,1567330149995
tap2,344,966,480,1053.025,560.70795,0.71,1567330151098
tap2,290,345,480,433.5985,532.72253,1.37,1567330152315
tap2,353,966,1101,1032.0444,1121.4159,1.04,1567330153551
tap2,345,966,549,1043.0342,599.6876,0.85999995,1567330154624
tap2,260,345,1170,448.58466,1212.3685,1.48,1567330155738
tap2,354,966,1170,1029.0472,1202.3738,0.98999995,1567330156852
tap2,298,345,549,427.60406,592.6913,0.93,1567330158017
tap2,346,966,618,1009.0657,662.65485,1.27,1567330159233
tap2,268,345,1239,425.60593,1253.3472,1.1999999,1567330160368
tap2,355,966,1239,1035.0416,1273.3368,0.94,1567330161502
tap2,306,345,618,411.61887,656.65796,1.14,1567330162708
tap2,314,345,687,412.61795,740.61426,1.37,1567330163791
tap2,356,966,1308,1030.0463,1295.3253,0.87,1567330164844
tap2,347,966,687,1015.0601,723.6231,1.15,1567330165743
tap2,276,345,1308,417.6133,1340.3019,1.3,1567330166806
tap2,257,483,1101,542.4977,1142.405,1.25,1567330167849
tap2,61,690,135,782.2757,203.8938,0.84999996,1567330169208
tap2,39,690,1101,757.2988,1119.417,1.1,1567330170281
tap2,256,483,135,581.4616,189.9011,0.91999996,1567330171477
tap2,258,345,204,419.61148,245.87193,0.79999995,1567330172662
tap2,259,552,1170,624.4218,1186.3821,1.16,1567330173817
tap2,260,345,1170,421.60962,1214.3674,1.29,1567330174819
tap2,261,552,204,632.4144,260.86414,1.13,1567330175994
tap2,157,621,204,701.3506,253.86777,1.52,1567330177088
tap2,263,414,1170,504.53284,1218.3654,1.22,1567330178243
tap2,262,414,204,509.52823,263.86258,1.0699999,1567330179419
tap2,135,621,1170,707.34503,1203.3732,1.17,1567330180511
tap2,244,345,1032,409.62073,1097.4283,1.15,1567330181544
tap2,361,966,1653,1019.05646,1694.1176,1.0799999,1567330182617
tap2,352,966,1032,1023.05273,1085.4347,1.3399999,1567330185158
tap2,316,345,1653,429.60223,1693.1182,1.49,1567330186153
tap2,282,345,411,420.61053,499.73972,1.4399999,1567330187430
tap2,283,552,1377,636.4107,1401.2701,1.5899999,1567330188636
tap2,284,345,1377,454.5791,1394.2738,0.87,1567330189781
tap2,285,552,411,643.40424,489.7449,1.5,1567330190977
tap2,145,621,411,713.3395,466.7569,1.1999999,1567330192070
tap2,287,414,1377,506.531,1404.2686,1.4,1567330193204
tap2,193,621,1377,732.3219,1407.267,1.3,1567330194267
tap2,286,414,411,517.5208,459.76053,1.1,1567330195565
tap2,288,483,411,585.4579,480.7496,1.28,1567330196638
tap2,195,690,1377,772.2849,1408.2665,1.5,1567330197803
tap2,289,483,1377,552.48846,1438.2509,1.2099999,1567330198723
tap2,45,690,411,798.26086,485.747,1.31,1567330199899
tap2,31,690,1170,787.27106,1194.3779,1.13,1567330200911
tap2,264,483,204,585.4579,247.8709,0.48999998,1567330202096
tap2,57,690,204,797.2618,254.86725,1.54,1567330203200
tap2,265,483,1170,567.47455,1214.3674,1.4,1567330204304
tap2,300,345,1515,410.6198,1566.1842,1.37,1567330205306
tap2,350,966,894,1036.0406,957.5013,1.04,1567330206338
tap2,330,345,894,424.60684,956.5018,1.49,1567330207391
tap2,359,966,1515,1028.0481,1564.1853,1.06,1567330208443
tap2,351,966,963,1030.0463,1022.46747,1.12,1567330209404
tap2,308,345,1584,420.61053,1624.154,1.5799999,1567330210406
tap2,360,966,1584,1021.05457,1623.1545,1.1999999,1567330211653
tap2,334,345,963,439.59296,1003.47736,1.3399999,1567330212849
tap2,137,621,549,711.3414,614.6798,1.54,1567330213861
tap2,303,414,1515,481.5541,1560.1874,1.18,1567330214934
tap2,213,621,1515,718.3349,1559.1879,1.13,1567330215905
tap2,302,414,549,504.53284,613.68036,0.98999995,1567330217039
tap2,254,414,135,500.53653,176.90785,1.16,1567330218215
tap2,329,552,825,636.4107,885.53876,1.25,1567330219462
tap2,253,552,135,640.40704,174.90889,1.39,1567330220637
tap2,328,414,825,500.53653,872.54553,1.3,1567330221700
tap2,334,345,963,419.61148,998.4799,1.3,1567330222661
tap2,342,966,342,1054.024,400.79126,0.7,1567330223744
tap2,274,345,342,442.5902,379.8022,1.36,1567330224991
tap2,351,966,963,1054.024,997.48047,0.75,1567330226044
tap2,282,345,411,459.57446,478.75064,1.53,1567330227209
tap2,352,966,1032,1044.0333,1068.4435,0.9,1567330228394
tap2,343,966,411,1032.0444,454.76312,0.94,1567330229426
tap2,244,345,1032,441.59113,1064.4456,1.26,1567330230500
tap2,322,345,756,422.6087,829.56793,0.97999996,1567330231563
tap2,357,966,1377,1052.0259,1414.2634,0.78,1567330232768
tap2,348,966,756,1011.06384,818.57367,1.27,1567330233739
tap2,284,345,1377,443.58926,1432.254,1.31,1567330234813
tap2,292,345,1446,418.6124,1497.2202,1.12,1567330235824
tap2,349,966,825,1019.05646,878.5424,1.1999999,1567330236846
tap2,326,345,825,428.60315,872.54553,1.56,1567330237961
tap2,358,966,1446,1054.024,1457.241,0.65,1567330239003
tap2,131,690,687,768.28864,770.59863,1.35,1567330240168
tap2,321,483,1653,586.457,1691.1191,1.2099999,1567330241251
tap2,320,483,687,611.43384,750.609,1.5,1567330242438
tap2,235,690,1653,778.27936,1687.1212,1.52,1567330243663
tap2,362,0,1722,112.89547,1753.0869,1.55,1567330244746
tap2,139,621,1101,703.34875,1147.4023,1.4699999,1567330245871
tap2,140,0,1101,90.91582,1156.3977,1.3299999,1567330247056
tap2,371,621,1722,689.3617,1785.0702,1.3199999,1567330248170
tap2,39,690,1101,778.27936,1140.406,1.51,1567330249090
tap2,363,69,1722,154.85661,1770.078,1.4699999,1567330250224
tap2,372,690,1722,772.2849,1785.0702,1.55,1567330251338
tap2,40,69,1101,162.84921,1166.3925,1.14,1567330252483
tap2,136,0,1170,81.92415,1226.3612,1.35,1567330253586
tap2,386,621,1791,683.36725,1815.0546,1.4399999,1567330254629
tap2,135,621,1170,706.346,1217.366,1.5699999,1567330255610
tap2,377,0,1791,107.90009,1837.0432,1.28,1567330256693
tap2,31,690,1170,745.3099,1249.3492,1.61,1567330257756
tap2,378,69,1791,124.88437,1842.0405,1.17,1567330258737
tap2,32,69,1170,152.85846,1229.3596,1.29,1567330259912
tap2,387,690,1791,795.2637,1832.0458,1.1999999,1567330260903
tap2,8,138,1101,225.79094,1169.3909,1.3,1567330261997
tap2,373,759,1722,824.2368,1771.0775,1.3299999,1567330262938
tap2,7,759,1101,867.197,1153.3993,1.51,1567330263867
tap2,364,138,1722,223.79279,1762.0822,1.4699999,1567330264910
tap2,374,828,1722,913.1545,1794.0656,1.26,1567330266105
tap2,64,207,1101,305.71692,1194.3779,1.25,1567330267189
tap2,365,207,1722,288.73267,1774.0759,1.38,1567330268261
tap2,63,828,1101,927.14154,1163.394,1.53,1567330269253
tap2,379,138,1791,215.80019,1831.0463,0.94,1567330270356
tap2,3,759,1170,847.2156,1238.355,1.56,1567330271287
tap2,4,138,1170,224.79185,1230.3591,1.41,1567330272391
tap2,388,759,1791,837.2248,1825.0494,1.1999999,1567330273504
tap2,380,207,1791,267.75208,1847.038,1.04,1567330274587
tap2,35,828,1170,899.1674,1237.3555,1.24,1567330275538
tap2,389,828,1791,911.1564,1821.0515,1.16,1567330276560
tap2,36,207,1170,298.72342,1233.3575,1.36,1567330277613
tap2,100,276,1101,369.6577,1179.3857,1.11,1567330278645
tap2,375,897,1722,986.087,1762.0822,1.35,1567330279718
tap2,99,897,1101,984.0888,1163.394,1.5,1567330280556
tap2,366,276,1722,347.67807,1768.0791,1.37,1567330281629
tap2,368,414,1722,506.531,1752.0874,1.29,1567330282682
tap2,159,621,756,722.3312,812.5768,1.04,1567330283673
tap2,371,621,1722,713.3395,1781.0723,1.41,1567330284848
tap2,324,414,756,519.519,851.55646,1.28,1567330285850
tap2,96,276,1170,352.67346,1206.3717,1.31,1567330286760
tap2,390,897,1791,948.12213,1835.0442,1.1899999,1567330287894
tap2,95,897,1170,984.0888,1226.3612,1.48,1567330288701
tap2,381,276,1791,356.66974,1813.0557,1.14,1567330289764
tap2,385,552,1791,624.4218,1818.0531,1.11,1567330290755
tap2,326,345,825,445.58743,880.5414,1.3199999,1567330291747
tap2,382,345,1791,414.6161,1821.0515,1.1899999,1567330292881
tap2,329,552,825,650.39777,875.54395,1.25,1567330294098
tap2,323,483,756,593.4505,825.57,1.54,1567330295140
tap2,372,690,1722,762.2942,1786.0697,1.17,1567330296234
tap2,59,690,756,804.2553,831.5669,1.42,1567330297286
tap2,369,483,1722,591.4524,1767.0796,1.27,1567330298359
tap2,353,966,1101,1040.037,1170.3904,0.96,1567330299442
tap2,367,345,1722,433.5985,1775.0754,1.23,1567330300444
tap2,252,345,1101,425.60593,1162.3945,1.3,1567330301426
tap2,376,966,1722,1024.0518,1791.0671,1.1,1567330302672
tap2,383,414,1791,504.53284,1844.0396,1.14,1567330303684
tap2,155,621,825,711.3414,898.532,1.61,1567330304706
tap2,328,414,825,539.5005,875.54395,1.14,1567330305585
tap2,386,621,1791,718.3349,1821.0515,1.16,1567330306760
tap2,55,690,825,781.2766,871.546,1.35,1567330307844
tap2,384,483,1791,578.4644,1819.0525,1.17,1567330308958
tap2,327,483,825,567.47455,869.5471,1.42,1567330310041
tap2,387,690,1791,782.2757,1829.0474,1.27,1567330311166
tap1,2,288,642,438.5939,696.63715,0.85999995,1567330387962
tap1,3,576,930,708.3441,1021.46796,0.82,1567330389088
tap1,4,576,642,679.371,710.6299,0.97999996,1567330390181
tap1,5,288,930,421.60962,1000.4789,1.18,1567330391316
tap1,9,288,786,411.61887,875.54395,0.84,1567330392419
tap1,17,576,1074,701.3506,1162.3945,1.13,1567330394064
tap1,16,288,1074,402.6272,1146.4028,1.23,1567330395218
tap1,7,576,786,710.3423,909.52625,0.98999995,1567330396321
tap1,4,576,642,700.3515,749.60956,1.3299999,1567330397435
tap1,10,288,354,416.61426,454.76312,0.38,1567330398538
tap1,2,288,642,402.6272,726.6215,1.3199999,1567330399662
tap1,11,576,354,705.3469,443.76886,1.37,1567330400633
tap1,4,576,642,699.3525,736.61633,1.22,1567330401634
tap1,18,288,1218,421.60962,1316.3143,1.37,1567330402604
tap1,2,288,642,417.6133,752.608,1.24,1567330403657
tap1,19,576,1218,713.3395,1340.3019,1.27,1567330404607
tap1,13,576,210,712.34045,275.85632,0.5,1567330405587
tap1,6,288,498,440.59204,600.68713,1.3199999,1567330406629
tap1,12,288,210,445.58743,306.84018,1.16,1567330407590
tap1,8,576,498,694.35706,605.6845,1.63,1567330408601
tap1,19,576,1218,701.3506,1323.3108,1.25,1567330409571
tap1,22,288,1506,424.60684,1599.1671,1.36,1567330410420
tap1,18,288,1218,408.62164,1298.3237,1.4,1567330411472
tap1,23,576,1506,705.3469,1595.1692,1.5899999,1567330412340
tap1,14,288,66,427.60406,151.92087,1.3299999,1567330413607
tap1,11,576,354,696.3552,473.75323,1.49,1567330414567
tap1,10,288,354,409.62073,469.7553,1.24,1567330415456
tap1,15,576,66,708.3441,158.91722,1.13,1567330416416
tap1,17,576,1074,708.3441,1193.3784,1.4399999,1567330417489
tap1,20,288,1362,410.6198,1439.2504,1.31,1567330418388
tap1,21,576,1362,706.346,1462.2384,1.35,1567330419236
tap1,16,288,1074,425.60593,1160.3956,0.9,1567330420156
tap1,9,288,786,427.60406,899.5315,1.22,1567330421136
tap1,8,576,498,702.3497,627.6731,1.4699999,1567330422137
tap1,6,288,498,429.60223,581.697,0.42,1567330423230
tap1,7,576,786,689.3617,881.54083,0.89,1567330424201
tap1,24,144,66,272.74747,153.91983,1.37,1567330425429
tap1,26,432,354,565.47644,462.75897,1.1999999,1567330426377
tap1,27,144,354,273.74652,445.76782,1.13,1567330427388
tap1,25,432,66,579.46344,151.92087,1.5,1567330428369
tap1,66,720,1506,851.21185,1623.1545,1.22,1567330429462
tap1,41,432,1218,552.48846,1302.3217,1.56,1567330430341
tap1,42,432,1506,520.51807,1628.152,1.4,1567330431138
tap1,65,720,1218,834.2276,1328.3081,1.3299999,1567330431955
tap1,36,144,786,273.74652,848.55804,1.37,1567330432885
tap1,38,432,1074,552.48846,1192.3789,1.4599999,1567330433784
tap1,39,144,1074,276.74374,1140.406,1.24,1567330434652
tap1,37,432,786,561.4801,878.5424,1.36,1567330435562
tap1,16,288,1074,418.6124,1181.3846,1.31,1567330436471
tap1,56,0,1362,134.87512,1461.2389,1.4599999,1567330437410
tap1,20,288,1362,429.60223,1479.2295,1.4399999,1567330438289
tap1,53,0,1074,146.86401,1191.3795,1.41,1567330439331
tap1,59,720,210,841.22107,346.81937,1.16,1567330440353
tap1,30,432,498,577.46533,585.69495,1.49,1567330441272
tap1,29,432,210,590.4533,297.84488,1.41,1567330442202
tap1,60,720,498,841.22107,608.683,1.51,1567330443132
tap1,33,432,642,563.4783,750.609,1.2099999,1567330444041
tap1,62,720,930,841.22107,1027.4648,1.3399999,1567330444899
tap1,61,720,642,847.2156,725.6221,0.88,1567330445890
tap1,34,432,930,569.4727,1013.4721,0.96999997,1567330446809
tap1,6,288,498,426.605,589.6929,1.22,1567330447912
tap1,48,0,210,131.8779,318.83392,1.24,1567330449056
tap1,12,288,210,413.61703,305.8407,1.49,1567330450221
tap1,49,0,498,130.87881,602.6861,1.5799999,1567330451243
tap1,51,0,930,109.89824,1038.4591,1.41,1567330452142
tap1,2,288,642,449.5837,731.61896,1.51,1567330453041
tap1,5,288,930,408.62164,1014.4716,1.55,1567330453910
tap1,50,0,642,131.8779,736.61633,1.06,1567330454911
tap1,37,432,786,553.4875,890.53613,1.37,1567330455963
tap1,64,720,1074,835.2266,1184.383,1.3299999,1567330456913
tap1,38,432,1074,576.46625,1173.3888,1.31,1567330457782
tap1,63,720,786,865.1989,870.5466,1.51,1567330458711
tap1,29,432,210,575.46716,308.83914,0.78999996,1567330459886
tap1,31,144,498,286.7345,590.6923,1.01,1567330460979
tap1,28,144,210,305.71692,316.83496,1.37,1567330462021
tap1,30,432,498,571.4709,583.696,1.51,1567330462889
tap1,42,432,1506,554.4866,1604.1644,1.49,1567330463881
tap1,40,144,1218,268.75116,1288.329,1.11,1567330464790
tap1,41,432,1218,546.494,1277.3347,1.53,1567330465669
tap1,43,144,1506,273.74652,1616.1582,1.61,1567330466547
tap1,45,144,1362,286.7345,1449.2451,1.25,1567330467375
tap1,82,432,1650,573.469,1763.0817,1.53,1567330468202
tap1,80,144,1650,284.73636,1760.0833,1.4599999,1567330469040
tap1,44,432,1362,589.4542,1476.2311,1.4699999,1567330469898
tap1,57,720,66,855.2081,146.92348,1.53,1567330471063
tap1,26,432,354,567.47455,438.77145,1.4399999,1567330471952
tap1,58,720,354,877.1878,460.76,1.6999999,1567330472830
tap1,25,432,66,560.481,179.9063,1.22,1567330473811
tap1,64,720,1074,844.2183,1157.3972,1.29,1567330474853
tap1,44,432,1362,553.4875,1468.2352,1.5699999,1567330475701
tap1,38,432,1074,572.4699,1164.3936,1.39,1567330476559
tap1,67,720,1362,814.2461,1451.2441,1.38,1567330477387
tap1,9,288,786,449.5837,866.54865,1.49,1567330478266
tap1,53,0,1074,112.89547,1158.3966,1.3399999,1567330479154
tap1,16,288,1074,436.59573,1192.3789,1.55,1567330479992
tap1,52,0,786,120.88807,877.5429,1.4,1567330480983
tap1,74,864,786,1000.07404,881.54083,1.06,1567330482025
tap1,17,576,1074,722.3312,1158.3966,1.3299999,1567330482894
tap1,75,864,1074,971.1008,1160.3956,1.13,1567330483792
tap1,7,576,786,729.3247,903.5294,1.35,1567330484692
tap1,38,288,66,423.6078,157.91774,1.2099999,1567330485836
tap1,45,0,354,112.89547,447.76678,1.56,1567330486796
tap1,44,0,66,125.88344,146.92348,1.26,1567330487726
tap1,39,288,354,418.6124,441.7699,1.39,1567330488605
tap1,14,288,1506,402.6272,1608.1624,1.3,1567330489616
tap1,47,0,1794,122.886215,1844.0396,1.05,1567330490535
tap1,46,0,1506,112.89547,1576.1791,1.43,1567330491414
tap1,10,288,1794,428.60315,1861.0306,1.0,1567330492272
tap1,22,864,210,989.08417,317.83444,1.42,1567330493427
tap1,86,576,498,702.3497,573.7012,1.63,1567330494357
tap1,55,576,210,704.34784,316.83496,1.41,1567330495235
tap1,88,864,498,985.0879,612.6809,1.51,1567330496144
tap1,70,864,1362,963.1082,1455.2421,0.53,1567330497053
tap1,8,576,1650,718.3349,1762.0822,1.61,1567330497891
tap1,13,576,1362,708.3441,1477.2306,1.62,1567330498698
tap1,71,864,1650,978.09436,1713.1077,0.72999996,1567330499515
tap1,78,576,1218,722.3312,1322.3113,1.16,1567330500312
tap1,83,864,1506,958.11285,1604.1644,1.5,1567330501232
tap1,21,864,1218,996.0777,1312.3165,1.5699999,1567330502059
tap1,85,576,1506,725.3284,1575.1796,0.94,1567330502897
tap1,19,576,66,717.3358,151.92087,1.37,1567330504255
tap1,77,864,354,1007.0675,403.78967,1.37,1567330505134
tap1,76,576,354,714.33856,431.77512,1.36,1567330505941
tap1,23,864,66,979.09344,215.88756,1.49,1567330507055
tap1,15,576,1362,689.3617,1422.2592,1.04,1567330508045
tap1,69,864,1074,998.07587,1136.4081,0.77,1567330508985
tap1,11,576,1074,713.3395,1149.4014,1.39,1567330509762
tap1,68,864,1362,961.1101,1396.2727,1.5999999,1567330510590
tap1,21,0,1218,125.88344,1288.329,0.95,1567330511550
tap1,75,288,1506,409.62073,1567.1837,1.48,1567330512449
tap1,17,288,1218,413.61703,1299.3232,1.5699999,1567330513307
tap1,78,0,1506,95.911194,1585.1743,1.15,1567330514216
tap1,54,576,642,715.33765,756.6059,1.5,1567330515146
tap1,22,864,930,981.0916,993.48254,1.39,1567330515943
tap1,18,864,642,1004.0703,747.6106,1.38,1567330516750
tap1,55,576,930,704.34784,1021.46796,1.5699999,1567330517547
tap1,4,576,1794,680.37006,1859.0317,1.0799999,1567330518415
tap1,73,864,1506,978.09436,1595.1692,1.64,1567330519182
tap1,72,576,1506,692.35895,1614.1593,1.49,1567330519907
tap1,3,864,1794,975.09717,1845.039,1.1,1567330520837
tap1,90,720,1362,867.197,1441.2493,1.41,1567330521634
tap1,77,432,1650,558.4829,1737.0952,1.42,1567330522451
tap1,23,720,1650,829.2322,1720.1041,1.43,1567330523381
tap1,92,432,1362,559.48193,1451.2441,1.64,1567330524127
tap1,67,432,1074,581.4616,1122.4154,1.52,1567330524853
tap1,82,144,1362,251.76688,1409.266,1.61,1567330525731
tap1,84,432,1362,529.5097,1429.2556,1.43,1567330526497
tap1,44,144,1074,284.73636,1157.3972,1.4399999,1567330527304
tap1,38,432,1506,545.49493,1574.18,1.4499999,1567330528122
tap1,45,144,1794,237.77983,1843.04,1.23,1567330529031
tap1,44,432,1794,537.5023,1828.0479,1.31,1567330529787
tap1,39,144,1506,272.74747,1590.1718,1.4499999,1567330530554
tap1,42,432,1506,559.48193,1554.1904,1.36,1567330531259
tap1,87,720,1794,838.2239,1839.0421,1.18,1567330532198
tap1,89,432,1794,543.49677,1857.0327,1.06,1567330533056
tap1,43,720,1506,834.2276,1593.1702,1.22,1567330533864
tap1,42,0,1362,148.86217,1441.2493,1.35,1567330534773
tap1,91,288,1650,430.6013,1720.1041,1.48,1567330535560
tap1,89,288,1362,428.60315,1440.2499,1.4499999,1567330536337
tap1,66,0,1650,123.88529,1739.0942,1.5899999,1567330537205
tap1,56,432,642,569.4727,738.6153,0.96,1567330538155
tap1,81,144,930,281.73914,995.4815,1.24,1567330539003
tap1,20,432,930,571.4709,1028.4644,1.61,1567330539769
tap1,79,144,642,299.72247,755.60645,1.5899999,1567330540638
