tap2,6,138,480,226.79001,528.7246,0.72999996,1567470158932
tap2,7,759,1101,757.2988,1146.4028,0.77,1567470159953
tap2,8,138,1101,190.82332,1148.4019,0.95,1567470160931
tap2,9,759,480,852.21094,510.73398,0.95,1567470161888
tap2,164,0,687,42.96022,735.6168,0.63,1567470163120
tap2,183,621,1308,712.34045,1359.292,0.84999996,1567470164138
tap2,182,0,1308,48.954674,1331.3065,0.65999997,1567470165156
tap2,163,621,687,661.38763,743.6127,0.57,1567470166256
tap2,242,345,66,356.66974,70.963036,1.0699999,1567470167376
tap2,243,552,1032,608.43665,1065.4451,0.87,1567470168323
tap2,244,345,1032,384.64386,1047.4545,1.04,1567470169199
tap2,245,552,66,609.4357,92.951584,1.05,1567470170960
tap2,42,69,411,140.86957,450.76523,1.17,1567470172029
tap2,43,690,1032,793.2655,1088.4331,0.95,1567470173058
tap2,45,690,411,738.3164,424.77875,0.98999995,1567470174066
tap2,44,69,1032,150.86032,1072.4414,0.66999996,1567470175186
tap2,322,345,756,398.6309,807.57935,0.98999995,1567470176082
tap2,321,483,1653,506.531,1696.1166,0.84999996,1567470177650
tap2,316,345,1653,410.6198,1686.1218,0.91999996,1567470178547
tap2,323,483,756,508.52914,772.5976,0.84999996,1567470179514
tap2,2,138,549,179.8335,593.6908,0.71,1567470180481
tap2,3,759,1170,870.1943,1234.357,0.74,1567470181500
tap2,4,138,1170,208.80666,1206.3717,0.78999996,1567470182447
tap2,5,759,549,780.2775,587.6939,0.96999997,1567470183537
tap2,11,759,1032,849.2137,1050.4529,0.79999995,1567470184402
tap2,10,138,411,211.8039,454.76312,1.12,1567470185624
tap2,12,138,1032,235.78168,1086.4341,0.91999996,1567470186673
tap2,13,759,411,862.20166,449.76575,0.97999996,1567470187651
tap2,15,759,963,808.25165,997.48047,0.53999996,1567470188557
tap2,14,138,342,211.8039,372.80582,1.3299999,1567470189810
tap2,17,759,342,827.2341,356.81415,0.98999995,1567470190808
tap2,16,138,963,155.85568,995.4815,1.0,1567470191745
tap2,122,207,66,240.77705,108.94325,1.13,1567470193344
tap2,123,828,687,899.1674,738.6153,0.97999996,1567470194321
tap2,124,207,687,212.80296,727.62103,0.90999997,1567470195197
tap2,125,828,66,874.19055,75.960434,0.84999996,1567470196205
tap2,135,621,1170,710.3423,1217.366,1.0,1567470197204
tap2,134,0,549,101.90564,599.6876,0.89,1567470198202
tap2,136,0,1170,73.93155,1205.3722,0.72999996,1567470199485
tap2,137,621,549,653.395,632.6705,0.79999995,1567470200341
tap2,130,69,66,101.90564,81.95731,1.0799999,1567470201329
tap2,131,690,687,769.2877,735.6168,0.83,1567470202317
tap2,133,690,66,739.3154,129.93233,0.5,1567470203274
tap2,132,69,687,144.86586,730.61945,0.87,1567470204160
tap2,127,759,687,815.2451,724.62256,0.82,1567470205036
tap2,126,138,66,193.82054,95.95003,1.02,1567470206065
tap2,128,138,687,200.81406,738.6153,0.87,1567470206951
tap2,129,759,66,814.2461,122.93597,0.68,1567470207766
tap2,18,138,273,189.82423,312.83707,0.94,1567470208693
tap2,19,759,894,841.22107,944.50806,0.84999996,1567470209671
tap2,20,138,894,186.82701,929.51587,0.94,1567470210547
tap2,21,759,273,829.2322,284.85162,0.82,1567470211362
tap2,35,828,1170,883.18225,1225.3618,0.65999997,1567470212320
tap2,34,207,549,269.75024,614.6798,0.42999998,1567470213165
tap2,36,207,1170,280.74005,1196.3768,0.72999996,1567470214041
tap2,37,828,549,883.18225,625.67413,0.82,1567470214785
tap2,26,138,135,186.82701,125.9344,1.15,1567470215590
tap2,27,759,756,809.2507,813.57623,0.84999996,1567470216394
tap2,28,138,756,160.85106,806.5799,0.93,1567470217230
tap2,29,759,135,806.2535,174.90889,0.94,1567470218136
tap2,43,690,1032,759.29694,1095.4294,0.63,1567470218951
tap2,42,69,411,132.87697,411.78552,0.83,1567470219786
tap2,45,690,411,742.3127,480.7496,0.75,1567470220561
tap2,44,69,1032,151.85939,1086.4341,0.89,1567470221396
tap2,24,138,825,171.84088,870.5466,1.0,1567470222211
tap2,25,759,204,832.22943,228.88078,0.96999997,1567470223026
tap2,22,138,204,155.85568,233.87819,0.76,1567470223943
tap2,23,759,825,847.2156,861.5513,0.66999996,1567470224727
tap2,38,69,480,143.86679,512.7329,0.94,1567470225614
tap2,39,690,1101,759.29694,1142.405,0.68,1567470226429
tap2,40,69,1101,139.87048,1164.3936,0.63,1567470227315
tap2,41,690,480,719.334,546.7152,0.94,1567470228069
tap2,33,690,549,762.2942,546.7152,1.09,1567470228894
tap2,32,69,1170,130.87881,1204.3727,0.78999996,1567470229780
tap2,30,69,549,97.90935,579.69806,0.97999996,1567470230646
tap2,31,690,1170,743.31177,1220.3644,0.94,1567470231645
tap2,46,69,342,141.86864,412.785,1.1899999,1567470232562
tap2,47,690,963,690.3608,1043.4565,0.78999996,1567470233387
tap2,48,69,963,110.897316,1022.46747,1.12,1567470234222
tap2,49,690,342,745.3099,355.81467,0.9,1567470235170
tap2,108,276,963,367.65958,949.50543,1.0,1567470235924
tap2,231,897,1584,977.0953,1625.1536,0.57,1567470236901
tap2,230,276,1584,353.67252,1593.1702,0.90999997,1567470237666
tap2,107,897,963,942.1277,1036.4602,1.14,1567470238471
tap2,143,621,1032,689.3617,1046.455,0.75,1567470239276
tap2,232,0,1653,49.953747,1666.1322,0.35,1567470240192
tap2,233,621,1653,651.39685,1712.1083,0.85999995,1567470241038
tap2,144,0,1032,80.92507,1070.4425,1.03,1567470241914
tap2,44,69,1032,105.90195,1077.4388,1.05,1567470242699
tap2,235,690,1653,762.2942,1678.126,1.01,1567470243687
tap2,43,690,1032,720.333,1076.4393,0.82,1567470244411
tap2,234,69,1653,137.87234,1659.1359,0.87,1567470245236
tap2,12,138,1032,152.85846,1058.4487,1.0799999,1567470246000
tap2,237,759,1653,829.2322,1653.1389,1.0799999,1567470246968
tap2,11,759,1032,832.22943,1116.4185,1.11,1567470247783
tap2,236,138,1653,192.82146,1645.1431,0.75,1567470248609
tap2,238,207,1653,248.76965,1680.1249,0.71,1567470249475
tap2,67,828,1032,896.1702,1102.4258,0.95,1567470250229
tap2,68,207,1032,263.7558,1055.4503,0.77,1567470251034
tap2,239,828,1653,880.185,1705.1119,0.82,1567470251951
tap2,104,276,1032,311.71136,1040.4581,0.84999996,1567470252766
tap2,241,897,1653,963.1082,1677.1265,0.66999996,1567470253673
tap2,240,276,1653,334.6901,1679.1254,0.32,1567470254447
tap2,103,897,1032,957.1138,1069.443,0.91999996,1567470255385
tap2,50,69,273,114.893616,315.83548,1.09,1567470256261
tap2,51,690,894,763.2933,949.50543,0.71999997,1567470257107
tap2,52,69,894,152.85846,921.52,0.96,1567470258014
tap2,53,690,273,744.31085,284.85162,1.0699999,1567470258962
tap2,55,690,825,763.2933,830.5674,0.89,1567470259869
tap2,54,69,204,119.88899,254.86725,1.27,1567470261010
tap2,56,69,825,113.89455,862.5507,1.12,1567470261886
tap2,57,690,204,772.2849,219.88547,1.09,1567470262895
tap2,59,690,756,760.296,827.569,0.90999997,1567470263700
tap2,58,69,135,114.893616,154.91931,1.18,1567470264699
tap2,61,690,135,770.2868,166.91306,0.72999996,1567470265493
tap2,60,69,756,105.90195,827.569,1.02,1567470266319
tap2,62,207,480,229.78723,511.73346,0.91999996,1567470267185
tap2,63,828,1101,906.16095,1136.4081,0.78,1567470268082
tap2,64,207,1101,242.7752,1110.4216,0.82,1567470268917
tap2,65,828,480,872.19244,497.74075,0.88,1567470269774
tap2,290,345,480,347.67807,498.74023,1.11,1567470270518
tap2,291,552,1446,588.45514,1498.2196,0.65,1567470271414
tap2,293,552,480,573.469,504.7371,0.84999996,1567470272209
tap2,292,345,1446,411.61887,1481.2285,0.61,1567470273086
tap2,141,621,480,651.39685,514.7319,0.88,1567470273829
tap2,295,414,1446,473.56152,1483.2274,0.71999997,1567470274614
tap2,294,414,480,454.5791,470.7548,1.06,1567470275358
tap2,203,621,1446,678.3719,1463.2379,0.91999996,1567470276142
tap2,297,483,1446,510.52728,1494.2217,0.89,1567470276968
tap2,41,690,480,719.334,492.74335,0.7,1567470277712
tap2,296,483,480,556.48474,520.72876,0.9,1567470278405
tap2,205,690,1446,731.3229,1509.2139,0.71,1567470279352
tap2,319,414,1653,499.53748,1678.126,0.59,1567470280219
tap2,325,552,756,611.43384,807.57935,0.96999997,1567470280973
tap2,324,414,756,452.58093,774.59656,0.83,1567470281737
tap2,315,552,1653,616.42926,1663.1338,0.94,1567470282756
tap2,298,345,549,422.6087,596.6892,1.02,1567470283710
tap2,299,552,1515,605.4394,1521.2076,0.95,1567470284570
tap2,301,552,549,618.42737,625.67413,1.0699999,1567470285386
tap2,300,345,1515,419.61148,1570.1821,0.94,1567470286160
tap2,326,345,825,409.62073,850.557,1.03,1567470286863
tap2,256,483,135,537.5023,150.92139,1.28,1567470287648
tap2,250,345,135,388.64014,166.91306,1.02,1567470288606
tap2,327,483,825,550.4903,870.5466,0.96,1567470289411
tap2,67,828,1032,894.17206,1084.4352,0.59999996,1567470290247
tap2,66,207,411,233.78354,429.77615,0.78999996,1567470291093
tap2,68,207,1032,279.74097,1081.4368,0.91999996,1567470291878
tap2,69,828,411,870.1943,480.7496,0.79999995,1567470292652
tap2,72,207,963,292.72894,1013.4721,1.0,1567470293406
tap2,73,828,342,869.1952,394.79437,0.93,1567470294130
tap2,70,207,342,234.78261,342.82144,0.94,1567470294996
tap2,71,828,963,871.19336,1017.47003,0.84999996,1567470295822
tap2,76,207,894,247.77058,949.50543,0.90999997,1567470296678
tap2,77,828,273,872.19244,308.83914,0.91999996,1567470297422
tap2,74,207,273,241.77614,300.8433,1.3,1567470298574
tap2,75,828,894,897.1693,935.51276,0.89,1567470299399
tap2,80,207,825,277.74283,870.5466,1.13,1567470300184
tap2,81,828,204,915.15265,235.87714,0.91999996,1567470300959
tap2,78,207,204,191.82239,234.87766,1.25,1567470301835
tap2,79,828,825,881.1841,853.5554,0.85999995,1567470302722
tap2,84,207,756,249.76874,800.583,0.96999997,1567470303497
tap2,85,828,135,891.17487,163.91463,1.05,1567470304343
tap2,82,207,135,258.7604,129.93233,0.97999996,1567470305209
tap2,83,828,756,919.1489,761.60333,0.68,1567470306218
tap2,89,621,618,700.3515,653.65955,0.66999996,1567470306962
tap2,88,0,1239,98.90842,1250.3488,0.98999995,1567470307829
tap2,87,621,1239,658.3904,1310.3175,0.89,1567470308695
tap2,86,0,618,80.92507,670.6507,0.96,1567470309602
tap2,305,483,1515,525.5134,1522.2072,0.85999995,1567470310550
tap2,33,690,549,716.33673,552.7121,1.0,1567470311295
tap2,304,483,549,573.469,609.68243,1.05,1567470312039
tap2,215,690,1515,737.3173,1547.1941,0.87,1567470312915
tap2,309,552,618,612.4329,651.6606,0.55,1567470313700
tap2,308,345,1584,395.63367,1599.1671,0.82,1567470314516
tap2,307,552,1584,637.4098,1659.1359,0.88,1567470315311
tap2,306,345,618,388.64014,656.65796,0.89,1567470316157
tap2,258,345,204,377.65033,198.89641,1.3199999,1567470316983
tap2,331,483,894,540.4995,944.50806,0.85999995,1567470317828
tap2,330,345,894,425.60593,939.5106,1.01,1567470318552
tap2,264,483,204,567.47455,240.87454,1.09,1567470319459
tap2,223,621,1584,662.38666,1634.1488,0.90999997,1567470320367
tap2,310,414,618,442.5902,642.6653,1.15,1567470321142
tap2,89,621,618,710.3423,677.64703,1.14,1567470321784
tap2,311,414,1584,479.55597,1641.1451,0.71999997,1567470322630
tap2,261,552,204,581.4616,208.8912,1.16,1567470323568
tap2,322,345,756,437.59482,767.6002,1.15,1567470324373
tap2,262,414,204,453.58002,265.8615,1.16,1567470325229
tap2,333,552,894,625.4209,969.49506,0.95,1567470325963
tap2,312,483,618,578.4644,679.646,0.7,1567470326697
tap2,225,690,1584,778.27936,1581.1764,0.76,1567470327563
tap2,93,690,618,743.31177,688.6413,0.83,1567470328471
tap2,313,483,1584,546.494,1629.1515,0.91999996,1567470329368
tap2,91,690,1239,747.30804,1304.3207,0.89,1567470330183
tap2,90,69,618,130.87881,632.6705,0.97999996,1567470331060
tap2,93,690,618,736.31824,668.65173,0.90999997,1567470331835
tap2,92,69,1239,118.889915,1265.341,0.93,1567470332670
tap2,108,276,963,314.70862,1026.4653,0.90999997,1567470333506
tap2,109,897,342,946.12396,410.78604,1.13,1567470334515
tap2,106,276,342,343.68176,373.8053,1.15,1567470335351
tap2,107,897,963,959.11194,976.4914,0.84,1567470336177
tap2,100,276,1101,347.67807,1111.4211,1.12,1567470337084
tap2,101,897,480,950.12024,479.75012,1.03,1567470337940
tap2,99,897,1101,942.1277,1180.3851,0.89,1567470338837
tap2,98,276,480,372.65494,485.747,1.18,1567470339857
tap2,105,897,411,988.0851,464.75793,1.02,1567470340846
tap2,104,276,1032,306.716,1076.4393,0.96,1567470341661
tap2,102,276,411,331.69287,462.75897,1.1,1567470342558
tap2,103,897,1032,962.1092,1087.4336,0.63,1567470343435
tap2,97,897,549,985.0879,570.70276,0.90999997,1567470344199
tap2,96,276,1170,338.6864,1216.3665,0.91999996,1567470345117
tap2,94,276,549,305.71692,563.70636,0.83,1567470345902
tap2,95,897,1170,985.0879,1200.3748,0.72999996,1567470346738
tap2,111,897,894,982.09064,971.494,0.79999995,1567470347472
tap2,110,276,273,290.7308,313.83655,1.0799999,1567470348440
tap2,112,276,894,351.67438,895.53357,1.16,1567470349470
tap2,113,897,273,889.1767,299.8438,0.96999997,1567470350276
tap2,116,276,825,338.6864,828.5684,1.03,1567470351061
tap2,117,897,204,927.14154,259.86465,0.77,1567470351876
tap2,114,276,204,294.7271,246.87141,1.09,1567470352722
tap2,115,897,825,981.0916,856.55383,0.74,1567470353477
tap2,119,897,756,971.1008,775.596,0.84999996,1567470354231
tap2,118,276,135,287.73358,198.89641,1.2099999,1567470355271
tap2,121,897,135,947.12305,199.89589,1.04,1567470356148
tap2,120,276,756,319.70398,754.60693,0.93,1567470356974
tap2,152,0,894,71.933395,931.51483,0.93,1567470357830
tap2,213,621,1515,684.36633,1573.1805,0.81,1567470358635
tap2,212,0,1515,69.93524,1577.1785,0.83,1567470359471
tap2,151,621,894,693.35803,931.51483,1.13,1567470360338
tap2,56,69,825,93.91304,878.5424,1.1,1567470361204
tap2,205,690,1446,795.2637,1469.2347,1.12,1567470362030
tap2,204,69,1446,127.88159,1448.2457,1.05,1567470362856
tap2,55,690,825,751.3043,893.5346,0.93,1567470363570
tap2,24,138,825,217.79834,872.54553,1.26,1567470364365
tap2,207,759,1446,864.1998,1491.2233,0.85999995,1567470365252
tap2,206,138,1446,217.79834,1447.2462,0.94,1567470366047
tap2,23,759,825,854.20905,835.5648,0.83,1567470366771
tap2,80,207,825,235.78168,879.5419,1.0,1567470367597
tap2,209,828,1446,853.21,1479.2295,0.96,1567470368463
tap2,208,207,1446,258.7604,1512.2124,0.76,1567470369177
tap2,79,828,825,896.1702,822.57153,0.90999997,1567470369860
tap2,115,897,825,947.12305,837.5637,0.98999995,1567470370615
tap2,210,276,1446,371.65588,1463.2379,0.90999997,1567470371400
tap2,116,276,825,338.6864,880.5414,1.1,1567470372134
tap2,211,897,1446,942.1277,1465.2368,0.84999996,1567470373011
tap2,203,621,1446,680.37006,1553.191,0.97999996,1567470373745
tap2,156,0,825,66.93802,836.5643,0.87,1567470374571
tap2,202,0,1446,57.946346,1481.2285,0.62,1567470375438
tap2,155,621,825,671.37836,857.55334,1.05,1567470376141
tap2,52,69,894,125.88344,956.5018,1.02,1567470376957
tap2,215,690,1515,763.2933,1555.19,0.88,1567470377783
tap2,51,690,894,759.29694,913.5242,1.1,1567470378609
tap2,214,69,1515,149.86124,1520.2081,1.04,1567470379425
tap2,216,138,1515,222.79372,1543.1962,0.93,1567470380149
tap2,19,759,894,794.2646,933.5138,0.90999997,1567470380903
tap2,217,759,1515,833.2285,1523.2067,0.78,1567470381729
tap2,20,138,894,231.78539,888.5372,1.12,1567470382545
tap2,141,621,480,723.33026,503.7376,0.94,1567470383351
tap2,140,0,1101,98.90842,1122.4154,1.1899999,1567470384605
tap2,138,0,480,52.950974,540.7184,0.85999995,1567470385482
tap2,139,621,1101,710.3423,1108.4227,0.98999995,1567470386267
tap2,142,0,411,64.93987,467.75638,0.89,1567470387184
tap2,143,621,1032,712.34045,1064.4456,0.89,1567470387959
tap2,144,0,1032,68.93617,1049.4534,0.79999995,1567470388897
tap2,145,621,411,668.3811,479.75012,0.93,1567470389703
tap2,148,0,963,69.93524,1019.469,0.7,1567470390478
tap2,149,621,342,663.38574,365.80948,1.15,1567470391284
tap2,147,621,963,721.3321,981.4888,0.78,1567470392059
tap2,146,0,342,63.940796,388.7975,0.95,1567470392935
tap2,153,621,273,674.3756,296.8454,1.04,1567470393812
tap2,152,0,894,87.918594,964.4976,0.90999997,1567470394597
tap2,150,0,273,55.948196,293.84695,0.84,1567470395444
tap2,151,621,894,702.3497,949.50543,0.85999995,1567470396280
tap2,266,345,273,386.642,254.86725,1.1,1567470397076
tap2,267,552,1239,623.4227,1295.3253,0.7,1567470397932
tap2,269,552,273,597.44684,310.8381,0.91999996,1567470398626
tap2,268,345,1239,417.6133,1246.3508,0.89,1567470399411
tap2,271,414,1239,445.58743,1316.3143,0.97999996,1567470400206
tap2,153,621,273,706.346,295.84592,1.01,1567470400981
tap2,270,414,273,448.58466,307.83966,1.01,1567470401746
tap2,87,621,1239,691.35986,1268.3394,0.75,1567470402623
tap2,91,690,1239,725.3284,1253.3472,0.84999996,1567470403337
tap2,272,483,273,508.52914,297.84488,1.01,1567470404276
tap2,273,483,1239,555.48566,1289.3285,0.79999995,1567470405092
tap2,53,690,273,758.29785,310.8381,1.06,1567470405795
tap2,277,552,342,623.4227,353.8157,1.18,1567470406530
tap2,276,345,1308,430.6013,1349.2972,0.76,1567470407386
tap2,274,345,342,414.6161,352.81622,1.1,1567470408172
tap2,275,552,1308,597.44684,1360.2915,0.79999995,1567470409028
tap2,183,621,1308,658.3904,1323.3108,0.84999996,1567470409773
tap2,278,414,342,476.55875,365.80948,0.76,1567470410578
tap2,149,621,342,691.35986,348.81833,0.95,1567470411241
tap2,279,414,1308,461.57263,1356.2936,0.76,1567470412016
tap2,281,483,1308,548.4921,1323.3108,0.97999996,1567470412700
tap2,49,690,342,741.3136,355.81467,0.89,1567470413577
tap2,280,483,342,572.4699,361.81155,1.22,1567470414239
tap2,185,690,1308,755.30066,1336.304,0.90999997,1567470415055
tap2,156,0,825,104.90287,837.5637,1.06,1567470415932
tap2,157,621,204,727.32654,208.8912,1.1999999,1567470416707
tap2,155,621,825,697.3543,876.54346,0.90999997,1567470417421
tap2,154,0,204,69.93524,242.8735,0.90999997,1567470418318
tap2,158,0,135,95.911194,159.9167,1.0699999,1567470419155
tap2,159,621,756,707.34503,775.596,0.87,1567470420032
tap2,160,0,756,62.94172,764.60175,0.74,1567470420888
tap2,161,621,135,695.35614,164.91411,1.14,1567470421959
tap2,162,0,66,80.92507,94.95055,1.05,1567470422795
tap2,163,621,687,694.35706,719.6252,0.78,1567470423662
tap2,164,0,687,74.93062,725.6221,0.84999996,1567470424499
tap2,165,621,66,658.3904,91.9521,1.0,1567470425508
tap2,169,897,66,938.13135,113.94065,0.90999997,1567470426202
tap2,168,276,687,337.68732,710.6299,1.03,1567470427028
tap2,166,276,66,367.65958,110.942215,1.1999999,1567470427865
tap2,167,897,687,954.1166,699.63556,0.74,1567470428701
tap2,170,138,618,204.81036,645.6637,1.16,1567470429833
tap2,171,759,1239,855.2081,1245.3513,0.95,1567470430690
tap2,173,759,618,879.1859,656.65796,0.95,1567470431404
tap2,172,138,1239,191.82239,1229.3596,0.90999997,1567470432261
tap2,177,828,618,877.1878,659.65643,0.71999997,1567470433046
tap2,176,207,1239,239.77798,1268.3394,0.79999995,1567470433892
tap2,174,207,618,252.76596,629.67206,0.82,1567470434627
tap2,175,828,1239,904.16284,1279.3336,0.83,1567470435504
tap2,133,690,66,758.29785,88.95367,1.03,1567470436463
tap2,249,483,1032,568.47363,1061.4471,0.83,1567470437238
tap2,43,690,1032,727.32654,1103.4253,0.69,1567470438033
tap2,248,483,66,523.51526,129.93233,1.0699999,1567470438951
tap2,251,552,1101,631.41534,1139.4065,0.79999995,1567470439777
tap2,250,345,135,432.59946,181.90526,1.06,1567470440583
tap2,252,345,1101,402.6272,1186.3821,0.76,1567470441399
tap2,253,552,135,622.4237,138.92764,0.83,1567470442195
tap2,254,414,135,529.5097,148.92244,0.90999997,1567470442939
tap2,139,621,1101,693.35803,1107.4232,0.88,1567470443776
tap2,161,621,135,688.3626,162.91515,1.09,1567470444561
tap2,255,414,1101,501.5356,1101.4263,0.84,1567470445357
tap2,178,276,618,340.68454,658.6569,1.05,1567470446153
tap2,179,897,1239,966.10547,1256.3456,0.61,1567470446999
tap2,181,897,618,951.1193,614.6798,0.93,1567470447825
tap2,180,276,1239,343.68176,1265.341,0.77,1567470448652
tap2,132,69,687,104.90287,698.6361,1.03,1567470449458
tap2,185,690,1308,778.27936,1327.3087,1.11,1567470450356
tap2,184,69,1308,126.882515,1299.3232,0.84999996,1567470451243
tap2,131,690,687,733.321,749.60956,0.96,1567470452008
tap2,127,759,687,839.22296,730.61945,1.0799999,1567470452763
tap2,187,759,1308,833.2285,1343.3003,0.45,1567470453589
tap2,186,138,1308,193.82054,1337.3035,1.03,1567470454375
tap2,126,138,66,197.81683,74.96095,1.14,1567470455272
tap2,123,828,687,906.16095,770.59863,1.0699999,1567470456057
tap2,188,207,1308,280.74005,1344.2998,1.05,1567470456874
tap2,124,207,687,312.71045,760.6038,1.0799999,1567470457649
tap2,189,828,1308,909.1582,1342.3009,1.04,1567470458465
tap2,317,552,687,602.4422,749.60956,0.82,1567470459230
tap2,316,345,1653,409.62073,1632.1499,0.74,1567470460025
tap2,314,345,687,371.65588,703.6335,1.2099999,1567470460780
tap2,315,552,1653,599.44495,1693.1182,0.93,1567470461607
tap2,266,345,273,427.60406,268.85995,0.98999995,1567470462443
tap2,335,483,963,532.50696,1002.47784,0.74,1567470463218
tap2,272,483,273,530.5088,281.85318,0.78,1567470464065
tap2,334,345,963,391.6374,984.48724,0.94,1567470464851
tap2,318,414,687,472.56244,704.633,1.06,1567470465718
tap2,233,621,1653,683.36725,1674.128,0.71,1567470466595
tap2,163,621,687,704.34784,710.6299,0.9,1567470467309
tap2,319,414,1653,528.5106,1676.127,0.77,1567470468115
tap2,269,552,273,640.40704,308.83914,1.0699999,1567470468850
tap2,336,414,963,489.54672,989.4846,0.88,1567470469595
tap2,337,552,963,629.41724,1009.4742,0.96,1567470470319
tap2,270,414,273,469.56522,254.86725,1.0699999,1567470471104
tap2,168,276,687,341.68362,759.6044,0.94,1567470471870
tap2,191,897,1308,965.1064,1319.3129,0.75,1567470472747
tap2,167,897,687,975.09717,788.58923,0.93,1567470473920
tap2,190,276,1308,356.66974,1289.3285,0.9,1567470474665
tap2,192,0,1377,80.92507,1378.2821,0.77,1567470475542
tap2,160,0,756,49.953747,767.6002,0.62,1567470476338
tap2,193,621,1377,721.3321,1469.2347,0.82,1567470477205
tap2,159,621,756,683.36725,812.5768,0.96999997,1567470477889
tap2,194,69,1377,128.88066,1406.2676,0.88,1567470478644
tap2,59,690,756,720.333,797.5846,0.90999997,1567470479297
tap2,60,69,756,94.91212,800.583,0.85999995,1567470480082
tap2,195,690,1377,732.3219,1411.2649,0.71,1567470480939
tap2,28,138,756,178.83441,785.5908,0.58,1567470481704
tap2,197,759,1377,787.27106,1427.2566,0.69,1567470482520
tap2,27,759,756,784.2738,784.5914,0.94,1567470483429
tap2,196,138,1377,224.79185,1389.2764,1.02,1567470484245
tap2,84,207,756,214.80112,783.59186,1.13,1567470485021
tap2,199,828,1377,914.15356,1404.2686,0.74,1567470485897
tap2,83,828,756,920.148,803.5814,1.15,1567470486704
tap2,198,207,1377,322.7012,1388.2769,0.85999995,1567470487509
tap2,200,276,1377,340.68454,1423.2587,1.16,1567470488295
tap2,119,897,756,964.1073,756.6059,0.77,1567470489090
tap2,120,276,756,350.6753,807.57935,1.22,1567470489876
tap2,201,897,1377,947.12305,1454.2426,0.68,1567470490865
tap2,242,345,66,407.62256,126.93388,1.05,1567470492039
tap2,347,966,687,993.0805,717.6262,0.88,1567470492946
tap2,338,966,66,1008.0666,80.95783,0.83,1567470494059
tap2,314,345,687,381.64664,714.6278,0.9,1567470494844
tap2,322,345,756,421.60962,741.6137,1.0799999,1567470495579
tap2,339,966,135,995.0786,190.90057,1.06,1567470496568
tap2,348,966,756,998.07587,763.6023,0.96,1567470497313
tap2,250,345,135,409.62073,125.9344,1.18,1567470498211
tap2,258,345,204,417.6133,218.88599,0.98999995,1567470499037
tap2,349,966,825,1010.06476,855.5544,0.75,1567470499853
tap2,340,966,204,986.087,228.88078,1.0,1567470500649
tap2,326,345,825,396.63275,846.5591,1.06,1567470501415
tap2,330,345,894,410.6198,883.5398,1.06,1567470502220
tap2,341,966,273,1007.0675,299.8438,0.95,1567470502996
tap2,266,345,273,363.66327,295.84592,1.24,1567470503812
tap2,350,966,894,1018.0574,909.52625,0.75,1567470504649
tap2,76,207,894,273.74652,885.53876,1.0699999,1567470505455
tap2,219,828,1515,898.1684,1522.2072,0.94,1567470506281
tap2,218,207,1515,244.77336,1522.2072,1.0699999,1567470507077
tap2,75,828,894,909.1582,889.5367,0.90999997,1567470507740
tap2,220,276,1515,270.7493,1539.1982,0.84999996,1567470508536
tap2,111,897,894,925.1434,941.5096,0.98999995,1567470509230
tap2,112,276,894,338.6864,913.5242,1.12,1567470510046
tap2,221,897,1515,955.11566,1540.1978,0.84999996,1567470510883
tap2,225,690,1584,737.3173,1617.1577,0.78,1567470511607
tap2,48,69,963,120.88807,979.4898,1.01,1567470512424
tap2,47,690,963,744.31085,1002.47784,0.9,1567470513179
tap2,224,69,1584,140.86957,1607.1628,0.72999996,1567470514066
tap2,165,621,66,693.35803,102.94638,1.0699999,1567470514985
tap2,247,414,1032,465.5689,1082.4362,0.95,1567470515730
tap2,143,621,1032,674.3756,1058.4487,0.88,1567470516454
tap2,246,414,66,449.5837,94.95055,1.01,1567470517372
tap2,15,759,963,835.2266,954.50287,0.91999996,1567470518138
tap2,226,138,1584,214.80112,1610.1614,1.09,1567470519311
tap2,227,759,1584,808.25165,1619.1566,0.97999996,1567470520117
tap2,16,138,963,162.84921,970.4945,1.06,1567470520964
tap2,72,207,963,271.74838,980.4893,1.1999999,1567470521750
tap2,229,828,1584,858.2054,1659.1359,0.9,1567470522760
tap2,71,828,963,868.1961,967.4961,1.0699999,1567470523515
tap2,228,207,1584,258.7604,1588.1727,0.69,1567470524576
tap2,242,345,66,435.59668,72.962,0.98999995,1567470525515
tap2,243,552,1032,586.457,1051.4524,1.01,1567470526311
tap2,244,345,1032,401.6281,1043.4565,1.11,1567470527096
tap2,245,552,66,625.4209,84.95575,1.24,1567470527994
tap2,148,0,963,76.92877,975.4919,0.97999996,1567470528811
tap2,223,621,1584,638.4089,1662.1343,1.0,1567470529566
tap2,147,621,963,663.38574,977.49084,1.0,1567470530341
tap2,222,0,1584,73.93155,1637.1473,0.94,1567470531831
tap2,252,345,1101,385.6429,1133.4097,0.9,1567470532545
tap2,344,966,480,1010.06476,497.74075,0.74,1567470533331
tap2,290,345,480,388.64014,510.73398,1.12,1567470534035
tap2,353,966,1101,1008.0666,1121.4159,0.85999995,1567470534810
tap2,345,966,549,996.0777,590.6923,0.89,1567470535626
tap2,260,345,1170,421.60962,1209.3701,1.04,1567470536453
tap2,354,966,1170,1021.05457,1203.3732,0.65,1567470537218
tap2,298,345,549,392.63644,595.68976,0.97999996,1567470538075
tap2,346,966,618,1048.0297,641.6658,0.52,1567470538830
tap2,268,345,1239,396.63275,1268.3394,0.9,1567470539626
tap2,355,966,1239,1021.05457,1249.3492,0.65999997,1567470540381
tap2,306,345,618,380.64755,640.6663,1.0,1567470541269
tap2,314,345,687,420.61053,722.6236,1.1,1567470542044
tap2,356,966,1308,1035.0416,1276.3352,0.69,1567470542871
tap2,347,966,687,990.08325,707.6314,0.87,1567470543667
tap2,276,345,1308,415.61517,1319.3129,1.01,1567470544483
tap2,257,483,1101,524.51434,1131.4106,0.96,1567470545238
tap2,61,690,135,758.29785,150.92139,1.09,1567470546116
tap2,39,690,1101,763.2933,1136.4081,0.87,1567470546942
tap2,256,483,135,527.5116,114.94013,1.04,1567470547768
tap2,258,345,204,389.63922,223.88339,0.88,1567470548513
tap2,259,552,1170,602.4422,1222.3633,0.79999995,1567470549268
tap2,260,345,1170,397.63184,1185.3826,1.02,1567470550013
tap2,261,552,204,610.4348,229.88026,1.04,1567470550860
tap2,157,621,204,714.33856,215.88756,0.94,1567470551544
tap2,263,414,1170,464.56985,1181.3846,0.84999996,1567470552360
tap2,262,414,204,474.5606,232.87871,1.0799999,1567470553115
tap2,135,621,1170,696.3552,1206.3717,0.85999995,1567470553870
tap2,244,345,1032,389.63922,1042.457,0.94,1567470554625
tap2,361,966,1653,1001.07306,1695.1171,0.91999996,1567470555931
tap2,352,966,1032,1005.0694,1069.443,0.95,1567470556615
tap2,316,345,1653,374.6531,1682.1239,0.98999995,1567470557615
tap2,282,345,411,330.69382,394.79437,0.98999995,1567470558360
tap2,283,552,1377,614.4311,1402.2697,0.96,1567470559115
tap2,284,345,1377,402.6272,1384.2789,0.96,1567470559911
tap2,285,552,411,643.40424,476.75168,1.05,1567470560707
tap2,145,621,411,676.3737,458.76105,0.84,1567470561493
tap2,287,414,1377,493.54303,1426.2571,0.84,1567470562288
tap2,193,621,1377,703.34875,1449.2451,0.88,1567470563023
tap2,286,414,411,519.519,425.77823,0.97999996,1567470563819
tap2,288,483,411,543.49677,455.7626,1.16,1567470564503
tap2,195,690,1377,715.33765,1413.2639,0.84999996,1567470565360
tap2,289,483,1377,541.4986,1418.2612,1.03,1567470566064
tap2,45,690,411,740.3145,429.77615,0.94,1567470566850
tap2,31,690,1170,750.3053,1193.3784,1.04,1567470567605
tap2,264,483,204,544.49585,223.88339,0.91999996,1567470568483
tap2,57,690,204,776.28125,238.87558,0.88,1567470569167
tap2,265,483,1170,568.47363,1216.3665,0.71,1567470570044
tap2,300,345,1515,418.6124,1512.2124,0.84,1567470570861
tap2,350,966,894,963.1082,962.49866,0.78,1567470571565
tap2,330,345,894,407.62256,888.5372,0.96,1567470572391
tap2,359,966,1515,1025.0509,1537.1993,0.74,1567470573565
tap2,351,966,963,1005.0694,991.4836,0.84999996,1567470574289
tap2,308,345,1584,440.59204,1573.1805,0.9,1567470575126
tap2,360,966,1584,1036.0406,1588.1727,0.59999996,1567470576055
tap2,334,345,963,393.63553,968.49554,1.04,1567470576861
tap2,137,621,549,656.3922,618.67773,0.98999995,1567470577555
tap2,303,414,1515,491.54486,1546.1947,0.81,1567470578382
tap2,213,621,1515,627.41907,1547.1941,0.9,1567470579137
tap2,302,414,549,489.54672,583.696,0.95,1567470579943
tap2,254,414,135,397.63184,93.951065,0.98999995,1567470580729
tap2,329,552,825,611.43384,832.56635,0.84999996,1567470581484
tap2,253,552,135,630.41626,158.91722,0.71,1567470582239
tap2,328,414,825,468.56613,852.55597,1.03,1567470582984
tap2,334,345,963,431.60037,963.49817,1.0,1567470583668
tap2,342,966,342,1047.0305,376.80374,0.55,1567470584658
tap2,274,345,342,427.60406,392.7954,1.1899999,1567470585444
tap2,351,966,963,1007.0675,1009.4742,0.71999997,1567470586280
tap2,282,345,411,392.63644,446.7673,0.94,1567470587128
tap2,352,966,1032,1040.037,1048.4539,0.53999996,1567470588087
tap2,343,966,411,1024.0518,458.76105,0.75,1567470588882
tap2,244,345,1032,417.6133,1033.4617,1.0699999,1567470589689
tap2,322,345,756,400.62906,799.58356,1.12,1567470590424
tap2,357,966,1377,1040.037,1393.2743,0.56,1567470591352
tap2,348,966,756,1016.0592,793.5867,0.74,1567470592169
tap2,284,345,1377,436.59573,1370.2863,0.97999996,1567470592924
tap2,292,345,1446,407.62256,1453.243,1.23,1567470593700
tap2,349,966,825,1031.0453,835.5648,0.68,1567470594536
tap2,326,345,825,435.59668,906.52783,1.12,1567470595333
tap2,358,966,1446,1032.0444,1475.2316,0.61,1567470596200
tap2,131,690,687,724.32935,686.64233,0.96999997,1567470596894
tap2,321,483,1653,552.48846,1684.1228,0.77,1567470597802
tap2,320,483,687,525.5134,701.6345,0.84999996,1567470598496
tap2,235,690,1653,765.2914,1683.1233,0.69,1567470599323
tap2,362,0,1722,100.90657,1784.0708,0.9,1567470600721
tap2,139,621,1101,660.38855,1144.4039,0.9,1567470601395
tap2,140,0,1101,44.958374,1150.4008,0.71,1567470602201
tap2,371,621,1722,644.4033,1764.0812,0.78,1567470603007
tap2,39,690,1101,735.31915,1151.4003,0.87,1567470603711
tap2,363,69,1722,97.90935,1730.0989,0.74,1567470604568
tap2,372,690,1722,721.3321,1754.0864,0.84999996,1567470605385
tap2,40,69,1101,147.8631,1103.4253,0.57,1567470606211
tap2,136,0,1170,86.91952,1205.3722,1.02,1567470606966
tap2,386,621,1791,723.33026,1806.0593,0.91999996,1567470607844
tap2,135,621,1170,740.3145,1204.3727,1.09,1567470608579
tap2,377,0,1791,77.92784,1811.0566,0.88,1567470609395
tap2,31,690,1170,731.3229,1194.3779,0.82,1567470610099
tap2,378,69,1791,124.88437,1799.063,0.94,1567470610916
tap2,32,69,1170,114.893616,1209.3701,1.15,1567470611661
tap2,387,690,1791,708.3441,1785.0702,0.89,1567470612498
tap2,8,138,1101,188.82516,1156.3977,1.09,1567470613253
tap2,373,759,1722,839.22296,1737.0952,0.84999996,1567470614110
tap2,7,759,1101,849.2137,1086.4341,1.0699999,1567470614805
tap2,364,138,1722,165.84644,1709.1097,0.89,1567470615937
tap2,374,828,1722,921.1471,1788.0687,0.76,1567470616733
tap2,64,207,1101,261.75763,1127.4127,0.88,1567470617519
tap2,365,207,1722,261.75763,1692.1187,0.88,1567470618315
tap2,63,828,1101,917.1508,1133.4097,0.94,1567470619101
tap2,379,138,1791,203.81128,1790.0676,0.89,1567470619917
tap2,3,759,1170,828.2331,1233.3575,0.97999996,1567470620540
tap2,4,138,1170,173.83904,1150.4008,1.18,1567470621264
tap2,388,759,1791,849.2137,1845.039,0.83,1567470622050
tap2,380,207,1791,284.73636,1799.063,0.94,1567470622815
tap2,35,828,1170,891.17487,1196.3768,0.90999997,1567470623469
tap2,389,828,1791,926.14246,1840.0416,0.75,1567470624254
tap2,36,207,1170,285.73544,1199.3752,1.11,1567470625061
tap2,100,276,1101,351.67438,1121.4159,1.1999999,1567470625744
tap2,375,897,1722,967.10455,1763.0817,0.83,1567470626581
tap2,99,897,1101,994.0796,1109.4221,1.01,1567470627285
tap2,366,276,1722,349.67624,1734.0968,0.97999996,1567470628075
tap2,368,414,1722,460.57355,1761.0828,0.75,1567470628765
tap2,159,621,756,650.39777,741.6137,1.02,1567470629510
tap2,371,621,1722,675.37463,1749.089,0.79999995,1567470630235
tap2,324,414,756,456.57724,770.59863,0.87,1567470631031
tap2,96,276,1170,378.6494,1209.3701,1.16,1567470631725
tap2,390,897,1791,959.11194,1807.0588,0.81,1567470632603
tap2,95,897,1170,982.09064,1160.3956,0.90999997,1567470633266
tap2,381,276,1791,338.6864,1813.0557,1.0,1567470634032
tap2,385,552,1791,595.44867,1859.0317,0.75,1567470634705
tap2,326,345,825,376.65125,840.5622,1.15,1567470635532
tap2,382,345,1791,416.61426,1827.0483,0.95,1567470636297
tap2,329,552,825,614.4311,846.5591,0.69,1567470637022
tap2,323,483,756,555.48566,787.5898,1.14,1567470637675
tap2,372,690,1722,753.3025,1763.0817,0.89,1567470638512
tap2,59,690,756,737.3173,814.57574,1.11,1567470639165
tap2,369,483,1722,552.48846,1730.0989,0.77,1567470639941
tap2,353,966,1101,991.08234,1192.3789,0.97999996,1567470640584
tap2,367,345,1722,421.60962,1706.1113,1.02,1567470641349
tap2,252,345,1101,368.65866,1113.42,1.17,1567470642013
tap2,376,966,1722,1009.0657,1738.0947,0.65999997,1567470642798
tap2,383,414,1791,483.55228,1837.0432,0.81,1567470643595
tap2,155,621,825,631.41534,791.5877,1.1,1567470644289
tap2,328,414,825,509.52823,882.54034,1.14,1567470644962
tap2,386,621,1791,710.3423,1823.0504,0.96999997,1567470645707
tap2,55,690,825,748.3071,784.5914,1.2099999,1567470646412
tap2,384,483,1791,544.49585,1837.0432,0.89,1567470647126
tap2,327,483,825,526.5125,852.55597,1.11,1567470647790
tap2,387,690,1791,758.29785,1838.0426,0.95,1567470648473
tap1,2,288,642,359.667,714.6278,0.72999996,1567470830921
tap1,3,576,930,689.3617,1001.4784,0.82,1567470831567
tap1,4,576,642,693.35803,687.64185,1.05,1567470832231
tap1,5,288,930,330.69382,1007.4752,1.14,1567470832904
tap1,9,288,786,394.6346,872.54553,1.29,1567470833608
tap1,17,576,1074,721.3321,1143.4044,0.95,1567470834353
tap1,16,288,1074,384.64386,1147.4023,0.88,1567470835057
tap1,7,576,786,650.39777,893.5346,0.90999997,1567470835792
tap1,4,576,642,685.3654,697.63666,1.17,1567470836465
tap1,10,288,354,359.667,452.76416,1.05,1567470837312
tap1,2,288,642,395.63367,723.6231,1.16,1567470838016
tap1,11,576,354,678.3719,428.77667,1.43,1567470838802
tap1,4,576,642,686.3645,755.60645,1.14,1567470839455
tap1,18,288,1218,384.64386,1283.3315,1.14,1567470840210
tap1,2,288,642,388.64014,699.63556,1.22,1567470840935
tap1,19,576,1218,715.33765,1281.3326,0.84,1567470841700
tap1,13,576,210,679.371,284.85162,1.1,1567470842425
tap1,6,288,498,364.66235,589.6929,0.64,1567470843108
tap1,12,288,210,369.6577,286.8506,1.26,1567470843853
tap1,8,576,498,669.3802,574.7007,0.78999996,1567470844639
tap1,19,576,1218,680.37006,1297.3242,1.01,1567470845292
tap1,22,288,1506,389.63922,1572.1812,1.11,1567470846354
tap1,18,288,1218,405.62442,1298.3237,1.12,1567470846986
tap1,23,576,1506,678.3719,1570.1821,1.0699999,1567470847690
tap1,14,288,66,408.62164,88.95367,1.12,1567470848548
tap1,11,576,354,657.3913,469.7553,1.09,1567470849150
tap1,10,288,354,361.66513,411.78552,1.12,1567470849864
tap1,15,576,66,659.38947,105.94482,1.0799999,1567470850609
tap1,17,576,1074,672.37744,1169.3909,0.93,1567470851303
tap1,20,288,1362,387.64108,1430.255,0.93,1567470852007
tap1,21,576,1362,662.38666,1444.2478,0.84,1567470852742
tap1,16,288,1074,430.6013,1169.3909,0.75,1567470853497
tap1,9,288,786,380.64755,855.5544,0.96,1567470854130
tap1,8,576,498,659.38947,585.69495,1.03,1567470854752
tap1,6,288,498,361.66513,532.72253,1.02,1567470855426
tap1,7,576,786,677.3728,884.5393,1.02,1567470856110
tap1,24,144,66,283.73727,102.94638,0.94,1567470856967
tap1,26,432,354,535.50415,402.7902,1.03,1567470857671
tap1,27,144,354,236.78076,411.78552,1.4399999,1567470858723
tap1,25,432,66,504.53284,86.95471,1.01,1567470859559
tap1,66,720,1506,810.24976,1605.164,0.81,1567470860406
tap1,41,432,1218,525.5134,1304.3207,1.0,1567470861090
tap1,42,432,1506,539.5005,1585.1743,1.02,1567470861754
tap1,65,720,1218,826.235,1306.3196,1.1,1567470862437
tap1,36,144,786,258.7604,870.5466,1.4,1567470863234
tap1,38,432,1074,555.48566,1168.3915,1.1899999,1567470864142
tap1,39,144,1074,251.76688,1147.4023,0.53999996,1567470864846
tap1,37,432,786,530.5088,882.54034,1.02,1567470865499
tap1,16,288,1074,352.67346,1142.405,1.04,1567470866132
tap1,56,0,1362,75.929695,1420.2603,0.61,1567470866948
tap1,20,288,1362,376.65125,1461.2389,0.94,1567470867612
tap1,53,0,1074,110.897316,1127.4127,1.0,1567470868367
tap1,59,720,210,788.27014,277.8553,1.11,1567470869122
tap1,30,432,498,492.54395,626.6736,0.9,1567470870092
tap1,29,432,210,547.49304,279.85425,1.25,1567470870755
tap1,60,720,498,801.2581,594.69025,0.87,1567470871388
tap1,33,432,642,549.4912,671.65015,1.18,1567470872082
tap1,62,720,930,805.2544,1017.47003,0.62,1567470872786
tap1,61,720,642,803.2562,718.6257,1.24,1567470873491
tap1,34,432,930,542.4977,1005.4763,1.18,1567470874175
tap1,6,288,498,389.63922,566.70483,1.1999999,1567470874899
tap1,48,0,210,92.91397,274.85684,1.22,1567470875685
tap1,12,288,210,421.60962,248.87038,0.91999996,1567470876348
tap1,49,0,498,114.893616,585.69495,1.02,1567470877155
tap1,51,0,930,102.90472,1005.4763,0.95,1567470877869
tap1,2,288,642,372.65494,701.6345,1.28,1567470878665
tap1,5,288,930,386.642,995.4815,1.04,1567470879339
tap1,50,0,642,112.89547,733.61786,1.25,1567470880094
tap1,37,432,786,571.4709,881.54083,0.9,1567470880819
tap1,64,720,1074,844.2183,1160.3956,0.69,1567470881564
tap1,38,432,1074,534.50507,1130.4113,0.94,1567470882237
tap1,63,720,786,846.2165,840.5622,0.97999996,1567470883003
tap1,29,432,210,518.5199,227.8813,1.29,1567470883779
tap1,31,144,498,238.77892,591.69183,0.95,1567470884483
tap1,28,144,210,242.7752,312.83707,1.14,1567470885249
tap1,30,432,498,559.48193,573.7012,1.02,1567470885891
tap1,42,432,1506,522.5162,1594.1697,0.62,1567470886759
tap1,40,144,1218,202.81221,1268.3394,0.84,1567470887473
tap1,41,432,1218,519.519,1311.317,0.9,1567470888116
tap1,43,144,1506,243.77429,1567.1837,0.84,1567470888790
tap1,45,144,1362,235.78168,1429.2556,0.71999997,1567470889484
tap1,82,432,1650,536.50323,1668.1311,0.89,1567470890168
tap1,80,144,1650,246.77151,1718.1051,0.91999996,1567470890872
tap1,44,432,1362,517.5208,1481.2285,1.0,1567470891515
tap1,57,720,66,788.27014,163.91463,0.34,1567470892423
tap1,26,432,354,495.54117,457.76157,0.9,1567470893117
tap1,58,720,354,832.22943,410.78604,1.0799999,1567470893781
tap1,25,432,66,533.50604,120.93701,1.03,1567470894556
tap1,64,720,1074,853.21,1144.4039,0.79999995,1567470895383
tap1,44,432,1362,521.5171,1457.241,0.57,1567470896087
tap1,38,432,1074,535.50415,1166.3925,1.14,1567470896771
tap1,67,720,1362,834.2276,1466.2363,0.98999995,1567470897445
tap1,9,288,786,388.64014,819.5731,1.05,1567470898169
tap1,53,0,1074,88.91767,1196.3768,1.09,1567470898894
tap1,16,288,1074,401.6281,1140.406,1.03,1567470899557
tap1,52,0,786,111.89639,889.5367,1.2099999,1567470900435
tap1,74,864,786,969.10266,867.54816,1.02,1567470901282
tap1,17,576,1074,672.37744,1172.3894,1.05,1567470901895
tap1,75,864,1074,945.1249,1178.3862,1.0699999,1567470902548
tap1,7,576,786,689.3617,862.5507,1.1899999,1567470903242
tap1,38,288,66,405.62442,108.94325,1.42,1567470904079
tap1,45,0,354,99.90749,452.76416,1.24,1567470904855
tap1,44,0,66,88.91767,129.93233,1.18,1567470905641
tap1,39,288,354,390.6383,449.76575,1.01,1567470906345
tap1,14,288,1506,408.62164,1552.1915,1.0,1567470907070
tap1,47,0,1794,95.911194,1856.0333,0.42999998,1567470907856
tap1,46,0,1506,95.911194,1587.1733,0.88,1567470908581
tap1,10,288,1794,376.65125,1844.0396,0.97999996,1567470909265
tap1,22,864,210,986.087,250.86934,1.18,1567470910142
tap1,86,576,498,703.34875,563.70636,1.41,1567470910786
tap1,55,576,210,723.33026,291.848,1.43,1567470911531
tap1,88,864,498,967.10455,553.7116,1.2099999,1567470912255
tap1,70,864,1362,1008.0666,1409.266,0.83,1567470913123
tap1,8,576,1650,727.32654,1694.1176,0.90999997,1567470913705
tap1,13,576,1362,707.34503,1490.2238,1.0799999,1567470914399
tap1,71,864,1650,926.14246,1714.1072,0.71999997,1567470915134
tap1,78,576,1218,703.34875,1275.3357,1.12,1567470915808
tap1,83,864,1506,963.1082,1570.1821,0.81,1567470916543
tap1,21,864,1218,997.0768,1278.3342,1.15,1567470917206
tap1,85,576,1506,664.3848,1592.1707,1.26,1567470917941
tap1,19,576,66,669.3802,127.933365,1.12,1567470918849
tap1,77,864,354,971.1008,425.77823,1.0799999,1567470919431
tap1,76,576,354,679.371,418.78186,1.1999999,1567470920126
tap1,23,864,66,928.1406,144.92451,1.25,1567470921259
tap1,15,576,1362,627.41907,1446.2467,1.13,1567470921953
tap1,69,864,1074,948.12213,1200.3748,0.98999995,1567470922616
tap1,11,576,1074,675.37463,1118.4175,1.25,1567470923229
tap1,68,864,1362,970.10175,1428.2561,0.96,1567470923923
tap1,21,0,1218,75.929695,1292.3269,0.84,1567470924739
tap1,75,288,1506,397.63184,1567.1837,1.1999999,1567470925444
tap1,17,288,1218,409.62073,1302.3217,1.3299999,1567470926128
tap1,78,0,1506,73.93155,1593.1702,1.0,1567470926934
tap1,54,576,642,658.3904,718.6257,1.3299999,1567470927629
tap1,22,864,930,957.1138,1026.4653,1.1899999,1567470928322
tap1,18,864,642,942.1277,732.6184,1.3,1567470929017
tap1,55,576,930,685.3654,1003.47736,1.38,1567470929742
tap1,4,576,1794,665.3839,1836.0437,0.96,1567470930588
tap1,73,864,1506,925.1434,1558.1884,0.84,1567470931375
tap1,72,576,1506,685.3654,1585.1743,0.85999995,1567470931987
tap1,3,864,1794,964.1073,1834.0447,0.84999996,1567470932681
tap1,90,720,1362,857.2063,1400.2706,0.82,1567470933345
tap1,77,432,1650,507.53006,1709.1097,1.11,1567470934008
tap1,23,720,1650,839.22296,1726.101,0.84999996,1567470934661
tap1,92,432,1362,537.5023,1431.2545,1.18,1567470935366
tap1,67,432,1074,557.4838,1144.4039,1.27,1567470935999
tap1,82,144,1362,230.78632,1440.2499,1.27,1567470936785
tap1,84,432,1362,556.48474,1463.2379,1.02,1567470937489
tap1,44,144,1074,243.77429,1140.406,1.3399999,1567470938204
tap1,38,432,1506,557.4838,1588.1727,1.0,1567470938969
tap1,45,144,1794,239.77798,1862.0302,0.78,1567470939725
tap1,44,432,1794,566.47546,1855.0338,0.96,1567470940377
tap1,39,144,1506,245.77243,1570.1821,1.2099999,1567470941082
tap1,42,432,1506,524.51434,1606.1635,1.06,1567470941684
tap1,87,720,1794,851.21185,1839.0421,0.90999997,1567470942429
tap1,89,432,1794,559.48193,1844.0396,0.78999996,1567470943113
tap1,43,720,1506,831.23035,1592.1707,0.74,1567470943798
tap1,42,0,1362,116.89177,1422.2592,1.1899999,1567470944645
tap1,91,288,1650,379.64847,1727.1005,1.24,1567470945401
tap1,89,288,1362,409.62073,1461.2389,1.29,1567470946033
tap1,66,0,1650,116.89177,1745.0911,1.01,1567470946789
tap1,56,432,642,521.5171,699.63556,1.28,1567470947544
tap1,81,144,930,259.7595,1064.4456,1.2099999,1567470948279
tap1,20,432,930,556.48474,990.4841,1.09,1567470948953
tap1,79,144,642,274.7456,732.6184,1.4699999,1567470949698
drag1,2,363.66327,596.6892,0.83,3741.618539,59.63908371469271
drag1,3,684.36633,932.5143,1.01,3762.806462,62.12675269914641
drag1,4,674.3756,688.6413,0.96,3626.872924,61.2174084265012
drag1,5,401.6281,913.5242,0.78999996,3761.641385,66.15193777334264
drag1,9,389.63922,784.5914,0.87,3918.134462,66.95765889873935
drag1,17,689.40967,1033.4617,0.98999995,3505.051231,72.21177833611954
drag1,16,420.61053,1098.4279,0.84999996,3063.873384,63.98290757477845
drag1,7,679.371,852.55597,0.91999996,4697.551308,64.12202593569963
drag1,4,709.3432,664.6538,1.29,3573.2889229999996,60.0255063180296
drag1,10,424.60684,365.80948,1.18,5967.164924,58.8298652842548
drag1,2,406.6235,617.6783,1.18,3541.674923,67.11138916682428
drag1,11,674.2227,397.79282,0.96999997,4568.343462,61.87254590556405
drag1,4,686.3645,597.68866,0.85999995,3247.145615,67.29882830902591
drag1,18,667.3821,1308.3186,0.71999997,807.340384,275.6628729527687
drag1,2,425.60593,611.6814,0.9,4422.783539,63.75130001097878
drag1,19,709.3432,1193.3784,0.96,5769.571,70.36157812199862
drag1,13,694.35706,235.87714,1.42,4964.472847,69.90023734925872
drag1,6,405.62442,493.74283,0.85999995,4360.963616,60.12517389175342
drag1,12,415.61517,225.88235,1.31,5324.334846,71.5117198996628
drag1,8,704.34784,468.75586,1.1899999,5550.924078,75.03665445257823
drag1,19,698.3534,1203.3732,1.4399999,4421.079154,60.42327681744101
drag1,22,599.7888,1741.4373,0.90999997,896.7569229999999,280.8861096002512
drag1,18,391.6374,1263.3419,1.29,4204.519308,66.6849673992646
drag1,23,687.3635,1457.241,1.26,5219.295231,61.2670625335821
drag1,14,378.6494,20.989067,0.88,4617.780693,83.28830261344442
drag1,11,669.5322,322.83185,1.12,4047.724538,66.84862323906673
drag1,10,392.63644,350.81726,1.3199999,3837.522,60.05849203784207
drag1,15,682.36816,318.83392,0.65999997,1267.615308,200.1309871909321
drag1,17,682.36816,1136.6039,0.96999997,4082.0133849999997,57.16082782493573
drag1,20,368.65866,1339.3024,1.37,6178.811307999999,66.2487334100034
drag1,21,707.34503,1408.2665,1.24,4609.839692,61.339153843222164
drag1,16,497.5393,1249.3492,0.90999997,1214.9121539999999,169.07669057366272
drag1,24,325.69843,258.86517,0.72999996,2095.242923,177.34292953756466
drag1,26,531.5079,341.82196,1.25,9970.799539,73.02599433785684
drag1,27,257.76132,322.83185,1.5,5478.441693,63.11554995022907
drag1,25,528.6972,64.96616,1.27,3260.502,84.79359882088507
drag1,66,851.21185,1470.2343,1.0799999,5896.544462,81.70620116568884
drag1,41,570.84576,1228.5472,1.06,5374.245385,64.65803403571552
drag1,42,541.4986,1492.2228,1.53,4584.476154,70.17698701366238
drag1,65,823.23773,1300.4713,1.04,4759.426616,57.01900975351544
drag1,36,249.76874,774.59656,1.13,4276.894923,68.75142246002093
drag1,38,533.56323,1066.416,1.3199999,5502.760462,59.34269255220283
drag1,39,245.77243,1100.4269,1.01,5435.640539,81.89378746204085
drag1,37,550.4903,839.5627,1.4699999,4599.813692,52.834624733791266
drag1,16,466.10248,1276.1024,0.78,1216.250307,171.43436726393819
drag1,56,330.69382,1665.1327,0.81,652.9225389999999,346.7367467706733
drag1,20,404.62534,1413.2639,1.31,5854.864539,74.90363065817671
drag1,53,862.20166,1347.2982,0.45,2930.0787689999997,733.4022791420074
drag1,59,830.23126,291.848,1.3199999,3507.984462,58.425459174678984
drag1,30,525.5134,502.73816,1.3399999,2271.0133849999997,72.14437499776972
drag1,29,577.46533,275.85632,0.81,2445.0675389999997,76.75652364978578
drag1,60,864.1998,478.75064,1.66,3986.130385,67.22435943558493
drag1,33,712.3014,933.1731,0.78,461.49423099999996,269.0257756830348
drag1,62,606.4385,826.56946,1.02,448.62199999999996,217.2051594028987
drag1,61,854.20905,677.64703,1.2099999,2882.908384,57.86899522654764
drag1,34,523.51526,940.51013,1.3,2831.24177,63.13675538437662
drag1,6,412.61795,459.76053,1.2099999,3853.221385,61.87961105009172
drag1,48,889.1767,443.76886,0.22999999,4840.967154,755.7877175602325
drag1,12,387.55905,190.8185,1.3,3475.582231,62.11097912265848
drag1,49,91.914894,482.74857,1.15,3290.602539,70.11571650944171
drag1,51,719.334,1117.7964,0.17999999,2565.488616,645.7472579001596
drag1,2,392.63644,618.67773,0.9,3642.320385,73.85150135679487
drag1,5,407.12302,900.53094,1.03,5282.244769999999,70.41749697488878
drag1,50,887.1785,853.5554,0.17999999,3074.320154,755.9200597070466
drag1,37,529.5097,782.5924,1.1,3110.190846,70.05931527146674
drag1,64,834.2276,1029.4637,1.77,4673.372461999999,71.19040544484069
drag1,38,549.4912,1022.46747,1.43,4211.693308,73.74946701965459
drag1,63,833.2285,873.545,1.7099999,7603.174999999999,47.63333559026673
drag1,29,552.48846,217.28532,1.2099999,6029.569461,67.278645999902
drag1,31,837.2248,832.56635,0.53999996,2975.0639229999997,629.8686491292186
drag1,28,894.17206,542.71735,1.09,2703.784077,674.329975467855
drag1,30,785.2729,707.6314,0.78999996,615.058693,289.5742170193418
drag1,42,541.4986,1553.191,1.26,4636.811,57.37238318318331
drag1,40,920.148,1441.2493,0.45999998,7254.392846,684.5839724111537
drag1,41,517.5208,1199.3752,1.2099999,4138.054846,65.36940245607406
drag1,43,896.6698,1761.5825,0.19,3707.799231,673.2135326885717
drag1,45,940.1295,1620.1561,0.59,4009.487616,696.4590127275991
drag1,82,503.53375,1627.1525,0.9,2977.4267689999997,69.52787421036092
drag1,80,247.77058,1651.14,1.11,4354.171385,63.05283990023363
drag1,44,519.519,1437.2513,0.91999996,4729.454538999999,62.81634902657938
drag1,57,630.41626,1031.4628,1.09,1378.348693,929.1331462656391
drag1,26,547.49304,389.79697,1.31,3313.7842309999996,68.63750478582105
drag1,58,828.2331,327.82925,1.22,3099.001923,68.96615913563272
drag1,25,589.4542,49.973972,1.0699999,6735.340001,70.27614623930845
drag1,64,843.21924,1081.4368,1.35,5804.261692,61.50567547617821
drag1,44,596.44775,1496.2207,0.77,1185.891077,82.04815301497304
drag1,38,554.4866,1121.4159,1.02,7978.209922999999,70.09403222296048
drag1,67,842.22015,1389.2764,1.23,7925.015385,63.203917198969066
drag1,9,383.64478,767.6002,1.12,5422.332923999999,72.66351403071538
drag1,53,228.78816,1164.3936,0.64,623.821923,103.56388058061376
drag1,16,1052.0259,1211.369,0.26999998,3463.4126159999996,724.3788717103712
drag1,52,120.88807,744.6122,1.27,2724.8177699999997,73.11330571729695
drag1,74,960.111,762.6028,1.13,3895.924693,67.16947283723249
drag1,17,670.3793,1081.4368,1.3399999,3609.561539,58.57248877682816
drag1,75,965.1492,1094.2588,1.05,3658.0187699999997,65.19297107897007
drag1,7,724.32935,836.5643,1.3199999,3727.540231,63.22318226268719
drag1,70,969.10266,545.71576,1.15,1286.163077,278.15734289340537
drag1,8,955.11566,459.76053,1.2099999,377.33653799999996,329.45018088634134
drag1,13,702.84924,218.38623,1.13,3850.591846,71.60348810930817
drag1,71,1008.0666,504.7371,1.25,5580.023001,63.2975137801006
drag1,78,950.12024,1359.292,1.18,8501.979231,77.8198488141668
drag1,83,698.3534,1674.128,1.15,4089.826616,65.17985647174035
drag1,21,654.3941,1400.2706,1.3399999,3509.119616,67.82201600085817
drag1,85,983.0897,1672.129,1.1999999,3190.954001,57.24298285455909
drag1,19,703.1192,1225.3618,1.36,4043.5191539999996,74.05961226334327
drag1,77,997.0768,1518.2092,1.27,3977.3577699999996,61.2712299156748
drag1,76,980.0925,1292.3269,1.15,3556.667,69.07221928825102
drag1,23,693.35803,1491.2233,1.37,5184.113385,69.12727033554026
drag1,15,690.3608,1411.2649,0.72999996,1051.2214609999999,1331.0785564374544
drag1,69,968.10364,401.7907,1.1,4037.2277689999996,65.49424219204649
drag1,11,702.3907,342.73932,1.42,4907.220155,74.2334530310658
drag1,68,990.08325,77.9594,0.9,3340.8811539999997,75.11796299537463
drag1,21,686.3645,1353.2952,1.35,4846.073308,69.69197545680537
drag1,75,983.0897,1109.4221,1.2099999,4224.067,57.83592983762635
drag1,17,708.1265,1112.9846,1.16,8478.613922999999,68.39589012814534
drag1,78,969.0523,1387.9604,0.98999995,3574.405847,60.76540423003334
drag1,54,124.88437,1178.3862,0.94,4058.1323079999997,58.89705912127427
drag1,22,1042.0352,1664.1332,0.47,5764.9561539999995,636.6912058377417
drag1,18,415.61517,1276.3352,1.04,4179.304923,62.779158517185245
drag1,55,93.91304,1481.2285,0.83,4224.722,72.11133883764785
drag1,67,865.1989,1422.2592,1.3,6632.333076999999,66.93440600120257
drag1,82,529.5097,1648.1416,1.3199999,5580.588385,68.13695411357722
drag1,84,848.2146,1673.1285,1.02,5764.131230999999,69.0663863388567
drag1,44,550.4903,1402.2697,1.4599999,3548.032077,71.8177956538788
drag1,38,568.47363,1128.4122,1.13,3106.656462,71.84356142299738
drag1,45,255.76318,1378.2821,1.25,2997.0904619999997,69.24857042400097
drag1,44,568.47363,1382.28,1.43,3354.099308,65.02578338615803
drag1,39,279.74097,1138.4071,1.35,5546.543,67.89266450340435
drag1,56,108.89917,1369.2867,1.42,2859.516,65.39304235179146
drag1,81,400.62906,1721.1035,1.28,5044.799308,59.18181264379023
drag1,20,397.63184,1386.7776,1.14,3242.044308,68.90087912014057
drag1,79,105.90195,1622.155,1.0799999,2913.938615,66.12943918738529
drag1,33,535.50415,706.63196,1.4399999,8689.739077999999,58.50280569006311
drag1,35,267.75208,942.5091,1.25,2645.130308,59.496860570150474
drag1,34,549.4912,958.50073,1.4599999,2528.159077,59.083625280771905
drag1,32,270.7493,724.62256,1.04,5844.524692999999,58.15458640039312
drag1,9,398.6309,746.61115,1.26,3313.9260769999996,69.09446492018283
drag1,8,692.35895,527.72516,1.03,3558.394461,72.9097119955737
drag1,6,406.6235,492.74335,0.97999996,2475.427154,76.99695331190965
drag1,7,696.3552,764.60175,1.4599999,3459.111231,58.85788052615805
drag1,14,385.6429,37.980217,1.0,3934.684077,119.65294130145449
drag1,47,90.91582,335.82507,1.11,3469.635154,71.49303833703048
drag1,46,109.89824,100.94742,1.3299999,2152.248,97.92812034318283
drag1,10,402.6272,349.81778,1.3199999,3817.821923,63.42691799857881
drag1,4,693.35803,629.67206,1.29,3355.1743079999997,55.14723356203148
drag1,73,999.07495,883.5398,0.93,3354.10777,78.10757092909067
drag1,72,962.1092,672.64966,1.51,3445.144923,63.21209473155292
drag1,3,696.3552,923.519,1.3299999,3167.173539,58.03335534965089
scale2,25,-384.48486,1185.6897689999998
scale2,25,-358.85303,1356.3754609999999
scale2,9,-358.85303,491.59669299999996
scale2,25,-75.847824,8200.844539
scale2,9,-416.54782,4442.936385
scale2,25,-104.8945,7026.345461999999
scale2,9,-468.62375,3798.931847
scale2,25,-71.75055,6915.354616
scale2,9,-467.5103,4127.221616
scale2,28,-57.659424,12392.15654
scale2,10,-367.97437,1349.640923
scale2,29,-462.28668,4229.542308
scale2,12,-119.33096,9992.24777
scale1,27,-2.2218647,2827.928308
scale1,46,-18.084732,3762.566
scale1,26,-4.330055,2648.4333079999997
scale1,4,-147.58188,4139.908846
scale1,43,15.389786,1472.7873849999999
scale1,25,-7.369217,1746.5679229999998
scale1,42,-12.087725,1707.813615
scale1,23,-142.25311,2205.124538
scale1,5,-146.45752,2565.9913079999997
scale1,24,-143.729,1992.6299999999999
scale1,19,-140.75793,5566.947
scale1,2,-143.8807,3584.93977
scale1,44,-11.066048,2198.523385
scale1,65,6.5862007,2973.28077
scale1,45,-6.468664,2524.703615
scale1,28,-49.31555,1256.5579229999998
scale1,13,-46.533966,1207.5790769999999
scale1,56,-8.764515,1953.0206919999998
scale1,40,-8.711798,2199.0524609999998
scale1,41,-10.810169,2247.6109229999997
scale1,6,-19.324488,2381.3016159999997
scale1,51,-4.0100613,1736.847846
scale1,36,7.769943,4280.83677
scale1,21,-12.884474,2308.778231
scale1,8,-143.7759,3422.5706929999997
scale1,57,-15.011324,2136.201538
scale1,39,-10.6706085,1821.6416929999998
scale1,9,-141.56374,2260.385847
scale1,58,-19.615763,1705.2459239999998
scale1,47,-2.4066753,1592.5753849999999
scale1,1,-139.80707,2484.6723079999997
scale1,35,355.8872,1408.914615
scale1,3,31.853966,5345.7886929999995
scale1,17,-20.655773,3003.918308
scale1,53,-2.1166534,2145.159769
scale1,34,-64.33418,1317.699385
scale1,18,-10.760113,2535.001308
scale1,50,-2.5164871,1799.687538
scale1,62,42.878437,1308.834462
scale1,66,-4.9244328,1556.526539
scale1,20,-4.255108,1442.597077
scale1,37,17.18811,1299.861924
scale1,32,17.18811,344.547846
