rotate2,2,0.9533386,3011.9258459999996
rotate2,13,1.3174362,4992.7005389999995
rotate2,8,2.5878296,3042.005154
rotate2,3,1.1910172,3298.408539
rotate2,7,-3.5215912,4420.021307999999
rotate2,12,2.677391,3031.1806149999998
rotate2,1,-78.085945,5510.336693
rotate2,2,-0.47820282,2999.272231
rotate2,13,-1.4287872,2868.365847
rotate2,8,1.5698776,2278.073923
rotate2,3,4.0402145,3196.827154
rotate2,7,7.3454895,3247.870308
rotate2,12,-0.97924805,2654.6387689999997
rotate2,1,-0.5620346,5045.596616
rotate2,11,4.795616,3758.234692
rotate2,6,2.5970764,3307.436461
rotate2,10,-1.9910507,2929.787692
rotate2,5,-1.6058273,2981.671847
rotate2,15,13.252586,6744.879769
rotate2,9,0.54281616,3258.485154
rotate2,4,0.12107086,4821.502539
rotate2,14,44.877365,1175.781154
rotate2,14,-62.69918,1855.964692
rotate1,9,1.6597672,1666.882308
rotate1,4,0.59778595,1438.863231
rotate1,13,5.7538795,5161.188
rotate1,9,3.179573,1961.379154
rotate1,4,2.360365,1390.009539
rotate1,13,-16.731497,5842.138615
rotate1,6,1.9606438,1838.348
rotate1,15,2.3841038,2069.741308
rotate1,2,1.0530319,1706.283539
rotate1,10,-137.66058,1593.908692
rotate1,5,1.8143349,1313.497154
rotate1,14,0.27905655,1256.9679999999998
rotate1,8,2.2182617,1298.7606919999998
rotate1,11,1.146555,1349.885231
rotate1,7,-0.27482224,1123.917
rotate1,1,4.6044464,2349.824
rotate1,12,-0.6154356,1664.191231
rotate1,3,-0.34025383,1379.735847
tap2,6,138,480,165.84644,530.7236,1.1,1567387726066
tap2,7,759,1101,809.2507,1152.3998,1.37,1567387728999
tap2,8,138,1101,145.86494,1171.3899,1.13,1567387729929
tap2,9,759,480,789.2692,510.73398,1.2099999,1567387730797
tap2,164,0,687,58.94542,722.6236,0.98999995,1567387731737
tap2,183,621,1308,674.3756,1354.2946,1.3,1567387732605
tap2,182,0,1308,85.92044,1312.3165,0.96,1567387733493
tap2,163,621,687,642.4052,720.62463,1.3,1567387734361
tap2,242,345,66,340.68454,130.93181,1.3299999,1567387735321
tap2,243,552,1032,591.4524,1026.4653,1.15,1567387736199
tap2,244,345,1032,368.65866,1030.4633,1.26,1567387736996
tap2,245,552,66,608.43665,92.951584,1.12,1567387737823
tap2,42,69,411,121.887146,433.77408,1.17,1567387738742
tap2,43,690,1032,722.3312,1086.4341,1.1999999,1567387739620
tap2,45,690,411,728.3256,428.77667,1.3,1567387740478
tap2,44,69,1032,110.897316,1039.4586,1.31,1567387741305
tap2,322,345,756,382.6457,734.6174,1.29,1567387742081
tap2,321,483,1653,521.5171,1683.1233,1.1,1567387743000
tap2,316,345,1653,402.6272,1708.1104,1.1999999,1567387744093
tap2,323,483,756,551.4894,772.5976,1.36,1567387744889
tap2,2,138,549,168.84366,573.7012,1.1,1567387745809
tap2,3,759,1170,816.2442,1255.3462,1.13,1567387746707
tap2,4,138,1170,189.82423,1154.3987,1.06,1567387747534
tap2,5,759,549,769.2877,515.7314,1.26,1567387748341
tap2,11,759,1032,771.2858,1031.4628,1.18,1567387749199
tap2,10,138,411,183.82979,468.75586,1.31,1567387750118
tap2,12,138,1032,176.83626,994.482,1.17,1567387751027
tap2,13,759,411,811.24884,410.78604,1.28,1567387751895
tap2,15,759,963,788.27014,951.5044,1.17,1567387752691
tap2,14,138,342,163.8483,380.80167,1.09,1567387753590
tap2,17,759,342,831.23035,368.8079,1.13,1567387754389
tap2,16,138,963,169.84274,925.51794,1.02,1567387755254
tap2,122,207,66,231.78539,75.960434,1.1999999,1567387756163
tap2,123,828,687,887.1785,675.6481,1.11,1567387756950
tap2,124,207,687,237.77983,675.6481,1.35,1567387757797
tap2,125,828,66,815.2451,105.94482,1.24,1567387758584
tap2,135,621,1170,623.4227,1159.3961,1.05,1567387759370
tap2,134,0,549,60.943573,528.7246,0.96999997,1567387760146
tap2,136,0,1170,80.92507,1208.3706,1.13,1567387761045
tap2,137,621,549,667.3821,501.73868,1.12,1567387761739
tap2,130,69,66,113.89455,73.96148,1.18,1567387762699
tap2,131,690,687,748.3071,718.6257,1.24,1567387763517
tap2,133,690,66,724.32935,107.94378,1.31,1567387764445
tap2,132,69,687,106.90102,698.6361,1.28,1567387765365
tap2,127,759,687,772.2849,746.61115,1.23,1567387766141
tap2,126,138,66,148.86217,114.94013,1.4399999,1567387767009
tap2,128,138,687,140.86957,693.63873,1.3299999,1567387767795
tap2,129,759,66,829.2322,80.95783,1.18,1567387768591
tap2,18,138,273,136.87326,313.83655,1.16,1567387769439
tap2,19,759,894,760.296,912.5247,1.13,1567387770226
tap2,20,138,894,154.85661,839.5627,1.35,1567387771002
tap2,21,759,273,815.2451,263.86258,1.3399999,1567387771706
tap2,35,828,1170,845.2174,1200.3748,1.1,1567387772595
tap2,34,207,549,239.77798,526.72565,1.3199999,1567387773341
tap2,36,207,1170,258.7604,1194.3779,1.15,1567387774127
tap2,37,828,549,838.2239,532.72253,1.4599999,1567387774883
tap2,26,138,135,171.84088,143.92503,1.29,1567387775781
tap2,27,759,756,784.2738,835.5648,1.3299999,1567387776557
tap2,28,138,756,149.86124,787.5898,1.22,1567387777374
tap2,29,759,135,780.2775,161.91566,1.28,1567387778170
tap2,43,690,1032,736.31824,1035.4607,1.0799999,1567387778987
tap2,42,69,411,97.90935,415.78345,1.12,1567387779835
tap2,45,690,411,773.284,418.78186,1.29,1567387780642
tap2,44,69,1032,114.893616,1058.4487,1.16,1567387781581
tap2,24,138,825,177.83534,865.5492,1.12,1567387782398
tap2,25,759,204,812.2479,161.91566,1.12,1567387783133
tap2,22,138,204,167.84459,249.86986,1.27,1567387784011
tap2,23,759,825,797.2618,879.5419,1.24,1567387784777
tap2,38,69,480,95.911194,494.7423,1.15,1567387785553
tap2,39,690,1101,761.2951,1149.4014,1.14,1567387786289
tap2,40,69,1101,97.90935,1134.4092,1.22,1567387787065
tap2,41,690,480,720.333,525.7262,1.4599999,1567387787739
tap2,33,690,549,695.35614,539.7189,1.3,1567387788535
tap2,32,69,1170,139.87048,1196.3768,1.43,1567387789311
tap2,30,69,549,99.90749,589.6929,1.3299999,1567387790057
tap2,31,690,1170,740.3145,1211.369,1.28,1567387790782
tap2,46,69,342,94.91212,357.81363,1.36,1567387791599
tap2,47,690,963,764.2923,990.4841,1.39,1567387792375
tap2,48,69,963,123.88529,966.4966,1.36,1567387793151
tap2,49,690,342,733.321,282.85266,1.5,1567387793876
tap2,108,276,963,337.68732,998.4799,1.31,1567387794693
tap2,231,897,1584,938.13135,1647.1421,1.23,1567387795561
tap2,230,276,1584,364.66235,1625.1536,0.96999997,1567387796317
tap2,107,897,963,955.11566,953.50336,1.29,1567387797113
tap2,143,621,1032,665.3839,1025.4658,1.26,1567387797900
tap2,232,0,1653,121.887146,1669.1306,1.18,1567387798737
tap2,233,621,1653,681.3691,1644.1437,1.0699999,1567387799565
tap2,144,0,1032,74.93062,1096.429,1.0799999,1567387800392
tap2,44,69,1032,115.89269,1012.47266,1.3399999,1567387801188
tap2,235,690,1653,745.3099,1695.1171,1.29,1567387802006
tap2,43,690,1032,749.3062,1068.4435,1.3,1567387802720
tap2,234,69,1653,127.88159,1693.1182,1.1999999,1567387803517
tap2,12,138,1032,183.82979,1040.4581,1.3299999,1567387804334
tap2,237,759,1653,765.2914,1651.14,1.1899999,1567387804978
tap2,11,759,1032,798.26086,1065.4451,1.4,1567387805682
tap2,236,138,1653,177.83534,1699.115,1.28,1567387806479
tap2,238,207,1653,246.77151,1779.0734,1.18,1567387807275
tap2,67,828,1032,819.24146,1096.429,1.3299999,1567387808031
tap2,68,207,1032,254.76411,1116.4185,1.24,1567387808746
tap2,239,828,1653,872.19244,1759.0837,1.24,1567387809594
tap2,104,276,1032,300.72156,1092.431,1.3299999,1567387810349
tap2,241,897,1653,959.11194,1708.1104,1.0699999,1567387811126
tap2,240,276,1653,284.73636,1694.1176,1.25,1567387811800
tap2,103,897,1032,970.10175,1064.4456,1.42,1567387812525
tap2,50,69,273,82.92322,287.85007,1.37,1567387813444
tap2,51,690,894,739.3154,933.5138,1.3,1567387814138
tap2,52,69,894,125.88344,889.5367,1.3,1567387814976
tap2,53,690,273,735.31915,301.84277,1.23,1567387815803
tap2,55,690,825,739.3154,896.533,1.39,1567387816579
tap2,54,69,204,108.89917,194.89848,1.28,1567387817447
tap2,56,69,825,103.90379,836.5643,1.22,1567387818254
tap2,57,690,204,746.30896,212.88911,1.53,1567387819040
tap2,59,690,756,714.33856,673.6491,1.13,1567387819806
tap2,58,69,135,126.882515,171.91046,1.3,1567387820705
tap2,61,690,135,720.333,143.92503,1.49,1567387821522
tap2,60,69,756,120.88807,713.6283,1.29,1567387822350
tap2,62,207,480,243.77429,460.76,1.4,1567387823146
tap2,63,828,1101,864.1998,1147.4023,1.36,1567387823861
tap2,64,207,1101,191.82239,1075.4398,1.27,1567387824545
tap2,65,828,480,872.19244,457.76157,1.39,1567387825250
tap2,290,345,480,411.61887,445.76782,1.4,1567387825986
tap2,291,552,1446,569.4727,1418.2612,1.3,1567387826700
tap2,293,552,480,589.4542,519.7293,1.42,1567387827426
tap2,292,345,1446,398.6309,1463.2379,1.1899999,1567387828192
tap2,141,621,480,666.383,459.76053,1.39,1567387828866
tap2,295,414,1446,441.59113,1420.2603,1.13,1567387829622
tap2,294,414,480,429.60223,502.73816,1.27,1567387830357
tap2,203,621,1446,649.3987,1475.2316,1.3199999,1567387831174
tap2,297,483,1446,536.50323,1436.252,1.13,1567387831868
tap2,41,690,480,753.3025,472.75375,1.37,1567387832655
tap2,296,483,480,505.53192,498.74023,1.29,1567387833410
tap2,205,690,1446,739.3154,1503.217,1.13,1567387834146
tap2,319,414,1653,453.58002,1707.1108,1.29,1567387834820
tap2,325,552,756,630.41626,826.56946,1.49,1567387835545
tap2,324,414,756,413.61703,766.6007,1.4,1567387836311
tap2,315,552,1653,584.45886,1588.1727,1.2099999,1567387836995
tap2,298,345,549,397.63184,585.69495,1.4,1567387837741
tap2,299,552,1515,555.48566,1533.2014,1.14,1567387838517
tap2,301,552,549,585.4579,521.7283,1.38,1567387839242
tap2,300,345,1515,386.642,1601.166,1.11,1567387840069
tap2,326,345,825,406.6235,845.5596,1.15,1567387840835
tap2,256,483,135,557.4838,133.93024,1.31,1567387841591
tap2,250,345,135,377.65033,139.92712,1.3399999,1567387842429
tap2,327,483,825,525.5134,836.5643,1.26,1567387843164
tap2,67,828,1032,829.2322,1100.4269,1.15,1567387843859
tap2,66,207,411,284.73636,391.79593,1.39,1567387844676
tap2,68,207,1032,245.77243,1044.4559,1.2099999,1567387845431
tap2,69,828,411,801.2581,417.7824,1.39,1567387846208
tap2,72,207,963,189.82423,957.5013,1.29,1567387846963
tap2,73,828,342,826.235,317.83444,1.22,1567387847607
tap2,70,207,342,202.81221,350.81726,1.25,1567387848434
tap2,71,828,963,840.22205,995.4815,1.27,1567387849108
tap2,76,207,894,221.79463,846.5591,1.31,1567387849813
tap2,77,828,273,905.16187,280.85373,1.3399999,1567387850538
tap2,74,207,273,247.77058,269.85944,1.3,1567387851396
tap2,75,828,894,843.21924,900.53094,1.29,1567387852121
tap2,80,207,825,232.78445,839.5627,1.13,1567387852795
tap2,81,828,204,835.2266,223.88339,1.29,1567387853500
tap2,78,207,204,200.81406,215.88756,1.36,1567387854307
tap2,79,828,825,840.22205,861.5513,1.12,1567387855021
tap2,84,207,756,245.77243,802.582,1.22,1567387855706
tap2,85,828,135,876.1887,83.95627,1.15,1567387856441
tap2,82,207,135,226.79001,139.92712,1.36,1567387857238
tap2,83,828,756,867.197,739.61475,1.17,1567387857963
tap2,89,621,618,595.44867,629.67206,1.36,1567387858719
tap2,88,0,1239,94.91212,1255.3462,1.29,1567387859413
tap2,87,621,1239,731.3229,1250.3488,1.2099999,1567387860220
tap2,86,0,618,80.92507,662.65485,1.27,1567387860966
tap2,305,483,1515,584.45886,1566.1842,1.12,1567387861732
tap2,33,690,549,730.3238,537.7199,1.41,1567387862406
tap2,304,483,549,528.5106,560.70795,1.36,1567387863192
tap2,215,690,1515,761.2951,1645.1431,1.13,1567387863958
tap2,309,552,618,583.4598,620.6767,1.38,1567387864632
tap2,308,345,1584,433.5985,1595.1692,1.09,1567387865419
tap2,307,552,1584,566.47546,1561.1869,1.13,1567387866134
tap2,306,345,618,385.6429,638.66736,1.38,1567387866859
tap2,258,345,204,407.62256,201.89484,1.3,1567387867604
tap2,331,483,894,519.519,863.55023,1.26,1567387868350
tap2,330,345,894,330.69382,912.5247,1.27,1567387869044
tap2,264,483,204,497.5393,259.86465,1.18,1567387869831
tap2,223,621,1584,640.40704,1601.166,0.89,1567387870545
tap2,310,414,618,457.57632,649.6616,1.4499999,1567387871271
tap2,89,621,618,699.3525,651.6606,1.31,1567387871945
tap2,311,414,1584,423.6078,1667.1317,1.03,1567387872741
tap2,261,552,204,613.432,234.87766,1.28,1567387873456
tap2,322,345,756,384.64386,768.5997,1.4599999,1567387874253
tap2,262,414,204,462.5717,214.88808,1.39,1567387875039
tap2,333,552,894,574.4681,923.519,1.15,1567387875825
tap2,312,483,618,527.5116,650.6611,1.31,1567387876581
tap2,225,690,1584,730.3238,1533.2014,1.1999999,1567387877266
tap2,93,690,618,706.346,643.66473,1.31,1567387877950
tap2,313,483,1584,567.47455,1597.1681,1.05,1567387878623
tap2,91,690,1239,729.3247,1265.341,1.23,1567387879349
tap2,90,69,618,92.91397,591.69183,1.28,1567387880197
tap2,93,690,618,733.321,663.65436,1.1899999,1567387880881
tap2,92,69,1239,110.897316,1217.366,1.22,1567387881677
tap2,108,276,963,297.72433,992.48303,1.35,1567387882403
tap2,109,897,342,916.15173,379.8022,1.42,1567387883179
tap2,106,276,342,301.72064,353.8157,1.4699999,1567387883986
tap2,107,897,963,934.1351,1007.4752,1.27,1567387884690
tap2,100,276,1101,332.69196,1119.417,1.24,1567387885436
tap2,101,897,480,945.1249,446.7673,1.3,1567387886171
tap2,99,897,1101,955.11566,1059.4481,1.14,1567387886916
tap2,98,276,480,304.71786,489.7449,1.4499999,1567387887693
tap2,105,897,411,957.1138,486.74646,1.4,1567387888397
tap2,104,276,1032,296.72525,1026.4653,1.39,1567387889112
tap2,102,276,411,272.74747,416.78293,1.16,1567387889899
tap2,103,897,1032,918.14984,1055.4503,1.02,1567387890614
tap2,97,897,549,914.15356,545.71576,1.3,1567387891349
tap2,96,276,1170,314.70862,1277.3347,1.1999999,1567387892074
tap2,94,276,549,269.75024,590.6923,1.27,1567387892799
tap2,95,897,1170,891.17487,1217.366,1.2099999,1567387893494
tap2,111,897,894,972.0999,966.4966,1.28,1567387894219
tap2,110,276,273,305.71692,316.83496,1.27,1567387895016
tap2,112,276,894,292.72894,954.50287,1.13,1567387895761
tap2,113,897,273,926.14246,356.81415,1.15,1567387896538
tap2,116,276,825,294.7271,862.5507,1.01,1567387897314
tap2,117,897,204,932.1369,237.8761,1.49,1567387898090
tap2,114,276,204,288.73267,217.8865,1.25,1567387898826
tap2,115,897,825,907.16003,876.54346,1.17,1567387899551
tap2,119,897,756,925.1434,766.6007,1.11,1567387900286
tap2,118,276,135,297.72433,77.9594,1.2099999,1567387901083
tap2,121,897,135,963.1082,138.92764,1.38,1567387901900
tap2,120,276,756,296.72525,774.59656,1.27,1567387902697
tap2,152,0,894,72.93247,973.4929,1.05,1567387903422
tap2,213,621,1515,662.38666,1520.2081,1.2099999,1567387904188
tap2,212,0,1515,81.92415,1504.2166,0.66999996,1567387905025
tap2,151,621,894,639.40796,875.54395,1.0799999,1567387905791
tap2,56,69,825,100.90657,878.5424,1.22,1567387906557
tap2,205,690,1446,770.2868,1367.2878,1.1899999,1567387907313
tap2,204,69,1446,120.88807,1442.2488,1.12,1567387908109
tap2,55,690,825,727.32654,775.596,0.90999997,1567387908814
tap2,24,138,825,142.86772,810.5778,1.23,1567387909559
tap2,207,759,1446,805.2544,1375.2837,1.06,1567387910336
tap2,206,138,1446,150.86032,1517.2097,1.09,1567387911102
tap2,23,759,825,788.27014,860.55176,1.0699999,1567387911807
tap2,80,207,825,236.78076,797.5846,1.2099999,1567387912542
tap2,209,828,1446,833.2285,1381.2805,1.13,1567387913278
tap2,208,207,1446,232.78445,1460.2394,0.97999996,1567387914043
tap2,79,828,825,866.198,816.5747,1.11,1567387914748
tap2,115,897,825,947.12305,831.5669,1.18,1567387915484
tap2,210,276,1446,289.73172,1492.2228,0.97999996,1567387916250
tap2,116,276,825,308.71414,870.5466,1.16,1567387917036
tap2,211,897,1446,930.1388,1430.255,0.95,1567387917761
tap2,203,621,1446,663.38574,1474.2322,0.95,1567387918415
tap2,156,0,825,49.953747,873.545,0.87,1567387919252
tap2,202,0,1446,88.91767,1522.2072,1.0,1567387920069
tap2,155,621,825,681.3691,828.5684,1.3299999,1567387920774
tap2,52,69,894,134.87512,886.53827,1.06,1567387921560
tap2,215,690,1515,742.3127,1599.1671,0.85999995,1567387922367
tap2,51,690,894,707.34503,923.519,1.14,1567387922990
tap2,214,69,1515,115.89269,1498.2196,1.06,1567387923726
tap2,216,138,1515,202.81221,1559.1879,0.94,1567387924461
tap2,19,759,894,770.2868,906.52783,1.3199999,1567387925156
tap2,217,759,1515,868.1961,1509.2139,1.03,1567387926044
tap2,20,138,894,181.83163,966.4966,1.24,1567387926800
tap2,141,621,480,624.4218,470.7548,1.28,1567387927494
tap2,140,0,1101,72.93247,1159.3961,0.96999997,1567387928301
tap2,138,0,480,85.92044,484.74753,1.25,1567387929180
tap2,139,621,1101,639.40796,1108.4227,1.13,1567387929833
tap2,142,0,411,59.944496,437.77197,0.94,1567387930579
tap2,143,621,1032,651.39685,1057.4492,1.14,1567387931253
tap2,144,0,1032,64.93987,1076.4393,0.95,1567387931968
tap2,145,621,411,655.3932,395.79385,1.4499999,1567387932683
tap2,148,0,963,67.937096,1026.4653,1.0,1567387933418
tap2,149,621,342,630.41626,335.82507,1.36,1567387934092
tap2,147,621,963,629.41724,908.5268,1.26,1567387934777
tap2,146,0,342,49.953747,378.8027,0.97999996,1567387935512
tap2,153,621,273,621.4246,338.82352,1.3199999,1567387936309
tap2,152,0,894,77.92784,935.51276,1.16,1567387937115
tap2,150,0,273,56.947273,296.8454,1.06,1567387937902
tap2,151,621,894,609.4357,944.50806,1.23,1567387938556
tap2,266,345,273,358.6679,282.85266,1.35,1567387939250
tap2,267,552,1239,554.4866,1264.3414,1.01,1567387939873
tap2,269,552,273,546.494,262.8631,1.43,1567387940557
tap2,268,345,1239,354.6716,1291.3274,1.29,1567387941221
tap2,271,414,1239,424.60684,1320.3123,1.26,1567387941905
tap2,153,621,273,691.35986,280.85373,1.41,1567387942590
tap2,270,414,273,465.5689,270.85892,1.43,1567387943325
tap2,87,621,1239,674.3756,1337.3035,1.1,1567387944020
tap2,91,690,1239,746.30896,1298.3237,1.11,1567387944734
tap2,272,483,273,478.5569,245.87193,1.31,1567387945470
tap2,273,483,1239,485.5504,1252.3477,1.17,1567387946175
tap2,53,690,273,750.3053,274.85684,1.3199999,1567387946900
tap2,277,552,342,550.4903,380.80167,1.39,1567387947645
tap2,276,345,1308,394.6346,1301.3221,1.24,1567387948329
tap2,274,345,342,353.67252,332.82663,1.26,1567387949034
tap2,275,552,1308,612.4329,1312.3165,1.13,1567387949688
tap2,183,621,1308,678.3719,1314.3154,1.1,1567387950352
tap2,278,414,342,444.58835,344.8204,1.39,1567387951087
tap2,149,621,342,622.4237,361.81155,1.4699999,1567387951802
tap2,279,414,1308,456.57724,1296.3248,1.06,1567387952455
tap2,281,483,1308,501.5356,1339.3024,1.16,1567387953099
tap2,49,690,342,696.3552,356.81415,1.37,1567387953824
tap2,280,483,342,498.5384,349.81778,1.31,1567387954569
tap2,185,690,1308,622.4237,1303.3212,1.02,1567387955172
tap2,156,0,825,60.943573,888.5372,0.96999997,1567387955927
tap2,157,621,204,617.4283,258.86517,1.4,1567387956602
tap2,155,621,825,626.42,812.5768,1.41,1567387957286
tap2,154,0,204,97.90935,234.87766,1.42,1567387958164
tap2,158,0,135,73.93155,176.90785,1.3,1567387958940
tap2,159,621,756,652.39594,829.56793,1.36,1567387959635
tap2,160,0,756,59.944496,701.6345,0.96999997,1567387960421
tap2,161,621,135,644.4033,169.9115,1.35,1567387961126
tap2,162,0,66,83.922295,80.95783,1.3299999,1567387962014
tap2,163,621,687,644.4033,717.6262,1.3299999,1567387962699
tap2,164,0,687,34.96762,720.62463,0.74,1567387963434
tap2,165,621,66,602.4422,88.95367,1.42,1567387964251
tap2,169,897,66,896.1702,160.91618,1.3299999,1567387965007
tap2,168,276,687,343.68176,701.6345,1.28,1567387965752
tap2,166,276,66,298.72342,106.9443,1.48,1567387966559
tap2,167,897,687,931.1378,757.6054,1.3399999,1567387967274
tap2,170,138,618,148.86217,682.6444,1.24,1567387968009
tap2,171,759,1239,852.21094,1246.3508,0.97999996,1567387968745
tap2,173,759,618,846.2165,638.66736,1.42,1567387969388
tap2,172,138,1239,157.85384,1287.3295,1.3,1567387970133
tap2,177,828,618,882.18317,639.6668,1.26,1567387970818
tap2,176,207,1239,235.78168,1298.3237,1.23,1567387971543
tap2,174,207,618,242.7752,597.68866,1.37,1567387972248
tap2,175,828,1239,801.2581,1272.3373,1.13,1567387972901
tap2,133,690,66,728.3256,76.959915,1.3399999,1567387973595
tap2,249,483,1032,517.5208,995.4815,1.15,1567387974280
tap2,43,690,1032,756.29974,968.49554,0.79999995,1567387974964
tap2,248,483,66,518.5199,91.9521,1.43,1567387975720
tap2,251,552,1101,571.4709,1142.405,1.24,1567387976384
tap2,250,345,135,423.6078,110.942215,1.38,1567387977119
tap2,252,345,1101,382.6457,1191.3795,1.23,1567387977803
tap2,253,552,135,571.4709,93.951065,1.4399999,1567387978447
tap2,254,414,135,431.60037,145.924,1.35,1567387979213
tap2,139,621,1101,656.3922,1181.3846,1.09,1567387979948
tap2,161,621,135,658.3904,134.92972,1.4699999,1567387980683
tap2,255,414,1101,461.57263,1137.4076,1.3,1567387981388
tap2,178,276,618,321.70212,648.6621,1.3399999,1567387982063
tap2,179,897,1239,935.13416,1255.3462,1.1,1567387982747
tap2,181,897,618,973.099,653.65955,1.3399999,1567387983431
tap2,180,276,1239,294.7271,1272.3373,1.17,1567387984116
tap2,132,69,687,99.90749,719.6252,1.49,1567387984841
tap2,185,690,1308,702.3497,1282.332,1.3,1567387985515
tap2,184,69,1308,195.8187,1322.3113,1.1999999,1567387986291
tap2,131,690,687,698.3534,702.63403,1.24,1567387986976
tap2,127,759,687,768.28864,627.6731,1.13,1567387987650
tap2,187,759,1308,818.2424,1206.3717,1.16,1567387988293
tap2,186,138,1308,155.85568,1362.2904,1.25,1567387989028
tap2,126,138,66,187.82608,108.94325,1.65,1567387990540
tap2,123,828,687,865.1989,716.6267,1.43,1567387991245
tap2,188,207,1308,248.76965,1384.2789,1.2099999,1567387991960
tap2,124,207,687,201.81314,724.62256,1.39,1567387992715
tap2,189,828,1308,878.1869,1256.3456,1.16,1567387993461
tap2,317,552,687,619.42645,823.57104,1.3,1567387994206
tap2,316,345,1653,380.64755,1642.1447,1.12,1567387994962
tap2,314,345,687,358.6679,661.6554,1.54,1567387995636
tap2,315,552,1653,581.4616,1595.1692,1.04,1567387996453
tap2,266,345,273,330.69382,271.8584,1.3399999,1567387997240
tap2,335,483,963,523.51526,982.4883,1.36,1567387997945
tap2,272,483,273,550.4903,228.88078,1.37,1567387998700
tap2,334,345,963,342.6827,1025.4658,1.1999999,1567387999466
tap2,318,414,687,458.5754,681.64496,1.36,1567388000140
tap2,233,621,1653,656.3922,1755.0858,1.05,1567388000917
tap2,163,621,687,710.3423,733.61786,1.3299999,1567388001601
tap2,319,414,1653,439.59296,1654.1384,1.0,1567388002306
tap2,269,552,273,592.4514,250.86934,1.4399999,1567388003072
tap2,336,414,963,425.60593,1009.4742,1.29,1567388003766
tap2,337,552,963,624.4218,1040.4581,1.27,1567388004389
tap2,270,414,273,462.5717,240.87454,1.4499999,1567388005104
tap2,168,276,687,324.69934,675.6481,1.29,1567388005829
tap2,191,897,1308,917.1508,1407.267,1.24,1567388006544
tap2,167,897,687,920.148,697.63666,1.04,1567388007187
tap2,190,276,1308,262.7567,1397.2722,1.18,1567388007913
tap2,192,0,1377,73.93155,1422.2592,1.09,1567388008658
tap2,160,0,756,51.951897,808.57886,0.87,1567388009424
tap2,193,621,1377,635.4117,1402.2697,1.16,1567388010211
tap2,159,621,756,692.35895,796.5851,1.0699999,1567388010895
tap2,194,69,1377,138.87141,1350.2966,1.18,1567388011569
tap2,59,690,756,716.33673,766.6007,1.13,1567388012233
tap2,60,69,756,133.87604,753.6075,1.25,1567388012958
tap2,195,690,1377,711.3414,1341.3014,1.1999999,1567388013755
tap2,28,138,756,112.89547,781.5929,1.49,1567388014521
tap2,197,759,1377,757.2988,1379.2816,1.22,1567388015266
tap2,27,759,756,855.2081,722.6236,1.0699999,1567388015869
tap2,196,138,1377,134.87512,1380.2811,1.22,1567388016584
tap2,84,207,756,268.75116,711.62933,1.41,1567388017289
tap2,199,828,1377,872.19244,1322.3113,1.13,1567388018013
tap2,83,828,756,857.2063,702.63403,0.93,1567388018626
tap2,198,207,1377,191.82239,1430.255,1.29,1567388019351
tap2,200,276,1377,274.7456,1388.2769,1.18,1567388020056
tap2,119,897,756,929.1397,781.5929,1.09,1567388020730
tap2,120,276,756,282.73822,765.60126,1.39,1567388021465
tap2,201,897,1377,939.13043,1361.291,1.1,1567388022201
tap2,242,345,66,401.6281,100.94742,1.28,1567388022977
tap2,347,966,687,1022.05365,719.6252,1.02,1567388023682
tap2,338,966,66,996.0777,114.94013,1.4599999,1567388025336
tap2,314,345,687,365.66144,741.6137,1.4699999,1567388026072
tap2,322,345,756,407.62256,769.5991,1.22,1567388026838
tap2,339,966,135,986.087,187.90213,1.4,1567388027583
tap2,348,966,756,996.0777,735.6168,1.23,1567388028328
tap2,250,345,135,408.62164,97.94898,1.4399999,1567388029084
tap2,258,345,204,372.65494,207.89172,1.5,1567388029871
tap2,349,966,825,963.1082,865.5492,1.29,1567388030626
tap2,340,966,204,990.08325,181.90526,1.48,1567388031331
tap2,326,345,825,334.6901,865.5492,1.22,1567388032077
tap2,330,345,894,384.64386,953.50336,1.22,1567388032771
tap2,341,966,273,1007.0675,293.84695,0.96999997,1567388033670
tap2,266,345,273,456.57724,309.83862,1.42,1567388034548
tap2,350,966,894,1009.0657,864.5497,1.04,1567388035191
tap2,76,207,894,247.77058,948.506,1.26,1567388035886
tap2,219,828,1515,868.1961,1502.2175,1.09,1567388036580
tap2,218,207,1515,228.78816,1541.1973,1.18,1567388037336
tap2,75,828,894,836.2257,951.5044,1.14,1567388038286
tap2,220,276,1515,321.70212,1550.1926,1.04,1567388039001
tap2,111,897,894,952.1184,906.52783,0.96999997,1567388039644
tap2,112,276,894,302.7197,946.507,1.27,1567388040349
tap2,221,897,1515,955.11566,1502.2175,1.03,1567388041115
tap2,225,690,1584,710.3423,1617.1577,1.01,1567388041799
tap2,48,69,963,118.889915,974.49243,1.39,1567388042555
tap2,47,690,963,704.34784,1084.4352,1.05,1567388043249
tap2,224,69,1584,93.91304,1401.2701,1.04,1567388043964
tap2,165,621,66,664.3848,66.96512,1.22,1567388044791
tap2,247,414,1032,483.55228,992.48303,1.27,1567388045507
tap2,143,621,1032,683.36725,1062.4467,1.27,1567388046170
tap2,246,414,66,486.5495,133.93024,1.1999999,1567388046936
tap2,15,759,963,778.27936,965.49713,1.29,1567388047621
tap2,226,138,1584,201.81314,1634.1488,1.23,1567388048346
tap2,227,759,1584,787.27106,1590.1718,1.0799999,1567388049091
tap2,16,138,963,178.83441,956.5018,1.3299999,1567388049817
tap2,72,207,963,252.76596,1000.4789,1.36,1567388050450
tap2,229,828,1584,851.21185,1617.1577,1.13,1567388051206
tap2,71,828,963,907.16003,961.4992,1.41,1567388051829
tap2,228,207,1584,267.75208,1661.1348,1.29,1567388052513
tap2,242,345,66,312.71045,84.95575,1.55,1567388053320
tap2,243,552,1032,589.4542,1036.4602,1.1999999,1567388053963
tap2,244,345,1032,347.67807,1037.4596,1.54,1567388054607
tap2,245,552,66,553.4875,74.96095,1.3299999,1567388055444
tap2,148,0,963,74.93062,984.48724,1.14,1567388056189
tap2,223,621,1584,551.4894,1609.1619,0.71,1567388056874
tap2,147,621,963,703.34875,958.50073,1.4499999,1567388057579
tap2,222,0,1584,144.86586,1603.165,1.1899999,1567388058651
tap2,252,345,1101,322.7012,1204.3727,1.14,1567388059376
tap2,344,966,480,1005.0694,425.77823,1.25,1567388060224
tap2,290,345,480,379.64847,433.77408,1.36,1567388060919
tap2,353,966,1101,966.10547,1087.4336,1.17,1567388061552
tap2,345,966,549,1012.0629,582.6965,1.17,1567388062287
tap2,260,345,1170,398.6309,1224.3623,1.31,1567388062982
tap2,354,966,1170,1017.0583,1124.4143,0.78,1567388063717
tap2,298,345,549,405.62442,517.73035,1.28,1567388064412
tap2,346,966,618,1006.0685,584.69543,1.26,1567388065076
tap2,268,345,1239,419.61148,1273.3368,1.27,1567388065750
tap2,355,966,1239,998.07587,1187.3816,0.84,1567388066383
tap2,306,345,618,364.66235,639.6668,1.36,1567388067068
tap2,314,345,687,361.66513,678.64655,1.3299999,1567388067741
tap2,356,966,1308,983.0897,1278.3342,1.25,1567388068436
tap2,347,966,687,1050.0277,744.6122,0.76,1567388069049
tap2,276,345,1308,431.60037,1319.3129,1.29,1567388069754
tap2,257,483,1101,508.52914,1151.4003,1.27,1567388070519
tap2,61,690,135,730.3238,79.95835,1.22,1567388071285
tap2,39,690,1101,721.3321,1130.4113,1.25,1567388071970
tap2,256,483,135,535.50415,152.92035,1.17,1567388072746
tap2,258,345,204,356.66974,210.89015,1.39,1567388073522
tap2,259,552,1170,588.45514,1168.3915,1.13,1567388074186
tap2,260,345,1170,383.64478,1212.3685,1.18,1567388074850
tap2,261,552,204,563.4783,175.90837,1.29,1567388075616
tap2,157,621,204,633.4135,200.89536,1.4499999,1567388076362
tap2,263,414,1170,512.52545,1231.3586,1.24,1567388077087
tap2,262,414,204,478.5569,157.91774,1.5699999,1567388077792
tap2,135,621,1170,659.38947,1243.3524,1.1999999,1567388078404
tap2,244,345,1032,377.65033,1060.4476,1.26,1567388079129
tap2,361,966,1653,994.0796,1590.1718,0.96,1567388080396
tap2,352,966,1032,971.1008,1027.4648,1.12,1567388080998
tap2,316,345,1653,352.67346,1549.1931,0.89,1567388081754
tap2,282,345,411,422.6087,452.76416,1.35,1567388082500
tap2,283,552,1377,627.41907,1383.2795,1.3,1567388083215
tap2,284,345,1377,399.62997,1280.3331,0.9,1567388083889
tap2,285,552,411,594.4496,478.75064,1.29,1567388084543
tap2,145,621,411,609.4357,404.78915,1.35,1567388085227
tap2,287,414,1377,423.6078,1408.2665,1.18,1567388085922
tap2,193,621,1377,673.3765,1391.2754,1.16,1567388086504
tap2,286,414,411,459.57446,453.76364,1.29,1567388087270
tap2,288,483,411,491.54486,397.79282,1.37,1567388087995
tap2,195,690,1377,746.30896,1466.2363,1.28,1567388088720
tap2,289,483,1377,525.5134,1460.2394,1.29,1567388089384
tap2,45,690,411,762.2942,405.78864,1.43,1567388090069
tap2,31,690,1170,736.31824,1159.3961,1.26,1567388090732
tap2,264,483,204,515.52264,194.89848,1.15,1567388091458
tap2,57,690,204,733.321,274.85684,1.3399999,1567388092254
tap2,265,483,1170,503.53375,1198.3759,1.1999999,1567388092918
tap2,300,345,1515,381.64664,1600.1665,1.17,1567388093582
tap2,350,966,894,991.08234,981.4888,1.11,1567388094236
tap2,330,345,894,374.6531,925.51794,1.26,1567388094982
tap2,359,966,1515,963.1082,1494.2217,1.01,1567388095666
tap2,351,966,963,999.07495,843.5606,0.75,1567388096258
tap2,308,345,1584,306.716,1552.1915,0.94,1567388097014
tap2,360,966,1584,1035.0416,1550.1926,0.65,1567388097872
tap2,334,345,963,374.6531,1044.4559,1.09,1567388098638
tap2,137,621,549,673.3765,461.7595,1.38,1567388099282
tap2,303,414,1515,432.59946,1518.2092,1.24,1567388100018
tap2,213,621,1515,630.41626,1479.2295,1.11,1567388100671
tap2,302,414,549,432.59946,563.70636,1.36,1567388101345
tap2,254,414,135,435.59668,138.92764,1.29,1567388102101
tap2,329,552,825,632.4144,898.532,1.49,1567388102806
tap2,253,552,135,565.47644,166.91306,1.2099999,1567388103551
tap2,328,414,825,492.54395,802.582,1.4499999,1567388104215
tap2,334,345,963,384.64386,965.49713,1.42,1567388104920
tap2,342,966,342,957.1138,395.79385,1.39,1567388105604
tap2,274,345,342,392.63644,294.84644,1.49,1567388106319
tap2,351,966,963,906.16095,1010.4737,1.52,1567388106973
tap2,282,345,411,374.6531,407.7876,1.54,1567388107719
tap2,352,966,1032,993.0805,1063.446,1.24,1567388108331
tap2,343,966,411,1008.0666,400.79126,1.15,1567388108995
tap2,244,345,1032,450.5828,1037.4596,1.38,1567388109710
tap2,322,345,756,370.6568,748.6101,1.53,1567388110404
tap2,357,966,1377,996.0777,1361.291,1.14,1567388111078
tap2,348,966,756,978.09436,695.6377,1.09,1567388111712
tap2,284,345,1377,380.64755,1393.2743,1.25,1567388112488
tap2,292,345,1446,336.68826,1491.2233,1.2099999,1567388113162
tap2,349,966,825,998.07587,826.56946,1.15,1567388113949
tap2,326,345,825,375.65216,856.55383,1.24,1567388114664
tap2,358,966,1446,1002.07214,1495.2212,1.16,1567388115420
tap2,131,690,687,742.3127,703.6335,1.35,1567388115992
tap2,321,483,1653,504.53284,1629.1515,1.2099999,1567388116727
tap2,320,483,687,512.52545,702.63403,1.42,1567388117402
tap2,235,690,1653,697.3543,1701.114,1.15,1567388118168
tap2,362,0,1722,93.91304,1787.0692,0.89,1567388119046
tap2,139,621,1101,634.4126,1159.3961,1.14,1567388119751
tap2,140,0,1101,65.93895,1145.4034,0.87,1567388120517
tap2,371,621,1722,650.39777,1709.1097,0.91999996,1567388121211
tap2,39,690,1101,732.3219,1127.4127,0.61,1567388121855
tap2,363,69,1722,81.92415,1735.0963,0.98999995,1567388123244
tap2,372,690,1722,670.3793,1749.089,1.05,1567388124112
tap2,40,69,1101,105.90195,1125.4138,1.35,1567388124899
tap2,136,0,1170,43.959297,1207.3711,0.77,1567388125634
tap2,386,621,1791,716.33673,1756.0853,1.27,1567388126370
tap2,135,621,1170,605.4394,1208.3706,1.3199999,1567388127115
tap2,377,0,1791,64.93987,1818.0531,0.79999995,1567388128473
tap2,31,690,1170,707.34503,1206.3717,1.25,1567388129158
tap2,378,69,1791,178.83441,1768.0791,1.02,1567388129873
tap2,32,69,1170,94.91212,1217.366,1.13,1567388130659
tap2,387,690,1791,716.33673,1813.0557,1.0699999,1567388131517
tap2,8,138,1101,223.79279,1121.4159,1.29,1567388132284
tap2,373,759,1722,733.321,1770.078,1.18,1567388133080
tap2,7,759,1101,771.2858,1130.4113,1.25,1567388133703
tap2,364,138,1722,141.86864,1753.0869,1.31,1567388134398
tap2,374,828,1722,833.2285,1698.1155,1.28,1567388135195
tap2,64,207,1101,216.79926,1183.3837,1.36,1567388135889
tap2,365,207,1722,240.77705,1650.1405,1.22,1567388136563
tap2,63,828,1101,822.23865,1025.4658,1.18,1567388137176
tap2,379,138,1791,147.8631,1829.0474,1.02,1567388137860
tap2,3,759,1170,809.2507,1206.3717,1.22,1567388138483
tap2,4,138,1170,170.84181,1175.3878,1.39,1567388139188
tap2,388,759,1791,791.26733,1797.064,1.28,1567388139883
tap2,380,207,1791,207.80759,1761.0828,1.15,1567388140577
tap2,35,828,1170,855.2081,1190.38,1.1,1567388141200
tap2,389,828,1791,882.18317,1809.0577,1.17,1567388141966
tap2,36,207,1170,233.78354,1209.3701,1.48,1567388142620
tap2,100,276,1101,327.6966,1122.4154,1.35,1567388143274
tap2,375,897,1722,920.148,1789.0681,1.23,1567388144040
tap2,99,897,1101,940.1295,1111.4211,1.27,1567388144642
tap2,366,276,1722,281.73914,1773.0765,1.22,1567388145316
tap2,368,414,1722,402.6272,1759.0837,1.28,1567388145991
tap2,159,621,756,649.3987,737.6158,1.4,1567388146685
tap2,371,621,1722,619.42645,1753.0869,1.28,1567388147462
tap2,324,414,756,417.6133,770.59863,1.35,1567388148126
tap2,96,276,1170,273.74652,1122.4154,1.18,1567388148861
tap2,390,897,1791,923.14526,1769.0786,1.18,1567388149617
tap2,95,897,1170,920.148,1185.3826,0.77,1567388150189
tap2,381,276,1791,298.72342,1800.0624,1.16,1567388150935
tap2,385,552,1791,498.5384,1720.1041,0.91999996,1567388151588
tap2,326,345,825,389.63922,804.58093,1.4399999,1567388152242
tap2,382,345,1791,348.67715,1834.0447,1.16,1567388152936
tap2,329,552,825,590.4533,864.5497,1.26,1567388153570
tap2,323,483,756,502.5347,722.6236,1.53,1567388154244
tap2,372,690,1722,768.28864,1763.0817,1.31,1567388155010
tap2,59,690,756,694.35706,807.57935,1.4499999,1567388155613
tap2,369,483,1722,532.50696,1784.0708,1.28,1567388156226
tap2,353,966,1101,991.08234,1142.405,1.03,1567388156900
tap2,367,345,1722,383.64478,1696.1166,1.12,1567388157584
tap2,252,345,1101,342.6827,1087.4336,1.3299999,1567388158269
tap2,376,966,1722,968.10364,1744.0916,1.2099999,1567388159035
tap2,383,414,1791,436.59573,1760.0833,1.09,1567388159719
tap2,155,621,825,662.38666,840.5622,1.23,1567388160343
tap2,328,414,825,426.605,821.5721,1.25,1567388161037
tap2,386,621,1791,622.4237,1856.0333,1.12,1567388161722
tap2,55,690,825,720.333,827.569,1.35,1567388162365
tap2,384,483,1791,512.52545,1767.0796,1.3,1567388163009
tap2,327,483,825,481.5541,805.5804,1.42,1567388163653
tap2,387,690,1791,644.4033,1737.0952,1.0799999,1567388164276
tap1,2,288,642,332.69196,673.6491,0.84,1567388299571
tap1,3,576,930,672.37744,1059.4481,0.84999996,1567388300196
tap1,4,576,642,670.3793,657.6575,1.05,1567388300748
tap1,5,288,930,372.65494,979.4898,0.90999997,1567388301391
tap1,9,288,786,333.69104,846.5591,1.09,1567388301963
tap1,17,576,1074,654.3941,1167.392,0.85999995,1567388302576
tap1,16,288,1074,348.67715,1122.4154,0.9,1567388303270
tap1,7,576,786,658.3904,864.5497,0.96999997,1567388303822
tap1,4,576,642,630.41626,641.6658,1.02,1567388304342
tap1,10,288,354,365.66144,363.81052,1.0699999,1567388304945
tap1,2,288,642,340.68454,682.6444,1.12,1567388305558
tap1,11,576,354,643.40424,394.79437,1.13,1567388306232
tap1,4,576,642,613.432,721.62415,1.0799999,1567388306773
tap1,18,288,1218,352.67346,1259.3441,1.02,1567388307345
tap1,2,288,642,347.67807,693.63873,1.3199999,1567388307927
tap1,19,576,1218,590.4533,1231.3586,0.94,1567388308519
tap1,13,576,210,665.3839,221.88443,1.4,1567388309081
tap1,6,288,498,327.6966,547.7147,1.16,1567388309694
tap1,12,288,210,358.6679,255.86673,1.11,1567388310276
tap1,8,576,498,648.39966,500.7392,1.3199999,1567388310848
tap1,19,576,1218,643.40424,1256.3456,1.16,1567388311522
tap1,22,288,1506,353.67252,1575.1796,1.1,1567388312063
tap1,18,288,1218,360.66605,1298.3237,1.02,1567388312645
tap1,23,576,1506,610.4348,1577.1785,0.95,1567388313289
tap1,14,288,66,344.68085,91.9521,1.2099999,1567388313952
tap1,11,576,354,635.4117,410.78604,1.13,1567388314534
tap1,10,288,354,343.68176,364.81,1.38,1567388315096
tap1,15,576,66,582.4607,151.92087,1.03,1567388319988
tap1,17,576,1074,620.42554,1122.4154,1.02,1567388320703
tap1,20,288,1362,356.66974,1459.24,0.93,1567388321275
tap1,21,576,1362,619.42645,1477.2306,0.79999995,1567388321836
tap1,16,288,1074,351.67438,1149.4014,1.15,1567388322408
tap1,9,288,786,370.6568,815.5752,1.25,1567388322919
tap1,8,576,498,708.3441,532.72253,1.06,1567388323399
tap1,6,288,498,344.68085,554.71106,1.29,1567388323991
tap1,7,576,786,598.44586,838.56323,1.18,1567388324522
tap1,24,144,66,261.75763,102.94638,1.43,1567388325166
tap1,26,432,354,502.5347,445.76782,1.26,1567388325881
tap1,27,144,354,230.78632,373.8053,1.37,1567388326534
tap1,25,432,66,542.4977,112.94118,1.31,1567388327147
tap1,66,720,1506,795.2637,1519.2087,1.0799999,1567388327821
tap1,41,432,1218,508.52914,1298.3237,1.09,1567388328342
tap1,42,432,1506,511.52637,1566.1842,1.03,1567388328873
tap1,65,720,1218,832.22943,1328.3081,1.0,1567388329465
tap1,36,144,786,258.7604,847.55853,1.2099999,1567388330068
tap1,38,432,1074,454.5791,1173.3888,1.0799999,1567388330701
tap1,39,144,1074,226.79001,1153.3993,1.15,1567388331273
tap1,37,432,786,518.5199,870.5466,1.1999999,1567388331804
tap1,16,288,1074,374.6531,1118.4175,1.11,1567388332376
tap1,56,0,1362,97.90935,1413.2639,1.15,1567388332968
tap1,20,288,1362,357.66882,1445.2472,0.96999997,1567388333551
tap1,53,0,1074,94.91212,1136.4081,1.1999999,1567388334174
tap1,59,720,210,745.3099,282.85266,1.25,1567388334817
tap1,30,432,498,536.50323,566.70483,1.25,1567388335358
tap1,29,432,210,521.5171,256.8662,1.27,1567388335971
tap1,60,720,498,802.2572,520.72876,1.01,1567388336523
tap1,33,432,642,490.5458,686.64233,1.25,1567388337115
tap1,62,720,930,805.2544,959.50024,1.0,1567388337656
tap1,61,720,642,815.2451,677.64703,1.26,1567388338218
tap1,34,432,930,515.52264,948.506,1.16,1567388338749
tap1,6,288,498,375.65216,533.722,1.4499999,1567388339342
tap1,48,0,210,89.91675,250.86934,1.36,1567388339964
tap1,12,288,210,348.67715,255.86673,1.4,1567388340578
tap1,49,0,498,91.914894,575.70013,1.3299999,1567388341180
tap1,51,0,930,68.93617,1006.47577,1.02,1567388341803
tap1,2,288,642,332.69196,704.633,1.2099999,1567388342446
tap1,5,288,930,379.64847,987.48566,1.23,1567388343008
tap1,50,0,642,89.91675,715.62726,1.42,1567388343631
tap1,37,432,786,486.5495,859.5523,1.26,1567388344162
tap1,64,720,1074,785.2729,1150.4008,0.9,1567388344754
tap1,38,432,1074,469.56522,1161.395,1.18,1567388345296
tap1,63,720,786,756.29974,869.5471,0.94,1567388345878
tap1,29,432,210,487.54858,240.87454,1.37,1567388346481
tap1,31,144,498,212.80296,554.71106,1.25,1567388347052
tap1,28,144,210,189.82423,248.87038,1.4,1567388347717
tap1,30,432,498,497.5393,519.7293,1.4699999,1567388348309
tap1,42,432,1506,480.55505,1512.2124,1.26,1567388348953
tap1,40,144,1218,194.81961,1339.3024,1.28,1567388349586
tap1,41,432,1218,482.5532,1346.2988,1.16,1567388350168
tap1,43,144,1506,256.76227,1564.1853,1.03,1567388350730
tap1,45,144,1362,194.81961,1387.2775,1.22,1567388351302
tap1,82,432,1650,496.54025,1712.1083,1.15,1567388351986
tap1,80,144,1650,205.80943,1694.1176,1.1899999,1567388352558
tap1,44,432,1362,483.55228,1468.2352,1.11,1567388353089
tap1,57,720,66,758.29785,114.94013,1.1999999,1567388353722
tap1,26,432,354,553.4875,402.7902,1.17,1567388354233
tap1,58,720,354,749.3062,353.8157,1.15,1567388354784
tap1,25,432,66,501.5356,147.92296,1.28,1567388355438
tap1,64,720,1074,780.2775,1063.446,1.06,1567388356081
tap1,44,432,1362,500.53653,1441.2493,0.88,1567388356653
tap1,38,432,1074,489.54672,1111.4211,1.35,1567388357215
tap1,67,720,1362,747.30804,1420.2603,1.04,1567388357828
tap1,9,288,786,348.67715,805.5804,1.3,1567388358410
tap1,53,0,1074,71.933395,1139.4065,1.05,1567388359053
tap1,16,288,1074,342.6827,1089.4326,1.2099999,1567388359636
tap1,52,0,786,95.911194,843.5606,1.24,1567388360218
tap1,74,864,786,855.2081,780.59344,1.06,1567388360759
tap1,17,576,1074,585.4579,1042.457,0.75,1567388361362
tap1,75,864,1074,966.10547,1132.4102,0.89,1567388362046
tap1,7,576,786,642.4052,910.52576,1.17,1567388362618
tap1,38,288,66,308.71414,140.92659,1.3199999,1567388363312
tap1,45,0,354,100.90657,366.80893,1.36,1567388363966
tap1,44,0,66,78.92692,145.924,1.25,1567388364681
tap1,39,288,354,337.68732,375.80426,1.39,1567388365294
tap1,14,288,1506,348.67715,1514.2113,1.23,1567388365927
tap1,47,0,1794,134.87512,1857.0327,1.0,1567388366581
tap1,46,0,1506,83.922295,1628.152,1.1,1567388367224
tap1,10,288,1794,336.68826,1856.0333,0.7,1567388367817
tap1,22,864,210,914.15356,282.85266,1.3199999,1567388368613
tap1,86,576,498,649.3987,496.74127,1.31,1567388369175
tap1,55,576,210,707.34503,184.90369,1.49,1567388369757
tap1,88,864,498,893.173,548.7142,1.28,1567388370360
tap1,70,864,1362,967.10455,1407.267,0.94,1567388370962
tap1,8,576,1650,630.41626,1723.1025,1.0699999,1567388371503
tap1,13,576,1362,666.383,1463.2379,1.1,1567388372045
tap1,71,864,1650,895.17114,1714.1072,0.96999997,1567388372708
tap1,78,576,1218,687.3635,1305.3201,1.1,1567388373270
tap1,83,864,1506,941.1286,1533.2014,1.1999999,1567388373903
tap1,21,864,1218,956.1147,1313.3159,1.09,1567388374486
tap1,85,576,1506,640.40704,1543.1962,1.14,1567388375078
tap1,19,576,66,702.3497,149.9219,1.31,1567388375946
tap1,77,864,354,896.1702,350.81726,1.39,1567388376508
tap1,76,576,354,687.3635,362.81104,1.49,1567388377080
tap1,23,864,66,985.0879,110.942215,1.31,1567388377815
tap1,15,576,1362,644.4033,1353.2952,1.14,1567388378489
tap1,69,864,1074,965.1064,1193.3784,0.93,1567388379061
tap1,11,576,1074,644.4033,1154.3987,1.12,1567388379603
tap1,68,864,1362,913.1545,1425.2577,1.09,1567388380185
tap1,21,0,1218,99.90749,1262.3425,1.17,1567388380818
tap1,75,288,1506,307.7151,1578.178,1.0,1567388381431
tap1,17,288,1218,363.66327,1255.3462,1.24,1567388381992
tap1,78,0,1506,91.914894,1563.1858,1.14,1567388382636
tap1,54,576,642,604.4403,688.6413,1.4399999,1567388383259
tap1,22,864,930,936.13324,962.49866,1.22,1567388383892
tap1,18,864,642,984.0888,660.6559,1.06,1567388384413
tap1,55,576,930,639.40796,957.5013,1.16,1567388385005
tap1,4,576,1794,572.4699,1867.0276,0.83,1567388385740
tap1,73,864,1506,976.0962,1525.2056,0.72999996,1567388386271
tap1,72,576,1506,683.36725,1541.1973,0.96999997,1567388386802
tap1,3,864,1794,922.1462,1862.0302,0.71,1567388387395
tap1,90,720,1362,786.272,1407.267,1.26,1567388387977
tap1,77,432,1650,493.54303,1671.1296,1.14,1567388388549
tap1,23,720,1650,785.2729,1723.1025,1.04,1567388389100
tap1,92,432,1362,560.481,1430.255,1.1899999,1567388389682
tap1,67,432,1074,491.54486,1136.4081,1.22,1567388390285
tap1,82,144,1362,175.83719,1437.2513,1.1899999,1567388390887
tap1,84,432,1362,488.54764,1378.2821,1.02,1567388391429
tap1,44,144,1074,205.80943,1129.4117,1.41,1567388392042
tap1,38,432,1506,488.54764,1546.1947,1.39,1567388392695
tap1,45,144,1794,204.81036,1823.0504,1.09,1567388393236
tap1,44,432,1794,494.54208,1853.0348,0.94,1567388393839
tap1,39,144,1506,230.78632,1539.1982,1.29,1567388394431
tap1,42,432,1506,497.5393,1544.1957,1.1999999,1567388394942
tap1,87,720,1794,782.2757,1832.0458,0.97999996,1567388395574
tap1,89,432,1794,444.58835,1813.0557,1.16,1567388396126
tap1,43,720,1506,770.2868,1585.1743,1.35,1567388396688
tap1,42,0,1362,97.90935,1399.2711,1.36,1567388397290
tap1,91,288,1650,338.6864,1728.0999,1.16,1567388397913
tap1,89,288,1362,307.7151,1348.2977,1.3299999,1567388398485
tap1,66,0,1650,109.89824,1723.1025,1.13,1567388399067
tap1,56,432,642,494.54208,700.6351,1.17,1567388399802
tap1,81,144,930,189.82423,980.4893,1.3,1567388400395
tap1,20,432,930,470.5643,912.5247,1.28,1567388400895
tap1,79,144,642,203.81128,708.6309,1.31,1567388401487
drag1,2,341.68362,652.66003,0.90999997,1401.3939229999999,61.1313573475797
drag1,3,633.4135,931.51483,1.01,971.803769,45.961129227732286
drag1,4,650.39777,686.03595,1.12,1550.5563849999999,70.40960732091288
drag1,5,323.7003,885.53876,1.25,1462.6246919999999,72.1358404239117
drag1,9,363.66327,810.5778,1.01,851.1211539999999,83.37193325935793
drag1,17,632.4144,1041.4575,0.84,1960.2620769999999,76.8697291642283
drag1,16,374.6531,1086.0531,0.91999996,1268.690308,87.66886767312171
drag1,7,643.40424,831.5669,1.09,1194.324615,85.61617684057155
drag1,4,665.2039,691.4597,0.90999997,941.579923,52.515354634231414
drag1,10,375.65216,354.31543,1.05,1786.383924,71.46304197273741
drag1,2,351.67438,618.67773,1.18,1277.708462,59.660798331030165
drag1,11,669.3802,391.79593,1.27,1919.2136919999998,46.591804958393574
drag1,4,662.38666,632.6705,1.04,695.4156919999999,40.911339672365955
drag1,18,379.64847,1174.3883,0.98999995,1531.0671539999998,70.27129109653399
drag1,2,366.4477,674.22284,0.93,1288.7206919999999,81.50096542520313
drag1,19,645.4024,1160.3956,0.97999996,1817.0666919999999,91.43980717697906
drag1,13,633.4135,211.88963,0.88,2648.3196159999998,119.9312942363995
drag1,6,425.60593,450.76523,1.24,1849.565077,77.39235101791056
drag1,12,365.66144,263.86258,1.22,1247.520077,75.87618222614978
drag1,8,624.70233,463.96036,0.94,1256.994154,69.79069870701304
drag1,19,697.3543,1212.3685,0.85999995,1388.117615,43.36528059753311
drag1,22,379.64847,1475.4893,0.89,1256.91823,73.85311219719686
drag1,18,367.65958,1229.3596,0.90999997,1133.287,64.97064822229903
drag1,23,641.4061,1456.987,1.2099999,1867.679308,79.40693052017903
drag1,14,401.6281,51.97293,0.96,2284.412769,76.25118866479717
drag1,11,602.4422,299.8438,0.88,1984.192539,89.58309284782347
drag1,10,399.62997,343.82092,1.03,1192.599385,81.97941362441244
drag1,15,675.37463,106.9443,1.15,1440.475231,61.88643673892205
drag1,17,668.3811,1063.446,0.94,1632.751616,60.32536544891292
drag1,20,382.34677,1362.2904,0.95,856.461385,71.30763026381048
drag1,21,603.4413,1320.3123,0.93,1530.074615,83.19636239888415
drag1,16,398.6309,1079.4377,0.87,1653.213923,41.87971356387618
drag1,24,247.77058,93.951065,0.83,1860.8244619999998,66.49890896326701
drag1,26,457.57632,296.8454,1.18,1848.472846,83.27292034082706
drag1,27,242.7752,380.80167,0.84,1123.879308,67.31204009242106
drag1,25,500.53653,91.9521,0.78,1748.5585389999999,53.384121625407914
drag1,66,762.2132,1456.0793,0.79999995,1706.925,73.26819551327414
drag1,41,550.4903,1230.3591,0.74,1389.2903079999999,63.908621977760255
drag1,42,519.519,1468.2352,0.68,868.6933839999999,59.147361885285264
drag1,65,747.30804,1232.358,0.71,1480.457154,120.55845426330072
drag1,36,212.80296,846.9507,0.78,1899.174462,58.01366230563734
drag1,38,460.71176,1077.1464,0.88,2002.883693,51.419183282145916
drag1,39,250.7678,1080.4373,0.78999996,1142.309462,67.9612249769464
drag1,37,482.5532,794.5861,0.89,1398.486847,64.82969241093181
drag1,16,395.63367,1047.4545,0.91999996,880.320154,37.95320602812152
drag1,56,81.92415,1313.2039,0.97999996,1131.9389999999999,82.36223588655186
drag1,20,351.93564,1329.569,0.85999995,1264.9260769999999,69.77458664729232
drag1,53,101.97451,1068.5123,0.75,1121.824462,105.28756172334926
drag1,59,810.24976,195.89796,0.96999997,1674.895538,81.85428944184099
drag1,30,529.5097,489.0336,0.84,1049.239846,57.335751832116166
drag1,29,508.3724,230.87975,1.11,1274.878923,87.85528625577099
drag1,60,784.2738,506.73605,0.85999995,1010.851462,56.09734347586095
drag1,33,503.53375,622.62463,1.01,1050.295693,67.29473849564842
drag1,62,783.2748,912.5247,0.98999995,897.989616,61.206367703319465
drag1,61,796.2627,635.6689,0.83,989.733539,82.3749824471312
drag1,34,524.51434,917.5221,0.65999997,1039.880923,67.17825918082751
drag1,6,376.65125,546.6907,0.96999997,1040.216154,65.27424987753858
drag1,48,80.92507,233.87819,0.87,1264.650616,90.77666974951043
drag1,12,370.6568,238.87558,0.78,887.722616,90.62731392541794
drag1,49,58.94542,467.75638,0.81,1204.669077,77.16782255031102
drag1,51,69.93524,942.7289,0.68,991.346231,59.18088304121723
drag1,2,342.6827,686.4735,0.84,1111.6341539999999,79.08810358379388
drag1,5,360.66605,897.53253,1.02,1398.6080769999999,54.1655791335338
drag1,50,78.81653,668.5413,0.89,1019.7218459999999,80.12634098144596
drag1,37,464.56985,779.59393,0.96,1613.1080769999999,70.01219062330092
drag1,64,770.2868,1076.4393,0.82,958.835924,70.66826916528466
drag1,38,490.5458,1060.4476,0.63,968.825307,84.29905735966393
drag1,63,766.29047,818.57367,0.72999996,1245.072539,69.87327211102452
drag1,29,528.5106,198.89641,0.77,1408.8984619999999,74.68423379331365
drag1,31,251.76688,433.77408,0.95,1595.213769,75.20627136958741
drag1,28,223.79279,217.8865,0.82,958.3568459999999,63.946754269719804
drag1,30,469.56522,441.7699,0.85999995,1643.405923,96.33426706590849
drag1,42,519.519,1514.2113,0.71,1653.104769,52.855570901241016
drag1,40,240.77705,1218.3654,0.82,1368.982,57.563995940413704
drag1,41,487.54858,1234.357,0.65999997,856.464615,65.86717021658785
drag1,43,264.75485,1482.2031,0.74,1397.831,66.17863674459552
drag1,45,229.78723,1376.2832,0.75,870.5116919999999,82.9785229150132
drag1,82,493.54303,1629.1515,0.79999995,877.716154,57.15515685678603
drag1,80,223.79279,1662.7103,0.77,846.074077,73.0923151321708
drag1,44,477.55783,1407.267,0.89,1031.007077,66.20691112499198
drag1,57,790.26825,95.95003,0.81,1438.663231,43.52164557915326
drag1,26,526.5125,364.81,0.91999996,1167.590539,52.3259229961405
drag1,58,786.272,328.72507,0.81,979.3215389999999,76.89946978194178
drag1,25,524.51434,60.683365,0.78999996,1450.9326159999998,50.13004808517977
drag1,64,828.2331,1104.7479,0.87,1443.067769,36.93239485047024
drag1,44,507.53006,1424.2582,0.64,735.528154,41.38526499078697
drag1,38,516.5217,1074.4404,0.69,622.660847,76.12034665861471
drag1,67,810.24976,1424.5192,0.88,692.858846,33.9197159059823
drag1,9,366.6605,786.5903,0.82,826.652308,95.6486886892759
drag1,53,103.90379,1052.288,0.98999995,1009.605923,75.48183444678351
drag1,16,314.70862,1083.4357,0.75,694.27477,67.8420836985543
drag1,52,70.93432,762.6028,0.78,794.8687689999999,99.22758674445187
drag1,74,954.1166,730.61945,0.95,1674.835077,88.81364293551341
drag1,17,687.20465,1052.4518,0.74,1014.070077,72.44579383545596
drag1,75,925.1434,1083.4357,0.66999996,714.2840769999999,60.96899639639663
drag1,7,662.38666,765.555,0.75,784.885,55.867041068357956
drag1,70,940.1295,230.87975,0.95,998.967846,69.35765882518736
drag1,8,673.3765,494.7423,0.78999996,815.419077,45.18999576172732
drag1,13,679.2143,225.7256,0.95,743.971231,106.79567230407525
drag1,71,934.1351,464.75793,0.89,908.508307,61.509394822480616
drag1,78,940.1295,1366.1658,0.87,907.707692,36.89053166991428
drag1,83,632.4144,1669.1306,0.84,734.656,60.10815986545919
drag1,21,620.42554,1388.7766,0.90999997,641.851308,110.05966868981619
drag1,85,921.1471,1639.1462,0.84,1458.8498459999998,83.69507281690063
drag1,19,633.4135,1220.3644,0.72999996,932.094693,85.06428752539095
drag1,77,975.09717,1539.1982,0.84999996,917.523693,38.76722209198448
drag1,76,925.1434,1251.8479,0.74,835.7176149999999,67.03740477437823
drag1,23,672.37744,1463.2379,0.81,1030.001077,67.33110360858034
drag1,15,664.3848,84.95575,0.78,1734.694231,93.79226385475432
drag1,69,972.0999,305.4682,1.03,1031.947077,66.69333184364956
drag1,11,672.50116,318.58633,0.76,1276.9753839999998,76.22111724459985
drag1,68,935.13416,97.94898,1.14,1572.145616,56.36434038086243
drag1,21,647.4006,1349.1118,0.77,1561.387462,73.8885641258321
drag1,75,923.14526,1102.4258,0.84999996,1123.129,84.37312647860954
drag1,17,649.3987,1061.4471,0.71999997,888.5976149999999,79.45200500786666
drag1,78,939.13043,1360.2915,0.75,876.852231,55.54131469715797
drag1,54,91.41536,1219.3649,0.77,938.1619999999999,71.0204297788594
drag1,22,374.6531,1492.614,0.95,856.2103079999999,52.24162579710522
drag1,18,369.6577,1192.3789,0.75,898.031923,92.92906864853846
drag1,55,91.914894,1451.2441,0.82,1276.0986149999999,113.71166522984659
drag1,67,764.2923,1371.1285,0.83,1356.8756919999998,77.32645428505201
drag1,82,537.5023,1622.155,0.76,1041.3369229999998,67.43828390935163
drag1,84,743.6716,1641.1451,0.84,713.195616,77.96778445209775
drag1,44,493.54303,1380.8892,0.84999996,979.2466919999999,93.4094589183481
drag1,38,522.5162,1062.4467,0.71,888.197231,75.78856843394686
drag1,45,223.79279,1362.0402,0.81,1000.3734619999999,61.85864227631928
drag1,44,491.54486,1361.291,0.87,917.5966149999999,80.58455431421875
drag1,39,236.78076,1083.4357,0.78,1377.080616,63.872840852699404
drag1,56,91.914894,1345.2993,0.90999997,646.530077,58.00233691236845
drag1,81,357.68994,1663.1549,0.75,1070.907231,60.24539106858059
drag1,20,350.6753,1392.5778,0.9,899.934,73.56698914158069
drag1,79,106.90102,1620.057,0.79999995,928.671385,55.90920572291647
drag1,33,514.5236,625.67413,0.98999995,1428.510769,90.6627758492403
drag1,35,228.32184,894.0675,1.01,928.9,52.494411283474356
drag1,34,490.5458,905.5283,0.90999997,938.076231,84.96476076755695
drag1,32,270.7493,657.6575,0.94,1448.837308,66.53983341284888
drag1,9,364.66235,765.60126,1.17,745.1802309999999,68.29074794218236
drag1,8,672.37744,516.73083,0.87,1010.985231,63.78763824903464
drag1,6,382.6457,479.75012,0.89,816.878307,63.96521364294365
drag1,7,691.35986,785.5908,1.03,969.981692,66.53237571255012
drag1,14,373.65402,80.95783,1.0,1041.513616,73.61471812351978
drag1,47,105.40241,362.31128,0.84999996,694.219693,50.77897546851237
drag1,46,81.92415,106.9443,0.82,828.1599229999999,70.26243903973709
drag1,10,337.68732,328.82874,1.01,907.713,70.3720835319671
drag1,4,651.39685,603.68555,0.82,898.291847,60.391816071248265
drag1,73,918.14984,899.5315,1.05,835.744385,52.107310853950885
drag1,72,941.1286,627.53296,0.94,1030.087846,49.608605476666305
drag1,3,668.3811,895.53357,0.88,1031.282,70.10756174013262
scale2,25,-5.2070446,4107.49777
scale2,9,-454.13333,2993.854539
scale2,28,6.7148952,4720.6299229999995
scale2,10,-436.51672,4319.142846
scale2,29,-27.865717,2512.905846
scale2,12,-47.900505,1943.0554619999998
scale2,25,29.86068,4309.472462
scale2,9,-21.5123,3279.471154
scale2,28,14.870041,3289.84977
scale2,10,1.049818,3426.3357699999997
scale2,29,24.28089,2256.584308
scale2,12,-1.6334839,5088.396307999999
scale2,30,9.132706,2065.3913079999998
scale2,13,25.018702,3902.190154
scale2,32,-4.883898,3194.3959999999997
scale2,15,-9.054846,3504.410693
scale2,34,5.808775,2687.588692
scale2,17,-18.446875,3085.335616
scale2,1,86.92775,5046.525001
scale2,20,4.777462,2665.3948459999997
scale2,3,6.63949,6058.943385
scale2,24,24.744776,1715.2799229999998
scale2,16,-30.63676,3393.766846
scale2,2,1.7035389,5388.949076999999
scale2,23,3.7006416,2544.708154
scale2,7,-18.106733,5437.941385
scale2,11,14.177988,4507.557922999999
scale2,14,1.0260887,3851.7485389999997
scale2,26,-17.501541,3363.5437699999998
scale2,35,0.18316269,4025.912
scale2,21,-23.799505,4484.751231
scale2,22,-10.59379,3522.806847
scale2,27,4.5492325,2421.3216159999997
scale2,36,-9.656324,2676.056231
scale2,31,-0.056711197,2291.185077
scale2,19,-14.14123,3097.0641539999997
scale2,4,-11.703781,3475.8393069999997
scale2,8,-15.070009,4549.821616
scale2,5,-17.23605,3811.619077
scale2,33,-11.794167,4447.119923
scale2,18,17.755766,4118.5784619999995
scale2,6,-12.146959,5151.359539
scale1,27,-2.2980309,1401.499231
scale1,46,-7.380993,1544.5536929999998
scale1,26,-16.142967,1410.405462
scale1,4,-8.611788,1216.676923
scale1,43,1.4090309,1521.1807689999998
scale1,25,-9.4949,1116.625462
scale1,42,-3.572977,1377.2915389999998
scale1,23,-12.237276,1601.8828469999999
scale1,5,6.0589943,1176.423616
scale1,24,10.521297,1142.388308
scale1,19,-13.560202,1325.322001
scale1,2,-17.398567,1084.826538
scale1,44,57.588066,825.063769
scale1,65,-0.2965107,1035.6509999999998
scale1,45,-5.2635326,1438.396923
scale1,28,-10.302824,957.693769
scale1,13,-2.5704403,1305.4957689999999
scale1,56,-7.831707,1686.859
scale1,40,-11.241262,1316.251538
scale1,41,30.457775,938.2450769999999
scale1,6,-1.2147446,865.994154
scale1,51,-13.717958,1122.206154
scale1,36,-12.5265255,1029.950461
scale1,21,-4.8813286,1294.855
scale1,8,26.925087,906.6076919999999
scale1,57,8.163631,917.2279229999999
scale1,39,8.599274,1111.666692
scale1,9,-6.355522,1030.030616
scale1,58,7.1514473,917.738846
scale1,47,-0.29733467,1182.4611539999999
scale1,1,-23.78674,1043.683615
scale1,35,-14.153395,1080.461539
scale1,3,-4.6161633,845.6841539999999
scale1,17,-23.212463,1326.368692
scale1,53,10.977814,1203.953385
scale1,34,-13.884539,1543.6676149999998
scale1,18,9.527275,810.124231
scale1,50,42.19066,1012.314231
scale1,62,-11.57365,1244.8395389999998
scale1,66,-8.2048645,1398.038077
scale1,20,19.202763,1337.6940769999999
scale1,37,-11.804037,1144.899
scale1,32,-0.76494026,1029.968923
scale1,31,0.7710686,1072.826769
scale1,49,-13.171165,1193.715385
scale1,7,-19.490519,1244.582923
scale1,15,8.9952965,753.793923
scale1,10,-21.687012,1355.981308
scale1,60,12.449123,831.4705379999999
scale1,63,46.201904,897.488846
scale1,59,-6.2215576,1152.761307
scale1,55,-5.0889015,1113.892615
scale1,14,-1.7378826,866.263923
scale1,12,8.759605,764.011
scale1,54,-11.728952,889.0148469999999
scale1,52,3.2510605,1019.702539
scale1,48,13.96328,785.155538
scale1,30,17.306213,989.4404609999999
scale1,16,-7.6210957,875.9963839999999
scale1,11,-6.587385,1530.153693
scale1,61,4.208004,1044.024923
scale1,38,-8.765184,1257.0453069999999
scale1,29,-0.26586914,1001.3186919999999
scale1,64,0.29360962,1091.3290769999999
scale1,22,-10.6659565,1173.136693
scale1,33,-7.9608307,794.920308
scale1,33,-144.0,69.355769
