scale2,25,-462.54514,2255.884231
scale2,9,-463.65622,1668.956539
scale2,28,-472.41177,340.877846
scale2,10,-105.11908,1264.041847
scale2,25,96.998116,1519.8346159999999
scale2,9,-463.40778,3168.0972309999997
scale2,28,5.427532,2779.7651539999997
scale2,10,-462.0857,2829.775231
scale2,29,116.90664,2180.260307
scale2,12,-65.74962,2164.748154
scale2,30,-460.62607,1927.542538
scale2,13,347.75565,1337.475385
scale2,32,-150.82315,2384.830846
scale2,15,-562.6845,1675.6026929999998
scale2,34,-456.0824,1563.992924
scale2,17,-451.5888,1767.383384
scale2,1,-209.97339,2472.345308
scale2,20,-466.1413,1785.4736149999999
scale2,3,-10.239864,2606.083077
scale2,24,-4.732647,1095.144231
scale2,16,-18.340942,1049.022539
scale2,2,3.0348988,4157.503
scale2,23,-287.69614,3053.8100769999996
scale2,25,0.0,1.356538
scale2,25,54.995132,1478.9593069999999
scale2,9,-11.761185,1347.865615
scale2,28,0.22344589,1685.126846
scale2,10,0.23867798,1545.465231
scale2,29,-3.3099575,2055.3611539999997
scale2,12,-14.331694,1999.068308
scale2,30,38.572235,1747.784154
scale2,13,-93.137535,2096.300692
scale2,32,-11.458368,2278.44377
scale2,15,-459.4214,2514.283539
scale2,34,27.093853,1899.952693
scale2,17,-24.929764,1728.218308
scale2,1,-432.49078,3923.733077
scale2,20,-567.84766,1848.273539
scale2,3,-464.19794,2585.881462
scale2,24,-453.36508,2288.927846
scale2,16,-569.5702,1522.710077
scale2,2,-206.87276,2401.310923
scale2,23,-462.11996,2210.764616
scale2,7,-192.5318,2789.226538
scale2,11,-549.4721,1592.5396919999998
scale2,14,-553.2032,1501.9762309999999
scale2,26,-448.48352,1666.349153
scale2,35,3.9244022,1512.1198459999998
scale2,21,842.1525,1460.643384
scale2,22,-461.13687,2102.556692
scale2,27,-174.76968,1685.2900769999999
scale2,36,-90.42682,1961.175154
scale2,31,91.602615,1840.105308
scale2,19,-465.5217,2106.245461
scale2,4,-269.32242,3218.9640769999996
scale2,8,-90.694016,5120.03477
scale2,5,-559.0024,1697.577231
scale2,33,-468.1365,1890.086001
scale2,18,-552.2904,1980.000539
scale2,6,-458.94742,1491.423231
scale2,25,28.742317,2184.281923
scale2,9,-152.22691,3115.600462
scale2,28,45.38759,2186.085538
scale2,10,-466.44318,2045.364308
scale2,29,30.111002,2339.778692
scale2,12,18.34774,1939.6051539999999
scale2,30,-454.61578,6110.294769
scale2,13,-465.88455,1859.444154
scale2,32,162.1521,1496.281385
scale2,15,60.749462,1522.179077
scale2,34,-465.96002,40.596537999999995
scale2,17,-420.05603,753.054846
scale2,1,-261.34775,886.2299999999999
scale2,25,214.31375,1039.640001
scale2,9,-546.3889,1296.389692
scale2,28,26.843657,2175.661385
scale2,10,-554.19574,1440.053154
scale2,29,125.84938,1442.346307
scale2,12,136.90392,1205.572615
scale2,30,9.568142,1264.692846
scale2,13,-455.67422,1339.959539
scale2,32,81.82098,1428.408308
scale2,15,-436.0415,1420.714538
scale2,34,-439.2872,1379.47023
scale2,17,-530.6101,2605.797
scale2,1,-155.23657,1992.682
scale2,20,70.71912,1715.929923
scale2,3,-441.6054,1601.9205379999999
scale2,24,88.833405,1819.475769
scale2,16,90.05965,1493.8366919999999
scale2,2,-98.659325,1585.1631539999998
scale2,23,67.27748,1706.713385
scale2,7,-495.7716,1356.833846
scale2,11,21.762749,1747.5459999999998
scale2,14,-149.29776,1656.7736149999998
scale2,26,115.27403,1542.5697699999998
scale2,35,25.097443,1899.0283849999998
scale2,21,22.831701,1697.4245389999999
scale2,22,43.14312,1319.888
scale2,27,-13.693457,1665.356231
scale2,36,28.82773,2259.748615
scale2,31,-459.37457,1574.138538
scale2,19,29.118776,1961.963847
scale2,4,-150.61122,1911.479539
scale2,8,138.4382,1328.008
scale2,5,-461.34546,1665.4228469999998
scale2,33,-483.92584,281.098
scale2,18,-143.39253,997.2873079999999
scale2,6,-454.3648,1571.103692
scale2,6,-451.85263,1261.6818469999998
scale1,27,128.93204,804.334384
scale1,46,68.56863,1152.617615
scale1,26,47.763233,947.696077
scale1,4,-33.98873,1499.934231
scale1,43,125.47149,1021.9428469999999
scale1,25,45.39331,876.5570769999999
scale1,42,71.840805,1029.5044619999999
scale1,23,54.393208,948.017153
scale1,5,-21.003662,937.2179239999999
scale1,24,-5.058449,1091.1180769999999
scale1,19,35.681396,927.458846
scale1,2,-4.7626247,998.2539999999999
scale1,44,107.62454,796.236693
scale1,65,90.93277,988.602462
scale1,45,20.178314,1121.466924
scale1,28,39.617626,1060.016923
scale1,13,27.588215,929.1438459999999
scale1,56,78.77016,835.446692
scale1,40,30.622742,794.642077
scale1,41,95.71677,1050.195692
scale1,6,-1.7704811,855.712846
scale1,51,59.171677,875.314308
scale1,36,83.97136,898.464923
scale1,21,39.645298,786.189769
scale1,8,-7.600033,1059.845846
scale1,57,144.74268,814.504615
scale1,39,173.56754,733.081692
scale1,9,-53.736877,950.467462
scale1,58,21.449673,970.3186159999999
scale1,47,45.244377,775.899692
scale1,1,23.358376,1254.4627699999999
scale1,35,193.52675,896.2529999999999
scale1,3,3.3785706,927.5538459999999
scale1,17,58.3465,774.156154
scale1,53,50.69665,805.074308
scale1,34,54.947742,682.1793839999999
scale1,18,14.984081,1203.534384
scale1,50,16.08007,865.033231
scale1,62,260.93893,1276.8905379999999
scale1,66,14.042587,1663.098385
scale1,20,77.839615,695.433539
scale1,37,-1.9292164,1042.3306149999999
scale1,32,-11.191944,836.260308
scale1,31,80.116974,1530.346153
scale1,49,50.471294,800.497846
scale1,7,-204.18811,1182.7620769999999
scale1,15,-197.39891,988.500154
scale1,10,-145.41081,1042.323154
scale1,60,80.69211,1897.5079999999998
scale1,63,134.34741,1533.161077
scale1,59,59.62713,1809.128616
scale1,55,60.734894,755.8196929999999
scale1,14,-146.23926,1000.5079999999999
scale1,12,20.870281,825.16477
scale1,54,109.07611,1121.839538
scale1,52,-221.08508,1570.234769
scale1,48,421.93597,769.760462
scale1,30,79.05058,784.4069999999999
scale1,16,-140.65985,947.655769
scale1,11,-22.607014,856.0216919999999
scale1,61,145.26573,1632.843615
scale1,38,151.47888,971.4723849999999
scale1,29,77.32793,1223.303154
scale1,64,137.76471,978.256615
scale1,22,-133.1021,807.7601539999999
scale1,33,72.365265,980.5169999999999
rotate2,2,-0.78526306,3383.399231
rotate2,13,-4.451248,3527.874616
rotate2,8,-4.451248,40.628077
rotate2,3,7.0773315,3073.436615
rotate2,2,4.285904,3147.491
rotate2,13,-2.5228806,7746.136154
rotate2,8,-2.5228806,71.115462
rotate2,3,-75.0,292.69861599999996
rotate2,2,3.5247498,2776.744308
rotate2,2,-75.0,69.49822999999999
rotate2,13,-75.0,222.38723
rotate2,2,3.4849472,3270.0933069999996
rotate2,13,4.167053,3352.9713079999997
rotate2,8,6.0410385,3042.763846
rotate2,3,4.408989,2903.1104619999996
rotate2,7,4.4835663,2248.372923
rotate2,12,9.715065,2206.553769
rotate2,1,-39.265224,3055.386384
rotate2,11,-0.068992615,1859.5849999999998
rotate2,6,-1.8971634,2191.153539
rotate2,10,2.6713715,2370.9825379999997
rotate2,5,4.061859,2094.2606929999997
rotate2,15,1.7305679,2526.014693
rotate2,9,-22.812225,3258.426846
rotate2,4,6.3284225,2493.110385
rotate2,14,4.0427322,1980.7656929999998
rotate1,9,0.33959675,1315.91923
rotate1,4,-0.93705654,1296.297769
rotate1,13,2.6572762,1064.475692
rotate1,6,2.662901,1019.520846
rotate1,15,7.704752,1090.128154
rotate1,2,1.3024044,1120.4791539999999
rotate1,10,2.0369797,1253.828384
rotate1,5,2.1899471,1008.5989229999999
rotate1,14,5.958267,1101.488692
rotate1,8,3.4618587,1029.803846
rotate1,11,2.194065,998.9030769999999
rotate1,7,4.347042,1069.596769
rotate1,1,0.8621988,1509.9933079999998
rotate1,12,1.6940689,1441.146154
rotate1,3,4.2915497,1124.372308
tap2,6,138,480,160.85106,498.74023,1.3399999,1567578350559
tap2,7,759,1101,794.2646,1125.4138,1.86,1567578351491
tap2,8,138,1101,222.79372,1157.3972,1.81,1567578352390
tap2,9,759,480,836.2257,492.74335,1.8399999,1567578353136
tap2,164,0,687,91.914894,721.62415,1.78,1567578354341
tap2,183,621,1308,688.3626,1367.2878,1.88,1567578355159
tap2,182,0,1308,103.90379,1352.2957,1.8299999,1567578356568
tap2,163,621,687,687.3635,694.6382,2.08,1567578357263
tap2,242,345,66,453.58002,111.941696,2.1399999,1567578358336
tap2,243,552,1032,654.3941,1085.4347,1.91,1567578359184
tap2,244,345,1032,377.65033,1133.4097,2.33,1567578359838
tap2,245,552,66,655.3932,109.94273,2.28,1567578360716
tap2,42,69,411,151.85939,429.77615,1.9499999,1567578361574
tap2,43,690,1032,793.2655,1092.431,2.07,1567578362341
tap2,45,690,411,783.2748,442.76938,2.32,1567578363294
tap2,44,69,1032,135.87419,1085.4347,2.3999999,1567578364220
tap2,322,345,756,357.66882,788.58923,2.33,1567578364987
tap2,321,483,1653,541.4986,1660.1353,2.28,1567578365876
tap2,316,345,1653,421.60962,1715.1067,1.86,1567578366877
tap2,323,483,756,547.49304,798.58405,2.25,1567578367623
tap2,2,138,549,169.84274,557.70953,2.36,1567578368430
tap2,3,759,1170,837.2248,1208.3706,2.3999999,1567578369247
tap2,4,138,1170,214.80112,1220.3644,1.9399999,1567578370034
tap2,5,759,549,808.25165,546.7152,2.4199998,1567578370739
tap2,11,759,1032,842.22015,1009.4742,2.19,1567578371546
tap2,10,138,411,232.78445,393.7949,1.9399999,1567578372394
tap2,12,138,1032,189.82423,1104.4248,2.21,1567578373222
tap2,13,759,411,757.2988,449.76575,1.89,1567578373967
tap2,15,759,963,839.22296,1014.4716,2.32,1567578374764
tap2,14,138,342,191.82239,350.81726,1.9699999,1567578375632
tap2,17,759,342,854.20905,376.80374,2.19,1567578376522
tap2,16,138,963,230.78632,1005.4763,0.78,1567578377380
tap2,122,207,66,269.75024,83.95627,1.92,1567578378442
tap2,123,828,687,887.1785,732.6184,2.1399999,1567578379168
tap2,124,207,687,296.72525,728.6205,1.9499999,1567578379965
tap2,125,828,66,932.1369,147.92296,2.1499999,1567578380904
tap2,135,621,1170,673.3765,1217.366,1.92,1567578381845
tap2,134,0,549,97.90935,599.6876,1.9,1567578382713
tap2,136,0,1170,104.90287,1187.3816,1.13,1567578383601
tap2,137,621,549,678.3719,589.6929,1.8199999,1567578384368
tap2,130,69,66,146.86401,75.960434,1.66,1567578385461
tap2,131,690,687,748.3071,708.6309,1.63,1567578386166
tap2,133,690,66,769.2877,110.942215,1.8299999,1567578387095
tap2,132,69,687,138.87141,705.63245,1.38,1567578387984
tap2,127,759,687,831.23035,734.6174,1.9399999,1567578388761
tap2,126,138,66,181.83163,83.95627,1.14,1567578389894
tap2,128,138,687,203.81128,724.62256,1.76,1567578390712
tap2,129,759,66,790.26825,94.95055,1.8499999,1567578391682
tap2,18,138,273,165.84644,290.8485,1.81,1567578392571
tap2,19,759,894,833.2285,943.50854,1.8199999,1567578393307
tap2,20,138,894,215.80019,943.50854,1.79,1567578394124
tap2,21,759,273,843.21924,297.84488,2.08,1567578394962
tap2,35,828,1170,941.1286,1242.3529,1.86,1567578395748
tap2,34,207,549,265.75394,587.6939,1.62,1567578396525
tap2,36,207,1170,276.74374,1222.3633,1.64,1567578397301
tap2,37,828,549,922.1462,589.6929,1.8,1567578397976
tap2,26,138,135,224.79185,162.91515,2.1699998,1567578398813
tap2,27,759,756,831.23035,810.5778,1.81,1567578399468
tap2,28,138,756,222.79372,782.5924,1.8299999,1567578400193
tap2,29,759,135,805.2544,153.91983,2.3899999,1567578400948
tap2,43,690,1032,770.2868,1068.4435,2.1699998,1567578401684
tap2,42,69,411,94.91212,456.7621,1.88,1567578402471
tap2,45,690,411,799.25995,504.7371,2.1699998,1567578403115
tap2,44,69,1032,190.82332,1093.4304,1.9,1567578403870
tap2,24,138,825,197.81683,855.5544,1.9499999,1567578405117
tap2,25,759,204,811.24884,216.88704,2.1399999,1567578405975
tap2,22,138,204,218.79741,248.87038,2.08,1567578406782
tap2,23,759,825,864.1998,863.55023,1.9499999,1567578407528
tap2,38,69,480,140.86957,491.74387,1.9399999,1567578408366
tap2,39,690,1101,751.3043,1161.395,1.87,1567578409122
tap2,40,69,1101,106.90102,1139.4065,1.56,1567578409969
tap2,41,690,480,706.346,474.75272,1.78,1567578410746
tap2,33,690,549,763.2933,609.68243,1.99,1567578411543
tap2,32,69,1170,132.87697,1184.383,1.79,1567578412350
tap2,30,69,549,168.84366,596.6892,1.9,1567578413157
tap2,31,690,1170,782.2757,1172.3894,1.93,1567578413944
tap2,46,69,342,120.88807,369.80737,2.02,1567578414843
tap2,47,690,963,808.25165,948.506,1.8,1567578415640
tap2,48,69,963,90.91582,1005.4763,1.48,1567578416468
tap2,49,690,342,762.2942,366.80893,2.27,1567578417214
tap2,108,276,963,297.72433,977.49084,1.3,1567578418051
tap2,231,897,1584,968.10364,1628.152,1.53,1567578419042
tap2,230,276,1584,329.69473,1565.1848,1.51,1567578419993
tap2,107,897,963,988.0851,959.50024,1.4,1567578420984
tap2,143,621,1032,702.3497,1081.4368,1.87,1567578421832
tap2,232,0,1653,81.92415,1702.1134,1.26,1567578423221
tap2,233,621,1653,667.3821,1668.1311,1.5,1567578423987
tap2,144,0,1032,71.933395,1077.4388,1.27,1567578424855
tap2,44,69,1032,108.89917,1066.4446,1.67,1567578425601
tap2,235,690,1653,784.2738,1699.115,2.29,1567578426541
tap2,43,690,1032,808.25165,1084.4352,2.55,1567578427348
tap2,234,69,1653,76.92877,1714.1072,0.89,1567578428277
tap2,12,138,1032,150.86032,1069.443,1.89,1567578429054
tap2,237,759,1653,875.18964,1716.1062,2.4299998,1567578429882
tap2,11,759,1032,844.2183,1082.4362,2.25,1567578430720
tap2,236,138,1653,164.84737,1683.1233,1.8199999,1567578431650
tap2,238,207,1653,223.79279,1705.1119,2.03,1567578432487
tap2,67,828,1032,925.1434,1067.444,2.36,1567578433202
tap2,68,207,1032,251.76688,1040.4581,2.02,1567578433979
tap2,239,828,1653,870.1943,1716.1062,2.48,1567578434806
tap2,104,276,1032,369.6577,1104.4248,2.1299999,1567578435532
tap2,241,897,1653,936.13324,1668.1311,1.5899999,1567578436339
tap2,240,276,1653,349.67624,1754.0864,1.88,1567578437217
tap2,103,897,1032,968.10364,1015.47107,2.23,1567578438024
tap2,50,69,273,100.90657,245.87193,1.52,1567578438852
tap2,51,690,894,788.27014,919.52106,2.1599998,1567578439536
tap2,52,69,894,102.90472,946.507,1.65,1567578440292
tap2,53,690,273,763.2933,311.8376,2.09,1567578441079
tap2,55,690,825,789.2692,876.54346,1.77,1567578441794
tap2,54,69,204,126.882515,230.87975,1.79,1567578442683
tap2,56,69,825,124.88437,846.5591,1.8399999,1567578443459
tap2,57,690,204,762.2942,176.90785,1.9499999,1567578444225
tap2,59,690,756,784.2738,813.57623,1.88,1567578444941
tap2,58,69,135,105.90195,142.92555,2.04,1567578445839
tap2,61,690,135,757.2988,180.90578,2.19,1567578446647
tap2,60,69,756,99.90749,804.58093,1.62,1567578447403
tap2,62,207,480,281.73914,521.7283,2.1,1567578448128
tap2,63,828,1101,903.16376,1140.406,1.79,1567578448863
tap2,64,207,1101,265.75394,1159.3961,2.07,1567578449527
tap2,65,828,480,885.1804,507.73553,2.1,1567578450202
tap2,290,345,480,399.62997,534.7215,2.03,1567578450938
tap2,291,552,1446,617.4283,1501.218,1.51,1567578451867
tap2,293,552,480,624.4218,519.7293,2.1299999,1567578452603
tap2,292,345,1446,405.62442,1596.1686,1.88,1567578453380
tap2,141,621,480,652.39594,512.7329,2.21,1567578454146
tap2,295,414,1446,463.57077,1493.2223,1.8199999,1567578455024
tap2,294,414,480,503.53375,497.74075,1.9799999,1567578455750
tap2,203,621,1446,713.3395,1480.229,1.75,1567578456496
tap2,297,483,1446,559.48193,1517.2097,1.75,1567578457374
tap2,41,690,480,750.3053,473.75323,1.79,1567578458130
tap2,296,483,480,544.49585,544.7163,1.87,1567578458764
tap2,205,690,1446,794.2646,1492.2228,1.78,1567578459561
tap2,319,414,1653,471.56335,1702.1134,1.9,1567578460256
tap2,325,552,756,621.4246,780.59344,2.1,1567578461002
tap2,324,414,756,488.54764,834.5653,1.8399999,1567578461921
tap2,315,552,1653,614.4311,1678.126,1.54,1567578462779
tap2,298,345,549,406.6235,575.70013,2.05,1567578463505
tap2,299,552,1515,593.4505,1564.1853,1.7099999,1567578464281
tap2,301,552,549,567.47455,614.6798,2.06,1567578465006
tap2,300,345,1515,362.6642,1589.1722,1.75,1567578465773
tap2,326,345,825,424.60684,809.5783,1.8,1567578466519
tap2,256,483,135,537.5023,167.91254,2.4199998,1567578467234
tap2,250,345,135,382.6457,166.91306,2.25,1567578468021
tap2,327,483,825,552.48846,861.5513,1.86,1567578468736
tap2,67,828,1032,890.1758,1032.4623,1.8499999,1567578469339
tap2,66,207,411,228.78816,507.73553,1.8,1567578470207
tap2,68,207,1032,280.74005,1079.4377,1.5799999,1567578470922
tap2,69,828,411,922.1462,435.773,1.76,1567578471719
tap2,72,207,963,235.78168,1001.4784,1.8199999,1567578472557
tap2,73,828,342,965.1064,375.80426,1.3,1567578473323
tap2,70,207,342,263.7558,363.81052,1.7199999,1567578474284
tap2,71,828,963,893.173,983.48773,1.56,1567578475162
tap2,76,207,894,233.78354,925.51794,1.49,1567578475990
tap2,77,828,273,899.1674,280.85373,1.78,1567578476950
tap2,74,207,273,221.79463,313.83655,1.5899999,1567578477860
tap2,75,828,894,886.17944,926.5174,1.56,1567578478585
tap2,80,207,825,222.79372,890.53613,1.65,1567578479352
tap2,81,828,204,878.1869,215.88756,1.77,1567578480179
tap2,78,207,204,264.75485,222.88391,1.8299999,1567578481048
tap2,79,828,825,911.1564,890.53613,1.76,1567578482192
tap2,84,207,756,301.72064,785.5908,1.7099999,1567578482979
tap2,85,828,135,885.1804,208.8912,1.11,1567578486634
tap2,82,207,135,229.78723,185.90317,2.1599998,1567578491660
tap2,83,828,756,947.12305,799.58356,1.9699999,1567578492409
tap2,89,621,618,654.3941,615.6793,2.1599998,1567578493165
tap2,88,0,1239,119.88899,1310.3175,1.75,1567578493890
tap2,87,621,1239,640.40704,1322.3113,1.91,1567578494544
tap2,86,0,618,108.89917,695.6377,1.9599999,1567578495300
tap2,305,483,1515,574.4681,1617.1577,2.05,1567578496170
tap2,33,690,549,840.22205,573.7012,2.05,1567578496792
tap2,304,483,549,563.4783,585.69495,1.8399999,1567578497661
tap2,215,690,1515,782.2757,1606.1635,2.03,1567578498652
tap2,309,552,618,581.4616,634.66943,2.23,1567578499326
tap2,308,345,1584,403.62628,1640.1458,1.5899999,1567578500154
tap2,307,552,1584,572.4699,1664.1332,2.19,1567578500941
tap2,306,345,618,370.6568,624.6746,2.54,1567578501748
tap2,258,345,204,401.6281,211.88963,2.4099998,1567578502432
tap2,331,483,894,572.4699,905.5283,1.9699999,1567578503178
tap2,330,345,894,390.6383,924.51843,2.26,1567578503862
tap2,264,483,204,561.4801,273.85736,2.49,1567578504639
tap2,223,621,1584,788.27014,1686.1218,2.21,1567578505497
tap2,310,414,618,490.5458,639.6668,2.37,1567578506295
tap2,89,621,618,697.3543,613.68036,2.5,1567578507040
tap2,311,414,1584,526.5125,1642.1447,2.04,1567578507806
tap2,261,552,204,616.42926,239.87506,2.45,1567578508715
tap2,322,345,756,424.60684,780.59344,2.34,1567578509400
tap2,262,414,204,508.52914,211.88963,2.53,1567578510105
tap2,333,552,894,561.4801,883.5398,2.47,1567578510769
tap2,312,483,618,582.4607,620.6767,2.55,1567578511433
tap2,225,690,1584,804.2553,1641.1451,2.47,1567578512230
tap2,93,690,618,736.31824,615.6793,2.55,1567578512955
tap2,313,483,1584,596.44775,1658.1364,2.3799999,1567578513711
tap2,91,690,1239,786.272,1277.3347,2.21,1567578514498
tap2,90,69,618,154.85661,678.64655,2.51,1567578515274
tap2,93,690,618,769.2877,674.6486,2.04,1567578516040
tap2,92,69,1239,163.8483,1248.3497,1.63,1567578516816
tap2,108,276,963,317.70584,964.4976,2.19,1567578517593
tap2,109,897,342,966.10547,428.77667,2.0,1567578518257
tap2,106,276,342,350.6753,379.8022,2.37,1567578519003
tap2,107,897,963,962.1092,979.4898,1.31,1567578519758
tap2,100,276,1101,352.67346,1154.3987,2.19,1567578520504
tap2,101,897,480,960.111,526.72565,1.99,1567578521270
tap2,99,897,1101,998.07587,1086.4341,1.4699999,1567578522067
tap2,98,276,480,332.69196,505.73657,2.18,1567578522915
tap2,105,897,411,950.12024,433.77408,2.1599998,1567578523743
tap2,104,276,1032,348.67715,1053.4513,2.36,1567578524479
tap2,102,276,411,373.65402,452.76416,2.44,1567578525265
tap2,103,897,1032,940.1295,1055.4503,1.65,1567578526113
tap2,97,897,549,974.0981,546.7152,1.8299999,1567578526869
tap2,96,276,1170,399.62997,1187.3816,1.9399999,1567578527635
tap2,94,276,549,364.66235,610.68195,1.89,1567578528381
tap2,95,897,1170,986.087,1199.3752,1.5899999,1567578529259
tap2,111,897,894,958.11285,910.52576,1.9399999,1567578529944
tap2,110,276,273,320.70306,310.8381,2.3899999,1567578530700
tap2,112,276,894,342.6827,883.5398,2.02,1567578531374
tap2,113,897,273,996.0777,273.85736,1.8199999,1567578532120
tap2,116,276,825,374.6531,826.56946,2.05,1567578532845
tap2,117,897,204,952.1184,219.88547,2.21,1567578533683
tap2,114,276,204,289.73172,237.8761,2.1299999,1567578534562
tap2,115,897,825,974.0981,843.5606,1.86,1567578535307
tap2,119,897,756,1010.06476,813.57623,1.4599999,1567578535941
tap2,118,276,135,362.6642,200.89536,2.3899999,1567578536819
tap2,121,897,135,946.12396,128.93285,2.24,1567578537667
tap2,120,276,756,336.68826,843.5606,2.1499999,1567578538362
tap2,152,0,894,88.91767,917.5221,1.29,1567578539087
tap2,213,621,1515,695.35614,1622.155,1.6999999,1567578539884
tap2,212,0,1515,168.84366,1520.2081,1.63,1567578540651
tap2,151,621,894,616.42926,939.5106,1.89,1567578541345
tap2,56,69,825,142.86772,886.53827,1.68,1567578542111
tap2,205,690,1446,796.2627,1542.1968,1.8399999,1567578542919
tap2,204,69,1446,125.88344,1481.2285,1.81,1567578543705
tap2,55,690,825,780.2775,870.5466,1.93,1567578544390
tap2,24,138,825,156.85477,881.54083,1.62,1567578545146
tap2,207,759,1446,835.2266,1543.1962,1.8499999,1567578546004
tap2,206,138,1446,205.80943,1469.2347,1.8299999,1567578546801
tap2,23,759,825,810.24976,879.5419,1.5799999,1567578547455
tap2,80,207,825,214.80112,839.5627,1.86,1567578548119
tap2,209,828,1446,898.1684,1526.2051,1.5799999,1567578548987
tap2,208,207,1446,218.79741,1499.2191,1.4399999,1567578549753
tap2,79,828,825,915.15265,849.5575,1.64,1567578550479
tap2,115,897,825,1000.07404,837.5637,1.39,1567578551459
tap2,210,276,1446,295.7262,1485.2264,1.5999999,1567578552236
tap2,116,276,825,338.6864,874.5445,2.35,1567578552972
tap2,211,897,1446,956.1147,1535.2004,1.93,1567578553779
tap2,203,621,1446,716.33673,1453.243,1.9399999,1567578554423
tap2,156,0,825,70.93432,915.52313,1.5,1567578555249
tap2,202,0,1446,90.91582,1477.2306,1.49,1567578555985
tap2,155,621,825,700.3515,850.557,1.86,1567578556782
tap2,52,69,894,111.89639,938.51117,2.22,1567578557538
tap2,215,690,1515,767.28955,1539.1982,2.02,1567578558346
tap2,51,690,894,729.3247,892.5351,2.33,1567578559071
tap2,214,69,1515,163.8483,1502.2175,1.5,1567578559816
tap2,216,138,1515,175.83719,1540.1978,1.66,1567578560623
tap2,19,759,894,823.23773,907.5273,2.12,1567578561410
tap2,217,759,1515,855.2081,1572.1812,2.1399999,1567578562187
tap2,20,138,894,129.87975,932.5143,2.32,1567578563004
tap2,141,621,480,734.32007,472.75375,2.55,1567578563719
tap2,140,0,1101,90.91582,1134.4092,1.6899999,1567578564444
tap2,138,0,480,90.91582,570.70276,1.91,1567578565251
tap2,139,621,1101,701.3506,1195.3773,2.4099998,1567578566008
tap2,142,0,411,76.92877,390.79645,1.26,1567578566865
tap2,143,621,1032,715.33765,1040.4581,2.21,1567578567673
tap2,144,0,1032,73.93155,1063.446,1.4599999,1567578568449
tap2,145,621,411,650.39777,347.81885,2.45,1567578569236
tap2,148,0,963,89.91675,1006.47577,1.62,1567578570033
tap2,149,621,342,740.3145,346.81937,2.55,1567578570871
tap2,147,621,963,730.3238,999.47943,2.37,1567578571616
tap2,146,0,342,108.89917,362.81104,2.1699998,1567578572627
tap2,153,621,273,628.41815,236.87662,2.3999999,1567578573476
tap2,152,0,894,131.8779,974.49243,2.35,1567578574272
tap2,150,0,273,51.951897,297.84488,1.3,1567578575150
tap2,151,621,894,695.35614,924.51843,2.05,1567578576029
tap2,266,345,273,478.5569,305.8407,2.11,1567578576816
tap2,267,552,1239,643.40424,1321.3118,1.66,1567578577490
tap2,269,552,273,642.4052,293.84695,2.1499999,1567578578297
tap2,268,345,1239,421.60962,1359.292,1.74,1567578579064
tap2,271,414,1239,509.52823,1290.3279,1.89,1567578579953
tap2,153,621,273,701.3506,309.83862,2.44,1567578580698
tap2,270,414,273,453.58002,284.85162,2.34,1567578581352
tap2,87,621,1239,688.3626,1297.3242,2.12,1567578582108
tap2,91,690,1239,827.2341,1283.3315,1.9,1567578582650
tap2,272,483,273,569.4727,298.84433,2.12,1567578583436
tap2,273,483,1239,526.5125,1285.3306,1.9399999,1567578584141
tap2,53,690,273,748.3071,286.8506,2.09,1567578584928
tap2,277,552,342,643.40424,326.82977,2.1599998,1567578585633
tap2,276,345,1308,388.64014,1352.2957,2.02,1567578586430
tap2,274,345,342,374.6531,381.80115,2.02,1567578587166
tap2,275,552,1308,623.4227,1322.3113,1.79,1567578588565
tap2,183,621,1308,710.3423,1377.2826,2.4099998,1567578589321
tap2,278,414,342,475.55966,430.77563,2.55,1567578590149
tap2,149,621,342,619.42645,368.8079,2.3999999,1567578590792
tap2,279,414,1308,458.5754,1345.2993,1.73,1567578591569
tap2,281,483,1308,610.4348,1383.2795,1.92,1567578592202
tap2,49,690,342,821.2396,428.77667,2.2,1567578593132
tap2,280,483,342,598.44586,384.79956,2.01,1567578593949
tap2,185,690,1308,810.24976,1395.2733,1.56,1567578594766
tap2,156,0,825,92.91397,851.55646,1.88,1567578595573
tap2,157,621,204,668.3811,201.89484,2.05,1567578596523
tap2,155,621,825,655.3932,875.54395,2.21,1567578597208
tap2,154,0,204,85.92044,266.861,1.41,1567578598270
tap2,158,0,135,63.940796,150.92139,1.52,1567578599231
tap2,159,621,756,770.2868,806.5799,2.1399999,1567578599926
tap2,160,0,756,79.925995,833.56586,1.86,1567578600671
tap2,161,621,135,670.3793,135.9292,2.4299998,1567578601642
tap2,162,0,66,89.91675,103.94586,1.91,1567578605035
tap2,163,621,687,678.3719,731.61896,2.1299999,1567578605787
tap2,164,0,687,129.87975,739.61475,2.34,1567578606553
tap2,165,621,66,720.333,109.94273,1.8199999,1567578607840
tap2,169,897,66,955.11566,110.942215,2.1599998,1567578608616
tap2,168,276,687,341.68362,765.60126,1.91,1567578609382
tap2,166,276,66,351.67438,104.945335,2.03,1567578610282
tap2,167,897,687,967.10455,683.6439,1.7199999,1567578610966
tap2,170,138,618,237.77983,623.6752,1.61,1567578611835
tap2,171,759,1239,885.1804,1308.3186,1.78,1567578612601
tap2,173,759,618,850.21277,692.6392,2.4299998,1567578613449
tap2,172,138,1239,136.87326,1270.3384,1.9699999,1567578614144
tap2,177,828,618,932.1369,657.6575,2.29,1567578614940
tap2,176,207,1239,221.79463,1251.3483,1.5699999,1567578615604
tap2,174,207,618,272.74747,712.62885,2.07,1567578616452
tap2,175,828,1239,931.1378,1313.3159,1.77,1567578617116
tap2,133,690,66,734.32007,87.954185,1.9499999,1567578618321
tap2,249,483,1032,587.45605,1080.4373,1.77,1567578619129
tap2,43,690,1032,818.2424,1087.4336,2.1,1567578619803
tap2,248,483,66,576.46625,128.93285,2.31,1567578620834
tap2,251,552,1101,610.4348,1129.4117,1.9599999,1567578621601
tap2,250,345,135,383.64478,131.93129,2.36,1567578622571
tap2,252,345,1101,318.7049,1131.4106,1.73,1567578623246
tap2,253,552,135,629.41724,159.9167,2.19,1567578624144
tap2,254,414,135,437.59482,167.91254,2.46,1567578624941
tap2,139,621,1101,731.3229,1148.4019,1.8499999,1567578625677
tap2,161,621,135,745.3099,210.89015,2.22,1567578626708
tap2,255,414,1101,452.58093,1153.3993,1.76,1567578627434
tap2,178,276,618,342.6827,660.6559,2.05,1567578628231
tap2,179,897,1239,957.1138,1278.3342,1.99,1567578629129
tap2,181,897,618,974.0981,680.6455,2.06,1567578630029
tap2,180,276,1239,340.68454,1231.3586,1.63,1567578631091
tap2,132,69,687,123.88529,723.6231,1.8299999,1567578631959
tap2,185,690,1308,695.35614,1333.3055,1.5999999,1567578632674
tap2,184,69,1308,180.83257,1406.2676,1.48,1567578633420
tap2,131,690,687,774.2831,790.5882,2.01,1567578634084
tap2,127,759,687,820.24054,743.6127,1.86,1567578634952
tap2,187,759,1308,868.1961,1417.2618,1.7099999,1567578635811
tap2,186,138,1308,205.80943,1313.3159,1.9499999,1567578636495
tap2,126,138,66,129.87975,83.95627,1.74,1567578637720
tap2,123,828,687,873.19147,735.6168,2.06,1567578638436
tap2,188,207,1308,269.75024,1373.2847,2.09,1567578639202
tap2,124,207,687,193.82054,699.63556,0.53,1567578640039
tap2,189,828,1308,908.1591,1331.3065,1.5899999,1567578640837
tap2,317,552,687,639.40796,759.6044,1.9399999,1567578641705
tap2,316,345,1653,381.64664,1719.1046,1.4,1567578642512
tap2,314,345,687,457.57632,692.6392,1.8399999,1567578643421
tap2,315,552,1653,634.4126,1707.1108,1.14,1567578644197
tap2,266,345,273,350.6753,253.86777,1.9,1567578645188
tap2,335,483,963,547.49304,977.49084,1.9,1567578645873
tap2,272,483,273,604.4403,314.83603,1.5799999,1567578646761
tap2,334,345,963,363.66327,1003.47736,1.75,1567578647384
tap2,318,414,687,483.55228,708.6309,2.01,1567578648028
tap2,233,621,1653,674.3756,1697.1161,1.4699999,1567578648774
tap2,163,621,687,705.3469,744.6122,2.22,1567578649632
tap2,319,414,1653,475.55966,1723.1025,1.55,1567578650408
tap2,269,552,273,651.39685,317.83444,2.18,1567578651236
tap2,336,414,963,434.5976,997.48047,1.7099999,1567578651910
tap2,337,552,963,621.4246,986.4862,1.86,1567578652656
tap2,270,414,273,504.53284,362.81104,2.34,1567578653514
tap2,168,276,687,319.70398,719.6252,1.9799999,1567578654229
tap2,191,897,1308,953.1175,1289.3285,1.14,1567578654995
tap2,167,897,687,997.0768,728.6205,1.73,1567578656650
tap2,190,276,1308,379.64847,1363.2899,1.6899999,1567578657375
tap2,192,0,1377,109.89824,1433.2534,1.52,1567578658070
tap2,160,0,756,49.953747,814.57574,1.12,1567578658867
tap2,193,621,1377,742.3127,1453.243,1.62,1567578659725
tap2,159,621,756,665.3839,790.5882,2.07,1567578660420
tap2,194,69,1377,128.88066,1430.255,1.61,1567578661155
tap2,59,690,756,742.3127,822.57153,1.79,1567578661870
tap2,60,69,756,127.88159,817.57416,1.65,1567578662616
tap2,195,690,1377,779.27844,1414.2634,1.81,1567578663627
tap2,28,138,756,201.81314,828.5684,1.92,1567578664414
tap2,197,759,1377,909.1582,1445.2472,1.5799999,1567578665262
tap2,27,759,756,833.2285,821.5721,1.9399999,1567578665936
tap2,196,138,1377,166.84552,1400.2706,1.66,1567578666682
tap2,84,207,756,196.81776,768.5997,1.79,1567578667478
tap2,199,828,1377,899.1674,1442.2488,1.64,1567578668235
tap2,83,828,756,940.1295,788.58923,2.33,1567578669042
tap2,198,207,1377,196.81776,1458.2405,1.89,1567578669726
tap2,200,276,1377,330.69382,1439.2504,1.9,1567578670677
tap2,119,897,756,961.1101,807.57935,1.8199999,1567578671361
tap2,120,276,756,268.75116,733.61786,1.7099999,1567578672045
tap2,201,897,1377,920.148,1375.2837,1.74,1567578672791
tap2,242,345,66,452.58093,125.9344,2.27,1567578673945
tap2,347,966,687,998.07587,717.6262,1.61,1567578674763
tap2,338,966,66,1028.0481,86.95471,1.2099999,1567578675794
tap2,314,345,687,404.62534,799.58356,2.11,1567578676540
tap2,322,345,756,449.5837,781.5929,2.36,1567578677450
tap2,339,966,135,989.08417,171.91046,2.25,1567578678277
tap2,348,966,756,1008.0666,737.6158,1.38,1567578679145
tap2,250,345,135,418.6124,156.91827,2.28,1567578680054
tap2,258,345,204,353.67252,188.90161,2.55,1567578680780
tap2,349,966,825,1035.0416,854.5549,1.38,1567578681607
tap2,340,966,204,1039.038,254.86725,1.22,1567578683891
tap2,326,345,825,411.61887,864.5497,1.4699999,1567578684743
tap2,330,345,894,365.66144,987.48566,2.1599998,1567578685408
tap2,341,966,273,999.07495,287.85007,2.08,1567578686194
tap2,266,345,273,436.59573,284.85162,2.08,1567578686981
tap2,350,966,894,1038.0388,979.4898,1.3,1567578688206
tap2,76,207,894,193.82054,940.51013,2.5,1567578688972
tap2,219,828,1515,855.2081,1556.1895,2.02,1567578689759
tap2,218,207,1515,273.74652,1583.1754,2.19,1567578690424
tap2,75,828,894,945.1249,979.4898,1.76,1567578691281
tap2,220,276,1515,307.7151,1515.2108,1.51,1567578692150
tap2,111,897,894,928.1406,959.50024,2.1,1567578692875
tap2,112,276,894,317.70584,938.51117,2.25,1567578693590
tap2,221,897,1515,919.1489,1597.1681,2.09,1567578694458
tap2,225,690,1584,756.29974,1612.1603,2.3799999,1567578695429
tap2,48,69,963,147.8631,1003.47736,1.8199999,1567578696246
tap2,47,690,963,719.334,1002.47784,1.91,1567578696961
tap2,224,69,1584,96.91027,1577.1785,1.5,1567578697738
tap2,165,621,66,732.3219,80.95783,1.6899999,1567578699137
tap2,247,414,1032,426.605,1008.47473,1.9,1567578699852
tap2,143,621,1032,691.35986,1082.4362,2.02,1567578700506
tap2,246,414,66,525.5134,105.94482,1.9,1567578701528
tap2,15,759,963,904.16284,1015.47107,1.88,1567578702304
tap2,226,138,1584,205.80943,1622.155,1.28,1567578703101
tap2,227,759,1584,843.21924,1639.1462,2.12,1567578704195
tap2,16,138,963,136.87326,993.48254,1.8399999,1567578704991
tap2,72,207,963,249.76874,986.4862,1.51,1567578705666
tap2,229,828,1584,886.17944,1642.1447,1.91,1567578706626
tap2,71,828,963,912.1554,1004.4768,1.9799999,1567578707351
tap2,228,207,1584,286.7345,1598.1676,1.76,1567578708526
tap2,242,345,66,406.6235,73.96148,1.48,1567578709629
tap2,243,552,1032,585.4579,1023.4669,1.5,1567578710365
tap2,244,345,1032,382.6457,1085.4347,1.64,1567578711060
tap2,245,552,66,646.4015,104.945335,2.05,1567578712010
tap2,148,0,963,82.92322,1004.4768,1.8,1567578713174
tap2,223,621,1584,629.41724,1649.141,1.91,1567578713900
tap2,147,621,963,734.32007,1001.4784,2.21,1567578714656
tap2,222,0,1584,76.92877,1651.14,1.16,1567578715616
tap2,252,345,1101,382.6457,1111.4211,1.77,1567578716286
tap2,344,966,480,995.0786,511.73346,1.7099999,1567578716893
tap2,290,345,480,420.61053,524.7267,2.01,1567578717628
tap2,353,966,1101,973.099,1134.4092,1.55,1567578718282
tap2,345,966,549,1035.0416,578.6986,1.1899999,1567578719089
tap2,260,345,1170,415.61517,1231.3586,1.88,1567578719876
tap2,354,966,1170,992.0814,1237.3555,1.67,1567578720560
tap2,298,345,549,432.59946,565.7053,1.81,1567578721214
tap2,346,966,618,1005.0694,629.67206,1.67,1567578721898
tap2,268,345,1239,405.62442,1260.3435,2.04,1567578722634
tap2,355,966,1239,1000.07404,1289.3285,1.66,1567578723349
tap2,306,345,618,442.5902,667.6522,2.02,1567578724003
tap2,314,345,687,435.59668,714.6278,2.02,1567578725015
tap2,356,966,1308,982.09064,1365.2888,1.8199999,1567578725750
tap2,347,966,687,1044.0333,781.5929,1.01,1567578726505
tap2,276,345,1308,394.6346,1348.2977,2.0,1567578727241
tap2,257,483,1101,523.51526,1076.4393,1.86,1567578727895
tap2,61,690,135,748.3071,150.92139,2.19,1567578728661
tap2,39,690,1101,725.3284,1136.4081,1.9699999,1567578729437
tap2,256,483,135,548.4921,155.9188,2.08,1567578730173
tap2,258,345,204,419.61148,185.90317,2.09,1567578730980
tap2,259,552,1170,617.4283,1225.3618,2.09,1567578731634
tap2,260,345,1170,397.63184,1201.3743,1.7099999,1567578732278
tap2,261,552,204,648.39966,231.87923,2.47,1567578733013
tap2,157,621,204,734.32007,229.88026,2.31,1567578733677
tap2,263,414,1170,470.5643,1184.383,2.09,1567578734331
tap2,262,414,204,479.55597,226.88182,2.0,1567578735066
tap2,135,621,1170,707.34503,1271.3378,2.2,1567578735730
tap2,244,345,1032,400.62906,1109.4221,2.1299999,1567578736364
tap2,361,966,1653,909.1582,1643.1442,1.61,1567578737150
tap2,352,966,1032,1020.0555,1058.4487,1.5999999,1567578738488
tap2,316,345,1653,407.62256,1622.155,1.8,1567578739234
tap2,282,345,411,377.65033,406.78812,2.07,1567578740041
tap2,283,552,1377,593.4505,1419.2607,1.67,1567578740777
tap2,284,345,1377,392.63644,1455.2421,1.88,1567578741462
tap2,285,552,411,597.44684,404.78915,2.11,1567578742177
tap2,145,621,411,689.3617,409.78656,2.18,1567578742800
tap2,287,414,1377,485.5504,1395.2733,1.91,1567578743505
tap2,193,621,1377,673.3765,1411.2649,1.93,1567578744199
tap2,286,414,411,514.5236,405.78864,2.1299999,1567578744996
tap2,288,483,411,519.519,442.76938,2.4199998,1567578745691
tap2,195,690,1377,757.2988,1445.2472,2.04,1567578746375
tap2,289,483,1377,561.4801,1457.241,2.06,1567578746998
tap2,45,690,411,793.2655,445.76782,2.3899999,1567578747755
tap2,31,690,1170,746.30896,1275.3357,1.86,1567578748418
tap2,264,483,204,565.47644,234.87766,2.4199998,1567578749174
tap2,57,690,204,777.2803,192.89952,2.19,1567578749879
tap2,265,483,1170,585.4579,1151.4003,2.29,1567578750513
tap2,300,345,1515,398.6309,1556.1895,2.37,1567578751167
tap2,350,966,894,989.08417,964.4976,2.31,1567578751933
tap2,330,345,894,424.60684,914.5237,2.55,1567578752638
tap2,359,966,1515,989.08417,1582.1759,1.93,1567578753455
tap2,351,966,963,1007.0675,1047.4545,1.78,1567578754221
tap2,308,345,1584,392.63644,1621.1556,2.21,1567578755008
tap2,360,966,1584,1001.07306,1662.1343,1.89,1567578756040
tap2,334,345,963,420.61053,1012.47266,1.81,1567578756837
tap2,137,621,549,706.346,582.6965,2.45,1567578757552
tap2,303,414,1515,455.5782,1534.2009,1.68,1567578758308
tap2,213,621,1515,735.31915,1559.1879,1.54,1567578758900
tap2,302,414,549,497.5393,619.67725,2.01,1567578759626
tap2,254,414,135,452.58093,126.93388,1.8,1567578760340
tap2,329,552,825,692.35895,927.5169,2.12,1567578761015
tap2,253,552,135,628.41815,141.92607,1.8399999,1567578761822
tap2,328,414,825,494.54208,886.53827,1.9399999,1567578762435
tap2,334,345,963,398.6309,965.49713,1.78,1567578763109
tap2,342,966,342,1004.0703,323.83133,1.8399999,1567578763926
tap2,274,345,342,424.60684,361.81155,2.18,1567578764733
tap2,351,966,963,1005.0694,1061.4471,1.76,1567578765458
tap2,282,345,411,390.6383,470.7548,2.1299999,1567578766296
tap2,352,966,1032,999.07495,1104.4248,1.8199999,1567578766940
tap2,343,966,411,1011.06384,447.76678,1.67,1567578767665
tap2,244,345,1032,406.6235,1117.418,2.28,1567578768340
tap2,322,345,756,445.58743,785.5908,1.8399999,1567578768932
tap2,357,966,1377,982.09064,1426.2571,1.7099999,1567578769739
tap2,348,966,756,1026.0499,856.55383,1.29,1567578770526
tap2,284,345,1377,423.6078,1370.2863,1.6999999,1567578771292
tap2,292,345,1446,426.605,1467.2357,1.65,1567578771854
tap2,349,966,825,1030.0463,885.53876,1.26,1567578772528
tap2,326,345,825,415.61517,886.53827,1.9599999,1567578773202
tap2,358,966,1446,979.09344,1538.1989,1.93,1567578773887
tap2,131,690,687,751.3043,713.6283,1.89,1567578774561
tap2,321,483,1653,505.53192,1745.0911,1.79,1567578775295
tap2,320,483,687,575.46716,664.6538,1.56,1567578775981
tap2,235,690,1653,721.3321,1643.1442,1.52,1567578776604
tap2,362,0,1722,165.84644,1750.0885,1.1899999,1567578777237
tap2,139,621,1101,702.3497,1164.3936,1.81,1567578777922
tap2,140,0,1101,73.93155,1104.4248,1.31,1567578778667
tap2,371,621,1722,621.4246,1756.0853,1.78,1567578779393
tap2,39,690,1101,796.2627,1169.3909,2.11,1567578780017
tap2,363,69,1722,124.88437,1732.0978,1.5899999,1567578780721
tap2,372,690,1722,742.3127,1784.0708,1.77,1567578781385
tap2,40,69,1101,119.88899,1168.3915,1.7199999,1567578782059
tap2,136,0,1170,85.92044,1162.3945,1.39,1567578782733
tap2,386,621,1791,584.45886,1826.0488,1.4499999,1567578783479
tap2,135,621,1170,733.321,1203.3732,2.05,1567578784123
tap2,377,0,1791,95.911194,1751.0879,1.25,1567578784828
tap2,31,690,1170,767.28955,1234.357,2.1499999,1567578785513
tap2,378,69,1791,143.86679,1796.0645,1.7099999,1567578786207
tap2,32,69,1170,186.82701,1249.3492,1.6999999,1567578786932
tap2,387,690,1791,749.3062,1804.0603,1.55,1567578787586
tap2,8,138,1101,151.85939,1096.429,1.51,1567578788260
tap2,373,759,1722,808.25165,1771.0775,1.77,1567578788904
tap2,7,759,1101,900.1665,1159.3961,1.74,1567578789711
tap2,364,138,1722,164.84737,1764.0812,1.91,1567578790416
tap2,374,828,1722,806.2535,1714.1072,1.68,1567578791202
tap2,64,207,1101,238.77892,1127.4127,1.4,1567578791897
tap2,365,207,1722,218.79741,1760.0833,1.3399999,1567578792622
tap2,63,828,1101,886.17944,1172.3894,1.89,1567578793337
tap2,379,138,1791,176.83626,1785.0702,1.3299999,1567578793960
tap2,3,759,1170,892.1739,1199.3752,1.9799999,1567578794594
tap2,4,138,1170,223.79279,1192.3789,1.8,1567578795309
tap2,388,759,1791,807.25256,1807.0588,1.6999999,1567578796054
tap2,380,207,1791,309.71323,1868.027,1.02,1567578796821
tap2,35,828,1170,911.1564,1258.3446,1.64,1567578797546
tap2,389,828,1791,954.1166,1856.0333,1.14,1567578798281
tap2,36,207,1170,252.76596,1158.3966,1.5999999,1567578799007
tap2,100,276,1101,306.716,1142.405,1.6999999,1567578799641
tap2,375,897,1722,883.18225,1707.1108,1.43,1567578800294
tap2,99,897,1101,1014.06104,1137.4076,1.37,1567578800876
tap2,366,276,1722,364.66235,1748.0895,1.54,1567578801612
tap2,368,414,1722,429.60223,1757.0848,1.5799999,1567578802317
tap2,159,621,756,735.31915,805.5804,1.93,1567578803042
tap2,371,621,1722,664.3848,1782.0718,1.55,1567578803706
tap2,324,414,756,470.5643,754.60693,1.56,1567578804493
tap2,96,276,1170,334.6901,1195.3773,1.5799999,1567578805208
tap2,390,897,1791,963.1082,1767.0796,1.5699999,1567578805800
tap2,95,897,1170,994.0796,1257.3451,1.4499999,1567578806566
tap2,381,276,1791,327.6966,1780.0729,1.5999999,1567578807282
tap2,385,552,1791,599.44495,1855.0338,1.18,1567578807966
tap2,326,345,825,393.63553,824.5705,1.42,1567578808773
tap2,382,345,1791,354.6716,1791.0671,1.25,1567578809467
tap2,329,552,825,643.40424,802.582,1.3199999,1567578810193
tap2,323,483,756,476.55875,737.6158,1.92,1567578810888
tap2,372,690,1722,708.3441,1751.0879,1.38,1567578811623
tap2,59,690,756,769.2877,782.5924,1.99,1567578812308
tap2,369,483,1722,522.5162,1773.0765,1.49,1567578812971
tap2,353,966,1101,1006.0685,1116.4185,1.5,1567578813860
tap2,367,345,1722,413.61703,1763.0817,1.43,1567578814565
tap2,252,345,1101,422.6087,1161.395,1.4699999,1567578815280
tap2,376,966,1722,995.0786,1798.0635,1.43,1567578815985
tap2,383,414,1791,396.63275,1802.0614,1.4699999,1567578816751
tap2,155,621,825,719.334,846.5591,1.6899999,1567578817425
tap2,328,414,825,516.5217,831.5669,1.61,1567578817998
tap2,386,621,1791,668.3811,1834.0447,1.43,1567578818702
tap2,55,690,825,784.2738,840.5622,1.6899999,1567578819387
tap2,384,483,1791,571.4709,1774.0759,1.68,1567578819990
tap2,327,483,825,536.50323,851.55646,1.66,1567578820705
tap2,387,690,1791,741.3136,1818.0531,1.5699999,1567578821695
tap1,2,288,642,388.64014,731.61896,1.15,1567579035970
tap1,3,576,930,677.3728,987.48566,0.93,1567579036667
tap1,4,576,642,709.3432,698.6361,1.49,1567579037474
tap1,5,288,930,361.66513,1022.46747,1.4699999,1567579038087
tap1,9,288,786,378.6494,815.5752,1.13,1567579038628
tap1,17,576,1074,709.3432,1145.4034,0.85999995,1567579039282
tap1,16,288,1074,354.6716,1186.3821,0.77,1567579039884
tap1,7,576,786,667.3821,870.5466,1.5,1567579040426
tap1,4,576,642,701.3506,680.6455,1.17,1567579040957
tap1,10,288,354,373.65402,371.80634,1.14,1567579041988
tap1,2,288,642,345.67993,749.60956,1.53,1567579042662
tap1,11,576,354,664.3848,393.7949,1.1999999,1567579043388
tap1,4,576,642,661.38763,722.6236,1.92,1567579044082
tap1,18,288,1218,369.6577,1272.3373,1.51,1567579044746
tap1,2,288,642,404.62534,686.64233,1.8499999,1567579045471
tap1,19,576,1218,665.3839,1286.33,1.55,1567579046166
tap1,13,576,210,660.38855,240.87454,1.73,1567579047116
tap1,6,288,498,347.67807,586.6944,1.64,1567579047810
tap1,12,288,210,395.63367,223.88339,1.8199999,1567579048453
tap1,8,576,498,654.3941,546.7152,1.81,1567579049087
tap1,19,576,1218,660.38855,1296.3248,1.6999999,1567579049750
tap1,22,288,1506,346.67902,1616.1582,1.66,1567579050404
tap1,18,288,1218,348.67715,1310.3175,1.5899999,1567579050945
tap1,23,576,1506,700.3515,1538.1989,1.5699999,1567579051599
tap1,14,288,66,388.64014,94.95055,1.18,1567579052640
tap1,11,576,354,631.41534,416.78293,1.53,1567579053315
tap1,10,288,354,366.6605,393.7949,1.36,1567579053928
tap1,15,576,66,668.3811,137.92816,1.02,1567579055705
tap1,17,576,1074,658.3904,1110.4216,0.91999996,1567579056900
tap1,20,288,1362,400.62906,1415.2628,1.11,1567579057512
tap1,21,576,1362,685.3654,1478.2301,1.53,1567579058146
tap1,16,288,1074,365.66144,1148.4019,1.36,1567579058769
tap1,9,288,786,374.6531,825.57,1.5799999,1567579059320
tap1,8,576,498,700.3515,521.7283,1.42,1567579059913
tap1,6,288,498,359.667,558.709,1.4399999,1567579060515
tap1,7,576,786,650.39777,869.5471,1.3199999,1567579061118
tap1,24,144,66,232.78445,122.93597,1.1999999,1567579061965
tap1,26,432,354,488.54764,393.7949,1.3399999,1567579062711
tap1,27,144,354,246.77151,373.8053,1.22,1567579063324
tap1,25,432,66,525.5134,113.94065,1.66,1567579064151
tap1,66,720,1506,779.27844,1596.1686,1.28,1567579064999
tap1,41,432,1218,511.52637,1304.3207,1.4,1567579065693
tap1,42,432,1506,539.5005,1581.1764,1.15,1567579066316
tap1,65,720,1218,823.23773,1287.3295,1.27,1567579067011
tap1,36,144,786,230.78632,847.55853,1.0799999,1567579067716
tap1,38,432,1074,534.50507,1171.3899,1.5999999,1567579068339
tap1,39,144,1074,217.79834,1138.4071,1.13,1567579068951
tap1,37,432,786,512.52545,853.5554,1.3,1567579069503
tap1,16,288,1074,341.68362,1135.4086,1.22,1567579070106
tap1,56,0,1362,130.87881,1427.2566,1.15,1567579070718
tap1,20,288,1362,333.69104,1444.2478,1.05,1567579071311
tap1,53,0,1074,96.91027,1090.432,1.28,1567579071944
tap1,59,720,210,822.23865,170.91098,1.1899999,1567579072680
tap1,30,432,498,533.50604,581.697,1.42,1567579073343
tap1,29,432,210,479.55597,219.88547,1.37,1567579073956
tap1,60,720,498,791.26733,566.70483,0.96,1567579074549
tap1,33,432,642,505.53192,729.62,1.1899999,1567579075182
tap1,62,720,930,785.2729,1005.4763,1.48,1567579075692
tap1,61,720,642,852.21094,668.65173,1.76,1567579076275
tap1,34,432,930,529.5097,1032.4623,1.64,1567579076827
tap1,6,288,498,310.7123,561.70746,1.55,1567579077460
tap1,48,0,210,78.92692,244.87245,1.54,1567579078134
tap1,12,288,210,393.63553,209.89067,1.51,1567579078726
tap1,49,0,498,73.93155,553.7116,1.03,1567579079359
tap1,51,0,930,54.94912,1013.4721,1.02,1567579079993
tap1,2,288,642,346.67902,659.65643,1.4599999,1567579080687
tap1,5,288,930,339.6855,1010.4737,1.29,1567579081290
tap1,50,0,642,77.92784,693.63873,1.3,1567579081954
tap1,37,432,786,512.52545,827.569,1.5,1567579082567
tap1,64,720,1074,814.2461,1107.4232,1.54,1567579083088
tap1,38,432,1074,553.4875,1170.3904,1.56,1567579083670
tap1,63,720,786,841.22107,798.58405,1.41,1567579084293
tap1,29,432,210,523.51526,281.85318,1.79,1567579084998
tap1,31,144,498,200.81406,578.6986,1.27,1567579085621
tap1,28,144,210,217.79834,254.86725,1.5999999,1567579086306
tap1,30,432,498,535.50415,549.7137,1.36,1567579086888
tap1,42,432,1506,488.54764,1620.1561,0.82,1567579087643
tap1,40,144,1218,242.7752,1293.3264,1.1999999,1567579088266
tap1,41,432,1218,522.5162,1293.3264,1.51,1567579088767
tap1,43,144,1506,278.7419,1521.2076,1.1899999,1567579089390
tap1,45,144,1362,233.78354,1433.2534,1.25,1567579089891
tap1,82,432,1650,484.55133,1714.1072,1.39,1567579090473
tap1,80,144,1650,201.81314,1779.0734,1.4,1567579091045
tap1,44,432,1362,507.53006,1472.2332,1.49,1567579091535
tap1,57,720,66,794.2646,124.93493,1.24,1567579092280
tap1,26,432,354,535.50415,385.79904,1.75,1567579092945
tap1,58,720,354,797.2618,445.76782,2.07,1567579093527
tap1,25,432,66,552.48846,76.959915,1.4,1567579094088
tap1,64,720,1074,830.23126,1096.429,1.67,1567579094793
tap1,44,432,1362,514.5236,1437.2513,1.52,1567579095427
tap1,38,432,1074,473.56152,1214.3674,1.41,1567579095998
tap1,67,720,1362,798.26086,1418.2612,1.63,1567579096612
tap1,9,288,786,347.67807,896.533,1.52,1567579097275
tap1,53,0,1074,101.90564,1125.4138,1.42,1567579097898
tap1,16,288,1074,342.6827,1200.3748,1.51,1567579098481
tap1,52,0,786,59.944496,845.5596,1.1,1567579099124
tap1,74,864,786,966.10547,839.5627,1.39,1567579099900
tap1,17,576,1074,669.3802,1118.4175,1.49,1567579100493
tap1,75,864,1074,898.1684,1172.3894,1.38,1567579100983
tap1,7,576,786,710.3423,795.58563,1.61,1567579101606
tap1,38,288,66,340.68454,101.9469,1.73,1567579102290
tap1,45,0,354,61.942646,411.78552,1.23,1567579102975
tap1,44,0,66,66.93802,125.9344,1.4,1567579103679
tap1,39,288,354,382.6457,372.80582,1.7099999,1567579104293
tap1,14,288,1506,335.68918,1555.19,1.1999999,1567579104967
tap1,47,0,1794,93.91304,1835.0442,1.29,1567579105559
tap1,46,0,1506,117.89084,1557.189,1.4,1567579106182
tap1,10,288,1794,316.70676,1843.04,1.0699999,1567579106764
tap1,22,864,210,889.1767,238.87558,1.7199999,1567579107530
tap1,86,576,498,645.4024,552.7121,0.96,1567579108123
tap1,55,576,210,678.3719,224.88287,1.8199999,1567579108664
tap1,88,864,498,990.08325,549.7137,1.92,1567579109318
tap1,70,864,1362,963.1082,1455.2421,1.8,1567579110012
tap1,8,576,1650,643.40424,1763.0817,1.48,1567579110553
tap1,13,576,1362,688.3626,1392.2748,1.8399999,1567579111054
tap1,71,864,1650,859.20447,1757.0848,1.75,1567579111667
tap1,78,576,1218,693.35803,1260.3435,1.4499999,1567579112239
tap1,83,864,1506,868.1961,1616.1582,1.8299999,1567579112760
tap1,21,864,1218,980.0925,1265.341,1.68,1567579113281
tap1,85,576,1506,694.35706,1574.18,1.91,1567579113833
tap1,19,576,66,692.35895,120.93701,1.6899999,1567579114619
tap1,77,864,354,933.136,371.80634,2.05,1567579115283
tap1,76,576,354,657.3913,385.79904,1.87,1567579115896
tap1,23,864,66,922.1462,104.945335,1.9,1567579116498
tap1,15,576,1362,645.4024,1405.2681,1.8,1567579117254
tap1,69,864,1074,956.1147,1123.4149,1.5899999,1567579117898
tap1,11,576,1074,650.39777,1191.3795,1.78,1567579118429
tap1,68,864,1362,924.1443,1460.2394,2.03,1567579119021
tap1,21,0,1218,91.914894,1258.3446,1.8499999,1567579119634
tap1,75,288,1506,297.72433,1569.1827,1.88,1567579120165
tap1,17,288,1218,382.6457,1269.3389,1.9799999,1567579120738
tap1,78,0,1506,129.87975,1545.1952,1.74,1567579121289
tap1,54,576,642,610.4348,679.646,2.02,1567579121974
tap1,22,864,930,925.1434,975.4919,2.1499999,1567579122556
tap1,18,864,642,941.1286,721.62415,2.48,1567579123659
tap1,55,576,930,670.3793,1004.4768,2.12,1567579124251
tap1,4,576,1794,626.42,1826.0488,1.27,1567579124905
tap1,73,864,1506,964.1073,1613.1598,1.8299999,1567579125620
tap1,72,576,1506,641.4061,1620.1561,1.62,1567579126182
tap1,3,864,1794,938.13135,1825.0494,1.5,1567579126835
tap1,90,720,1362,821.2396,1454.2426,1.8399999,1567579127499
tap1,77,432,1650,549.4912,1724.1019,1.9599999,1567579128071
tap1,23,720,1650,748.3071,1752.0874,1.81,1567579128633
tap1,92,432,1362,525.5134,1427.2566,1.63,1567579129174
tap1,67,432,1074,508.52914,1080.4373,1.78,1567579129654
tap1,82,144,1362,221.79463,1415.2628,1.62,1567579130257
tap1,84,432,1362,478.5569,1434.2529,1.89,1567579130798
tap1,44,144,1074,259.7595,1114.4196,1.92,1567579131330
tap1,38,432,1506,439.59296,1538.1989,1.61,1567579131912
tap1,45,144,1794,199.81499,1831.0463,1.4399999,1567579132453
tap1,44,432,1794,490.5458,1839.0421,1.3299999,1567579133025
tap1,39,144,1506,201.81314,1586.1738,1.9,1567579133597
tap1,42,432,1506,489.54672,1611.1608,1.5899999,1567579134118
tap1,87,720,1794,806.2535,1828.0479,1.41,1567579134690
tap1,89,432,1794,472.56244,1857.0327,0.9,1567579135252
tap1,43,720,1506,823.23773,1556.1895,2.19,1567579135783
tap1,42,0,1362,86.91952,1421.2598,1.8,1567579136396
tap1,91,288,1650,343.68176,1688.1207,1.9399999,1567579136917
tap1,89,288,1362,373.65402,1408.2665,1.9599999,1567579137469
tap1,66,0,1650,84.92137,1751.0879,1.7099999,1567579138000
tap1,56,432,642,488.54764,657.6575,1.6999999,1567579138695
tap1,81,144,930,247.77058,989.4846,2.11,1567579139216
tap1,20,432,930,547.49304,996.48096,1.9599999,1567579139757
tap1,79,144,642,184.82886,686.64233,1.74,1567579140339
drag1,2,371.65588,658.6569,1.3,1973.412846,59.4931782311234
drag1,3,618.42737,932.5143,0.94,2380.370231,80.38085649149944
drag1,4,670.8788,688.6413,1.29,2192.0565389999997,59.376117183878726
drag1,5,359.667,939.5106,1.2099999,2233.650615,73.05304198892178
drag1,9,333.69104,834.5653,1.06,1339.1884619999998,85.88985166740768
drag1,17,622.4237,1066.4446,1.17,2400.9693079999997,69.25581152080633
drag1,16,372.65494,1141.4055,1.63,1654.599461,63.38583478143299
drag1,7,678.3719,832.56635,1.76,2911.656384,67.51854757964036
drag1,4,695.35614,670.6507,1.3399999,2039.399385,64.89928696342105
drag1,10,393.63553,382.80063,1.43,4549.783230999999,60.83092480321491
drag1,2,347.2051,642.71844,1.0,2351.215616,65.60863476002717
drag1,11,639.40796,368.8079,1.0799999,2328.077769,70.13618478867218
drag1,4,650.39777,642.6653,1.4499999,2270.829154,67.2356677617574
drag1,18,364.66235,1200.3748,0.9,2672.494308,62.414039019242296
drag1,2,391.6374,612.6809,1.39,2948.9649999999997,77.71563314036115
drag1,19,649.3987,1217.366,0.93,2914.163923,69.27066478805844
drag1,13,667.3821,231.87923,1.65,4451.346308,77.49463980041553
drag1,6,352.67346,532.72253,0.9,3006.057769,71.19413145872186
drag1,12,382.6457,226.88182,1.4499999,3023.60277,77.83829836557724
drag1,8,609.4357,478.75064,1.24,2937.961077,70.27915961679369
drag1,19,665.3839,1197.3763,1.03,2038.178692,70.20645495967076
drag1,22,358.6679,1491.2233,0.71,2436.8652309999998,80.15722878473855
drag1,18,322.7012,1287.3295,0.68,1371.1608469999999,74.55440936988059
drag1,23,639.40796,1515.2108,1.02,2150.005615,63.29651720809384
drag1,14,385.6429,111.941696,1.89,4301.172001,64.35710069624251
drag1,11,629.41724,365.80948,1.05,2190.76123,66.34731540502544
drag1,10,375.65216,368.87308,1.27,1297.4699229999999,72.90799652115837
drag1,15,618.4078,81.95731,1.1999999,2194.632231,104.21329715462119
drag1,17,650.39777,1086.4341,0.72999996,3499.166307,60.50193384096153
drag1,20,360.66605,1338.303,0.94,2903.1026159999997,66.82451522889403
drag1,21,613.432,1380.2811,1.01,1788.7800009999999,73.23132411389884
drag1,16,416.61426,1148.4019,1.0,3790.086692,61.84584289964464
drag1,24,212.80296,84.95575,1.39,1768.5563849999999,91.87928351909257
drag1,26,505.53192,320.8329,1.37,3164.168077,69.44143633159298
drag1,27,222.79372,393.7949,1.23,1727.3476919999998,64.22419715976676
drag1,25,494.54208,67.9646,1.25,3023.6948469999998,95.81459204168576
drag1,66,774.2831,1484.1998,1.04,2027.0299229999998,72.05885909068823
drag1,41,542.4977,1271.3378,1.01,2911.786231,74.00236789164578
drag1,42,537.5023,1502.2175,1.06,1656.9458459999998,62.15410304461096
drag1,65,834.2276,1197.3763,1.3299999,4440.378769,72.93511294609803
drag1,36,857.2063,1345.2993,1.06,123.472,711.8047485090276
drag1,38,524.51434,1100.4269,1.4599999,2308.612693,57.92875527119254
drag1,39,249.76874,1115.4191,1.3199999,1799.8670769999999,65.01940284803986
drag1,37,489.54672,775.596,1.35,1748.445154,79.81125991846795
drag1,16,382.6457,1070.4425,1.15,1483.422308,57.33404185120527
drag1,56,122.886215,1359.292,1.0799999,1459.923153,50.712473921312146
drag1,20,365.66144,1366.2883,1.01,1768.219846,76.51480381180687
drag1,53,88.91767,1113.0529,1.09,2473.315924,69.02662653210739
drag1,59,797.2618,240.87454,1.17,4019.204308,75.55916014128684
drag1,30,509.52823,520.72876,1.1,2946.351769,59.24212713710434
drag1,29,559.48193,218.88599,1.52,2155.841615,84.52025892580284
drag1,60,777.2803,448.76627,1.4699999,2890.384385,61.16912607208185
drag1,33,562.88855,642.6653,1.1,4313.632924,66.74197423531473
drag1,62,770.2868,920.52057,0.90999997,2754.551923,61.38726109636213
drag1,61,832.5355,648.6621,1.28,2664.7466919999997,70.88679720261023
drag1,34,550.4903,913.5242,1.23,3406.872539,64.17636884353227
drag1,6,339.6855,528.7246,1.0,2563.683,66.7453984371591
drag1,48,90.91582,282.85266,1.16,2753.193077,61.76331656135669
drag1,12,411.61887,201.89484,1.23,3394.1659999999997,62.96730588264662
drag1,49,94.91212,466.7569,1.14,2301.631,68.70871286279781
drag1,51,84.92137,871.546,0.98999995,1710.842539,63.47685332064399
drag1,2,401.6281,637.66785,1.43,3453.8280769999997,65.06779983007402
drag1,5,382.6457,917.5221,1.15,2370.434769,60.25053786397791
drag1,50,102.90472,684.6434,1.36,1918.7786159999998,58.8424301492696
drag1,37,510.52728,779.59393,1.16,1786.469924,87.19312877176783
drag1,64,837.2248,1049.4534,1.12,2963.1226159999997,63.21319571665559
drag1,38,575.46716,1065.4451,1.67,2393.269077,63.505045385920646
drag1,63,837.2248,737.6158,1.24,3958.2869229999997,76.95430299760116
drag1,29,577.46533,290.8485,1.3399999,4384.847,45.110857717416
drag1,31,200.81406,474.75272,1.22,2454.463846,65.68536768772111
drag1,28,226.79001,578.6986,0.62,41.168231,288.1405906844782
drag1,30,563.4783,532.72253,1.11,1960.8953849999998,59.47220949212662
drag1,42,502.5347,1476.2311,1.0699999,1931.068231,67.94080380902766
drag1,40,238.77892,1288.329,1.1,1879.1315379999999,51.55409775196124
drag1,41,521.5171,1212.8684,1.37,2932.986231,68.64773879847306
drag1,43,252.76596,1505.216,0.90999997,1676.712462,60.92257113847355
drag1,45,242.7752,1406.2676,1.4,3243.6882309999996,72.05872211527195
drag1,82,505.53192,1672.129,1.24,2165.7606929999997,63.16104818871456
drag1,80,276.74374,1661.1348,1.74,2830.179077,68.96693408141019
drag1,44,568.47363,1339.3024,1.5699999,2105.555384,75.95942253739136
drag1,57,806.2535,87.954185,1.49,3815.8786929999997,76.36006170118047
drag1,26,519.519,393.7949,1.11,2163.8555389999997,61.487667836816215
drag1,58,836.2257,326.82977,1.5999999,3819.2372309999996,57.16363458345692
drag1,25,584.45886,75.960434,1.53,2467.533923,67.59384877611032
drag1,64,761.2951,1059.4481,1.15,2692.516384,57.53933371064312
drag1,44,564.47736,1349.2972,1.12,3040.973462,63.13674464853921
drag1,38,532.50696,1124.3901,0.94,1726.9838459999999,67.10681210535094
drag1,67,845.2174,1347.2982,1.2099999,3060.0331539999997,60.49384335475111
drag1,9,418.6124,794.5861,0.95,4561.241693,71.87773728577818
drag1,53,52.236332,1024.9891,1.01,3776.036693,64.79788916706345
drag1,16,398.6309,1053.4513,1.24,5109.3313849999995,62.22878676304805
drag1,52,103.90379,805.5804,1.3399999,2314.277154,66.78484782848044
drag1,74,979.09344,770.59863,1.4699999,3069.684154,68.66236173469177
drag1,17,674.3756,1059.4481,0.96999997,2271.828,64.52846535641942
drag1,75,954.1166,1063.446,1.13,2239.798692,71.9625056381633
drag1,7,684.36633,816.5747,1.1,2587.973615,58.72554185700247
drag1,70,989.08417,196.89745,1.0699999,2034.643308,73.06858305165272
drag1,8,620.42554,520.72876,0.85999995,2751.933615,59.3571181344603
drag1,13,694.35706,237.8761,1.4599999,3173.681,64.82073893357364
drag1,71,916.15173,464.75793,0.95,3857.2215389999997,72.14751675818066
drag1,78,905.16187,1367.2878,0.79999995,2093.723385,58.5599270117539
drag1,83,642.4052,1649.141,0.89,1329.209693,52.23807574215829
drag1,21,674.3756,1370.2863,1.28,1736.841,78.11408574229942
drag1,85,949.1212,1641.1451,0.85999995,2129.760616,54.16901525743147
drag1,19,650.41547,1200.357,1.22,1717.247077,75.83673526711353
drag1,77,924.1443,1522.2072,1.01,1820.016539,69.41818078502784
drag1,76,956.1147,1217.366,1.16,2324.827385,71.82440246676894
drag1,23,654.3941,1496.2207,0.84,1585.229,69.9417914080887
drag1,15,657.3913,62.9672,1.49,3183.2797699999996,77.23799129690252
drag1,69,892.1739,353.8157,1.01,2163.338307,67.12703418560307
drag1,11,683.64355,376.80374,1.31,2312.096154,52.26799709550317
drag1,68,931.1378,88.95367,1.4599999,1849.5973849999998,74.44274502716185
drag1,21,632.4144,1428.7559,0.78,3128.971538,57.14592400852399
drag1,75,950.12024,1136.4081,1.04,1605.711308,66.84940369780816
drag1,17,657.3913,1120.4164,1.02,2218.25477,55.039848086792865
drag1,78,908.1591,1348.0223,0.95,1319.107538,67.38530320592491
drag1,54,74.93062,1250.3488,1.13,2021.9443079999999,49.17580198033153
drag1,22,392.63644,1523.7064,1.28,1256.785462,47.099703401261706
drag1,18,396.63275,1191.3795,1.3299999,3063.801462,64.00243840485729
drag1,55,83.922295,1508.2145,1.0699999,1846.8004609999998,62.59466212461739
drag1,67,774.2831,1361.291,1.02,3117.242923,70.89898978407055
drag1,82,538.5014,1626.153,0.97999996,1707.996616,66.28699617239353
drag1,84,821.2396,1639.1462,0.9,2723.827077,72.23524734033556
drag1,44,515.52264,1424.2582,1.35,2231.983616,63.82410426286865
drag1,38,516.5217,1118.4175,1.41,2177.455539,54.96583446669568
drag1,45,220.79556,1299.3232,1.26,2069.8825389999997,64.32663013607892
drag1,44,476.55875,1331.3065,1.29,2381.7728469999997,70.78086462400168
drag1,39,205.80943,1103.4253,1.3399999,2125.045769,58.160867739437165
drag1,56,84.92137,1304.3207,1.27,2365.334077,68.9693081777677
drag1,81,386.642,1630.1509,1.25,2840.693154,58.240896194358285
drag1,20,392.63644,1322.3113,0.85999995,1818.741077,81.10651594194876
drag1,79,104.90287,1622.155,1.17,1827.913769,66.02164981833869
drag1,33,500.53653,618.67773,1.51,2794.023615,70.440294657765
drag1,35,240.77705,930.5153,1.26,1326.020616,59.12636558278292
drag1,34,498.5384,934.51324,1.27,2169.306462,79.68049831227506
drag1,32,283.73727,662.65485,1.31,3856.984,64.86286609365894
drag1,9,380.64755,735.6168,1.37,2586.864231,78.27394788043385
drag1,8,672.37744,522.7277,1.06,2413.162077,69.98566197591501
drag1,6,386.642,469.7553,1.18,1656.342308,76.59054138685366
drag1,7,669.2543,784.46545,1.3,1369.439539,66.48135621866346
drag1,14,427.60406,82.956795,1.37,2120.8744619999998,78.02391419037615
drag1,47,112.89547,336.82455,1.48,1932.6631539999998,67.28092809473974
drag1,46,83.922295,86.95471,1.4599999,1207.786923,101.04355829813726
drag1,10,375.65216,358.8131,1.09,1674.3390769999999,50.50371306420449
drag1,4,631.41534,636.6684,0.90999997,2079.212692,61.48013227625064
drag1,73,958.11285,924.51843,1.1899999,2582.6725389999997,59.235022990922005
drag1,72,966.10547,635.6689,1.36,3301.0668459999997,65.81262213020005
drag1,3,674.3756,895.53357,0.85999995,2311.661384,80.28090004066969
