rotate2,2,0.27262115,7447.617001
rotate2,13,-2.2738419,5040.726001
rotate2,8,-1.2284698,4020.3623079999998
rotate2,3,-30.459927,6773.368539
rotate2,7,-3.402382,6276.532
rotate2,12,-0.18245697,4234.611077
rotate2,1,-0.46414185,5082.241155
rotate2,11,0.18334961,4326.966923
rotate2,6,-1.2717514,4756.883384
rotate2,10,-3.695938,4522.3345389999995
rotate2,5,-1.5525665,3645.0986159999998
rotate2,15,1.0351563,5041.616077
rotate2,9,-1.642479,3593.5032309999997
rotate2,4,-2.236496,4186.366308
rotate2,14,1.0785446,3951.9248469999998
rotate1,9,0.370821,2379.546
rotate1,4,1.584732,2145.557077
rotate1,13,0.17120457,2511.596384
rotate1,6,-1.4011602,2132.823307
rotate1,15,0.67744255,2084.197308
rotate1,2,3.8091106,5095.452923
rotate1,10,0.8292599,2175.050538
rotate1,5,-0.49778652,2245.628461
rotate1,14,0.61640835,2018.495154
rotate1,8,0.94287777,1798.393077
rotate1,11,-1.4599075,2194.8553079999997
rotate1,7,-0.26123428,2307.962923
rotate1,1,-1.6363058,2775.816769
rotate1,12,-1.3908453,1717.201384
rotate1,3,-0.9277878,2492.6320769999998
tap2,6,138,480,218.79741,533.722,1.54,1567559764366
tap2,7,759,1101,821.2396,1163.394,1.0699999,1567559765502
tap2,8,138,1101,190.82332,1141.4055,1.0699999,1567559766890
tap2,9,759,480,822.23865,510.73398,1.15,1567559767982
tap2,164,0,687,53.950047,740.61426,0.90999997,1567559769207
tap2,183,621,1308,632.4144,1385.2784,1.06,1567559770198
tap2,182,0,1308,65.93895,1315.315,0.93,1567559771208
tap2,163,621,687,696.3552,709.6304,1.15,1567559772199
tap2,242,345,66,384.64386,86.95471,1.3199999,1567559773352
tap2,243,552,1032,607.43756,1059.4481,1.03,1567559774353
tap2,244,345,1032,393.63553,1077.4388,1.04,1567559775252
tap2,245,552,66,601.4431,114.94013,1.24,1567559776446
tap2,42,69,411,124.88437,440.77042,1.18,1567559777477
tap2,43,690,1032,778.27936,1060.4476,1.0799999,1567559778376
tap2,45,690,411,757.2988,411.78552,1.0799999,1567559779295
tap2,44,69,1032,104.90287,1045.4554,1.06,1567559780264
tap2,322,345,756,359.667,779.59393,1.12,1567559781235
tap2,321,483,1653,522.5162,1711.1088,0.95,1567559782245
tap2,316,345,1653,393.63553,1694.1176,1.06,1567559783164
tap2,323,483,756,553.4875,772.5976,1.0799999,1567559784103
tap2,2,138,549,165.84644,564.7059,1.14,1567559785094
tap2,3,759,1170,831.23035,1216.3665,0.90999997,1567559786054
tap2,4,138,1170,199.81499,1191.3795,1.04,1567559786972
tap2,5,759,549,835.2266,551.71265,1.0699999,1567559787748
tap2,11,759,1032,821.2396,1058.4487,0.90999997,1567559788606
tap2,10,138,411,207.80759,423.77927,1.12,1567559789515
tap2,12,138,1032,186.82701,1072.4414,1.1,1567559790475
tap2,13,759,411,828.2331,457.76157,1.13,1567559791281
tap2,15,759,963,834.2276,1021.46796,0.97999996,1567559792088
tap2,14,138,342,186.82701,378.8027,1.15,1567559793027
tap2,17,759,342,824.2368,329.82822,1.11,1567559794130
tap2,16,138,963,182.83072,994.482,1.04,1567559795110
tap2,122,207,66,227.7891,81.95731,1.26,1567559796366
tap2,123,828,687,907.16003,717.6262,1.02,1567559797295
tap2,124,207,687,260.75854,674.6486,1.1899999,1567559798286
tap2,125,828,66,845.2174,121.936485,1.02,1567559799460
tap2,135,621,1170,709.3432,1220.3644,0.97999996,1567559800501
tap2,134,0,549,78.92692,577.6991,0.96,1567559801665
tap2,136,0,1170,78.92692,1189.3805,0.94,1567559802799
tap2,137,621,549,671.37836,587.6939,1.06,1567559803759
tap2,130,69,66,146.86401,86.95471,1.09,1567559805807
tap2,131,690,687,773.284,704.633,1.01,1567559806659
tap2,133,690,66,722.3312,77.9594,1.15,1567559807721
tap2,132,69,687,120.88807,714.6278,1.11,1567559808681
tap2,127,759,687,807.25256,704.633,0.98999995,1567559809579
tap2,126,138,66,193.82054,80.95783,1.0699999,1567559810784
tap2,128,138,687,160.85106,720.62463,1.0699999,1567559811754
tap2,129,759,66,790.26825,82.956795,1.0699999,1567559813010
tap2,18,138,273,183.82979,302.84225,1.17,1567559814000
tap2,19,759,894,824.2368,942.5091,1.04,1567559815001
tap2,20,138,894,159.85199,916.52264,1.04,1567559815961
tap2,21,759,273,820.24054,293.84695,1.1,1567559816860
tap2,35,828,1170,898.1684,1205.3722,0.85999995,1567559818105
tap2,34,207,549,261.75763,565.7053,1.0799999,1567559819085
tap2,36,207,1170,243.77429,1226.3612,1.02,1567559820290
tap2,37,828,549,876.1887,584.69543,1.0799999,1567559821148
tap2,26,138,135,191.82239,165.91359,1.1,1567559822240
tap2,27,759,756,846.2165,793.5867,0.98999995,1567559823139
tap2,28,138,756,183.82979,789.58875,1.17,1567559824129
tap2,29,759,135,819.24146,171.91046,1.13,1567559825038
tap2,43,690,1032,752.3034,1055.4503,0.95,1567559825916
tap2,42,69,411,134.87512,431.77512,1.23,1567559826835
tap2,45,690,411,770.2868,457.76157,1.02,1567559827836
tap2,44,69,1032,117.89084,1060.4476,1.03,1567559828888
tap2,24,138,825,185.82794,854.5549,0.96,1567559830927
tap2,25,759,204,808.25165,247.8709,1.02,1567559832013
tap2,22,138,204,174.83812,245.87193,1.02,1567559833156
tap2,23,759,825,833.2285,865.5492,0.93,1567559834187
tap2,38,69,480,109.89824,521.7283,1.17,1567559836097
tap2,39,690,1101,750.3053,1161.395,0.93,1567559837108
tap2,40,69,1101,125.88344,1128.4122,1.0,1567559838742
tap2,41,690,480,754.3016,500.7392,1.0699999,1567559840631
tap2,33,690,549,735.31915,548.7142,1.04,1567559841591
tap2,32,69,1170,118.889915,1209.3701,0.94,1567559842694
tap2,30,69,549,125.88344,560.70795,1.11,1567559843868
tap2,31,690,1170,773.284,1194.3779,0.96999997,1567559844859
tap2,46,69,342,135.87419,365.80948,1.11,1567559846003
tap2,47,690,963,753.3025,964.4976,1.05,1567559846963
tap2,48,69,963,93.91304,1005.4763,1.01,1567559848035
tap2,49,690,342,713.3395,329.82822,1.2099999,1567559849076
tap2,108,276,963,319.70398,969.49506,1.03,1567559850006
tap2,231,897,1584,980.0925,1610.1614,0.84999996,1567559851098
tap2,230,276,1584,317.70584,1637.1473,0.93,1567559852068
tap2,107,897,963,960.111,996.48096,0.97999996,1567559853008
tap2,143,621,1032,689.3617,1038.4591,0.97999996,1567559853916
tap2,232,0,1653,89.91675,1691.1191,0.96999997,1567559855040
tap2,233,621,1653,704.34784,1718.1051,0.84,1567559856173
tap2,144,0,1032,69.93524,1057.4492,0.91999996,1567559857204
tap2,44,69,1032,133.87604,1058.4487,0.95,1567559858246
tap2,235,690,1653,773.284,1685.1223,0.84,1567559859247
tap2,43,690,1032,720.333,1080.4373,1.03,1567559860146
tap2,234,69,1653,117.89084,1708.1104,0.88,1567559861136
tap2,12,138,1032,174.83812,1057.4492,0.9,1567559862167
tap2,237,759,1653,840.22205,1684.1228,0.90999997,1567559863199
tap2,11,759,1032,798.26086,1053.4513,1.04,1567559864077
tap2,236,138,1653,175.83719,1710.1093,0.90999997,1567559865037
tap2,238,207,1653,240.77705,1671.1296,0.94,1567559866027
tap2,67,828,1032,890.1758,1061.4471,0.85999995,1567559866834
tap2,68,207,1032,253.76503,1052.4518,1.03,1567559867773
tap2,239,828,1653,887.1785,1710.1093,0.94,1567559868764
tap2,104,276,1032,343.68176,1054.4508,1.02,1567559869642
tap2,241,897,1653,970.10175,1693.1182,0.98999995,1567559870500
tap2,240,276,1653,339.6855,1672.129,0.96999997,1567559871388
tap2,103,897,1032,983.0897,1066.4446,0.93,1567559872236
tap2,50,69,273,127.88159,291.848,1.14,1567559873339
tap2,51,690,894,780.2775,910.52576,1.04,1567559874258
tap2,52,69,894,101.90564,893.5346,0.96999997,1567559875197
tap2,53,690,273,738.3164,290.8485,1.12,1567559876188
tap2,55,690,825,765.2914,837.5637,0.9,1567559877046
tap2,54,69,204,100.90657,240.87454,1.13,1567559878117
tap2,56,69,825,154.85661,824.5705,1.0799999,1567559879067
tap2,57,690,204,731.3229,235.87714,1.12,1567559880160
tap2,59,690,756,794.2646,804.58093,0.93,1567559881028
tap2,58,69,135,139.87048,163.91463,1.22,1567559882080
tap2,61,690,135,734.32007,153.91983,1.06,1567559883203
tap2,60,69,756,103.90379,798.58405,0.96999997,1567559884204
tap2,62,207,480,261.75763,468.75586,1.05,1567559885174
tap2,63,828,1101,895.17114,1123.4149,0.85999995,1567559886032
tap2,64,207,1101,274.7456,1094.4299,0.9,1567559886869
tap2,65,828,480,923.14526,527.72516,0.81,1567559887737
tap2,290,345,480,378.6494,478.75064,1.01,1567559888636
tap2,291,552,1446,623.4227,1469.2347,0.79999995,1567559889708
tap2,293,552,480,601.4431,505.73657,0.87,1567559892687
tap2,292,345,1446,394.6346,1485.2264,0.9,1567559893589
tap2,141,621,480,708.3441,492.74335,0.98999995,1567559894426
tap2,295,414,1446,438.5939,1500.2186,0.90999997,1567559895325
tap2,294,414,480,471.56335,495.7418,0.98999995,1567559896264
tap2,203,621,1446,680.37006,1496.2207,0.91999996,1567559897183
tap2,297,483,1446,539.5005,1463.2379,1.02,1567559898204
tap2,41,690,480,750.3053,484.74753,1.01,1567559899154
tap2,296,483,480,577.46533,503.7376,1.04,1567559899992
tap2,205,690,1446,748.3071,1493.2223,0.93,1567559900941
tap2,319,414,1653,449.5837,1690.1196,1.0,1567559901840
tap2,325,552,756,606.4385,783.59186,1.04,1567559902667
tap2,324,414,756,483.55228,777.595,1.0699999,1567559903535
tap2,315,552,1653,618.42737,1681.1244,0.93,1567559904536
tap2,298,345,549,432.59946,537.7199,1.15,1567559905476
tap2,299,552,1515,615.4302,1547.1941,0.93,1567559906446
tap2,301,552,549,643.40424,567.7043,1.04,1567559907273
tap2,300,345,1515,398.6309,1538.1989,0.96999997,1567559908274
tap2,326,345,825,399.62997,831.5669,1.01,1567559909173
tap2,256,483,135,562.4792,168.91202,1.04,1567559910163
tap2,250,345,135,410.6198,162.91515,1.02,1567559911195
tap2,327,483,825,568.47363,865.5492,1.02,1567559912124
tap2,67,828,1032,905.16187,1055.4503,0.9,1567559912941
tap2,66,207,411,245.77243,405.78864,1.13,1567559914034
tap2,68,207,1032,287.73358,1052.4518,1.05,1567559914851
tap2,69,828,411,887.1785,404.78915,1.0699999,1567559915842
tap2,72,207,963,265.75394,962.49866,1.04,1567559916689
tap2,73,828,342,881.1841,353.8157,1.1,1567559917629
tap2,70,207,342,228.78816,359.8126,1.06,1567559918630
tap2,71,828,963,917.1508,999.47943,0.94,1567559919478
tap2,76,207,894,275.7447,904.5289,0.98999995,1567559920305
tap2,77,828,273,865.1989,289.84903,1.04,1567559921224
tap2,74,207,273,255.76318,306.84018,1.1,1567559922194
tap2,75,828,894,878.1869,923.519,0.97999996,1567559923022
tap2,80,207,825,289.73172,841.56165,0.98999995,1567559923890
tap2,81,828,204,867.197,219.88547,0.96999997,1567559924798
tap2,78,207,204,270.7493,265.8615,1.03,1567559925656
tap2,79,828,825,892.1739,891.53564,0.94,1567559926596
tap2,84,207,756,265.75394,752.608,1.02,1567559927535
tap2,85,828,135,868.1961,162.91515,0.95,1567559928618
tap2,82,207,135,242.7752,172.90994,0.97999996,1567559929650
tap2,83,828,756,904.16284,775.596,0.90999997,1567559930579
tap2,89,621,618,678.3719,643.66473,0.94,1567559931529
tap2,88,0,1239,41.961147,1275.3357,0.62,1567559932580
tap2,87,621,1239,696.3552,1271.3378,0.97999996,1567559933387
tap2,86,0,618,86.91952,641.6658,1.04,1567559934490
tap2,305,483,1515,563.4783,1538.1989,0.78999996,1567559935471
tap2,33,690,549,750.3053,560.70795,1.0,1567559936329
tap2,304,483,549,544.49585,597.68866,0.90999997,1567559937166
tap2,215,690,1515,755.30066,1526.2051,0.91999996,1567559938106
tap2,309,552,618,632.4144,659.65643,0.91999996,1567559938974
tap2,308,345,1584,403.62628,1612.1603,0.89,1567559939995
tap2,307,552,1584,629.41724,1618.1572,0.90999997,1567559941077
tap2,306,345,618,404.62534,641.6658,1.04,1567559941966
tap2,258,345,204,388.64014,209.89067,1.11,1567559942885
tap2,331,483,894,537.5023,900.53094,0.97999996,1567559943784
tap2,330,345,894,385.6429,912.5247,0.93,1567559944631
tap2,264,483,204,512.52545,203.8938,1.11,1567559945561
tap2,223,621,1584,662.38666,1602.1655,0.91999996,1567559946592
tap2,310,414,618,454.5791,620.6767,1.05,1567559947501
tap2,89,621,618,707.34503,623.6752,0.91999996,1567559948318
tap2,311,414,1584,491.54486,1569.1827,0.84,1567559949381
tap2,261,552,204,622.4237,217.8865,0.98999995,1567559950534
tap2,322,345,756,429.60223,790.5882,0.94,1567559951382
tap2,262,414,204,442.5902,221.88443,1.0,1567559952322
tap2,333,552,894,622.4237,895.53357,0.97999996,1567559953159
tap2,312,483,618,543.49677,624.6746,0.91999996,1567559953966
tap2,225,690,1584,745.3099,1612.1603,0.85999995,1567559954957
tap2,93,690,618,756.29974,630.6715,0.89,1567559955804
tap2,313,483,1584,525.5134,1611.1608,0.79999995,1567559956662
tap2,91,690,1239,746.30896,1262.3425,0.88,1567559957622
tap2,90,69,618,108.89917,653.65955,1.03,1567559958572
tap2,93,690,618,701.3506,625.67413,1.0,1567559959461
tap2,92,69,1239,103.90379,1281.3326,0.95,1567559960421
tap2,108,276,963,349.67624,966.4966,0.94,1567559961299
tap2,109,897,342,980.0925,361.81155,0.96999997,1567559962137
tap2,106,276,342,306.716,368.8079,1.09,1567559963046
tap2,107,897,963,929.1397,987.48566,0.84,1567559963965
tap2,100,276,1101,315.70767,1133.4097,0.98999995,1567559964802
tap2,101,897,480,966.10547,510.73398,0.91999996,1567559965691
tap2,99,897,1101,958.11285,1129.4117,0.84999996,1567559966559
tap2,98,276,480,332.69196,487.74594,1.09,1567559967488
tap2,105,897,411,979.09344,419.78134,0.98999995,1567559968520
tap2,104,276,1032,294.7271,1054.4508,0.97999996,1567559969428
tap2,102,276,411,326.6975,440.77042,0.97999996,1567559970419
tap2,103,897,1032,961.1101,1038.4591,0.84,1567559971389
tap2,97,897,549,945.1249,561.70746,0.93,1567559972268
tap2,96,276,1170,328.69565,1198.3759,0.84,1567559973248
tap2,94,276,549,305.71692,551.71265,1.05,1567559974208
tap2,95,897,1170,946.12396,1190.38,0.77,1567559975189
tap2,111,897,894,947.12305,937.5117,0.91999996,1567559976016
tap2,110,276,273,329.69473,270.85892,0.96999997,1567559977027
tap2,112,276,894,342.6827,885.53876,0.91999996,1567559977875
tap2,113,897,273,974.0981,313.83655,0.77,1567559978763
tap2,116,276,825,314.70862,843.5606,0.94,1567559979703
tap2,117,897,204,963.1082,205.89276,1.05,1567559980541
tap2,114,276,204,303.71878,243.87297,1.05,1567559981500
tap2,115,897,825,956.1147,851.55646,0.94,1567559982328
tap2,119,897,756,985.0879,800.583,0.89,1567559983165
tap2,118,276,135,355.6707,173.90942,1.06,1567559984278
tap2,121,897,135,912.1554,152.92035,1.03,1567559985606
tap2,120,276,756,323.7003,789.58875,1.05,1567559986607
tap2,152,0,894,76.92877,920.52057,0.96999997,1567559987680
tap2,213,621,1515,696.3552,1510.2134,0.96999997,1567559988640
tap2,212,0,1515,73.93155,1536.1998,0.91999996,1567559989835
tap2,151,621,894,670.3793,927.5169,0.91999996,1567559990723
tap2,56,69,825,120.88807,850.557,1.1,1567559991724
tap2,205,690,1446,757.2988,1467.2357,0.84,1567559992776
tap2,204,69,1446,139.87048,1468.2352,0.84,1567559993899
tap2,55,690,825,710.3423,870.5466,1.02,1567559994778
tap2,24,138,825,180.83257,842.56116,1.04,1567559995708
tap2,207,759,1446,844.2183,1464.2373,0.9,1567559996810
tap2,206,138,1446,159.85199,1494.2217,0.91999996,1567559997944
tap2,23,759,825,814.2461,844.5601,0.93,1567559998843
tap2,80,207,825,223.79279,886.53827,1.06,1567559999762
tap2,209,828,1446,903.16376,1460.2394,0.89,1567560000835
tap2,208,207,1446,228.78816,1481.2285,0.96,1567560001815
tap2,79,828,825,874.19055,864.5497,0.89,1567560002673
tap2,115,897,825,943.1267,853.5554,0.94,1567560003500
tap2,210,276,1446,328.69565,1469.2347,0.93,1567560004461
tap2,116,276,825,350.6753,848.55804,1.04,1567560005349
tap2,211,897,1446,968.10364,1465.2368,0.79999995,1567560006401
tap2,203,621,1446,688.3626,1473.2327,0.96999997,1567560007290
tap2,156,0,825,47.955597,834.5653,0.78999996,1567560008372
tap2,202,0,1446,72.93247,1451.2441,0.81,1567560009516
tap2,155,621,825,695.35614,839.5627,1.06,1567560010374
tap2,52,69,894,152.85846,907.5273,0.89,1567560011579
tap2,215,690,1515,772.2849,1550.1926,0.9,1567560012672
tap2,51,690,894,765.2914,919.52106,0.94,1567560013541
tap2,214,69,1515,128.88066,1540.1978,0.89,1567560014562
tap2,216,138,1515,205.80943,1536.1998,0.72999996,1567560015471
tap2,19,759,894,838.2239,938.51117,0.97999996,1567560016410
tap2,217,759,1515,815.2451,1585.1743,0.84,1567560017360
tap2,20,138,894,195.8187,920.52057,1.04,1567560018381
tap2,141,621,480,712.34045,488.74542,1.0,1567560019311
tap2,140,0,1101,72.93247,1112.4205,0.93,1567560020383
tap2,138,0,480,56.947273,485.747,0.95,1567560021578
tap2,139,621,1101,693.35803,1104.4248,1.0,1567560022518
tap2,142,0,411,51.951897,420.78082,0.90999997,1567560023600
tap2,143,621,1032,701.3506,1039.4586,0.93,1567560024509
tap2,144,0,1032,42.96022,1052.4518,0.71,1567560025469
tap2,145,621,411,640.40704,413.7845,1.1,1567560026522
tap2,148,0,963,68.93617,970.4945,0.96,1567560027533
tap2,149,621,342,688.3626,371.80634,0.98999995,1567560028452
tap2,147,621,963,657.3913,987.48566,0.98999995,1567560029341
tap2,146,0,342,55.948196,379.8022,0.94,1567560030536
tap2,153,621,273,690.3608,264.86203,1.15,1567560031517
tap2,152,0,894,71.933395,905.5283,1.02,1567560032599
tap2,150,0,273,59.944496,289.84903,1.04,1567560033712
tap2,151,621,894,687.3635,910.52576,1.03,1567560034632
tap2,266,345,273,365.66144,273.85736,1.13,1567560035613
tap2,267,552,1239,621.4246,1268.3394,1.05,1567560036501
tap2,269,552,273,613.432,316.83496,1.05,1567560037369
tap2,268,345,1239,423.6078,1256.3456,1.05,1567560038258
tap2,271,414,1239,474.5606,1273.3368,1.03,1567560039156
tap2,153,621,273,708.3441,320.8329,1.05,1567560039994
tap2,270,414,273,490.5458,300.8433,0.98999995,1567560040934
tap2,87,621,1239,667.3821,1238.355,0.90999997,1567560041823
tap2,91,690,1239,764.2923,1249.3492,0.94,1567560042660
tap2,272,483,273,540.4995,249.86986,1.09,1567560043630
tap2,273,483,1239,563.4783,1268.3394,0.97999996,1567560044539
tap2,53,690,273,722.3312,307.83966,0.83,1567560045520
tap2,277,552,342,613.432,346.81937,1.1,1567560046531
tap2,276,345,1308,421.60962,1322.3113,0.85999995,1567560047481
tap2,274,345,342,409.62073,355.81467,0.98999995,1567560048503
tap2,275,552,1308,627.41907,1329.3076,0.84999996,1567560049503
tap2,183,621,1308,697.3543,1335.3044,0.88,1567560050413
tap2,278,414,342,475.55966,372.80582,0.94,1567560051464
tap2,149,621,342,699.3525,365.80948,0.84999996,1567560052384
tap2,279,414,1308,479.55597,1326.3092,0.89,1567560053395
tap2,281,483,1308,572.4699,1316.3143,0.95,1567560054294
tap2,49,690,342,743.31177,369.80737,1.03,1567560055376
tap2,280,483,342,572.4699,380.80167,0.94,1567560056255
tap2,185,690,1308,758.29785,1372.2853,0.88,1567560057266
tap2,156,0,825,58.94542,857.55334,0.82,1567560058328
tap2,157,621,204,677.3728,218.88599,1.12,1567560059258
tap2,155,621,825,694.35706,867.54816,0.95,1567560060116
tap2,154,0,204,70.93432,221.88443,1.0,1567560061280
tap2,158,0,135,72.93247,154.91931,0.98999995,1567560062301
tap2,159,621,756,681.3691,796.5851,0.93,1567560063292
tap2,160,0,756,57.946346,769.5991,0.84,1567560064303
tap2,161,621,135,643.40424,156.91827,1.06,1567560065315
tap2,162,0,66,52.950974,91.9521,0.93,1567560066490
tap2,163,621,687,698.3534,717.6262,1.01,1567560067470
tap2,164,0,687,37.964848,699.63556,0.74,1567560068430
tap2,165,621,66,651.39685,72.962,0.97999996,1567560069523
tap2,169,897,66,980.0925,86.95471,1.0799999,1567560070596
tap2,168,276,687,319.70398,723.6231,0.90999997,1567560071577
tap2,166,276,66,369.6577,105.94482,1.15,1567560072649
tap2,167,897,687,965.1064,689.6408,0.95,1567560073538
tap2,170,138,618,157.85384,652.66003,1.09,1567560074498
tap2,171,759,1239,802.2572,1274.3363,0.96,1567560075479
tap2,173,759,618,808.25165,664.6538,0.98999995,1567560076337
tap2,172,138,1239,207.80759,1273.3368,0.84999996,1567560077317
tap2,177,828,618,881.1841,656.65796,0.91999996,1567560078124
tap2,176,207,1239,267.75208,1253.3472,0.77,1567560079054
tap2,174,207,618,260.75854,666.6528,1.06,1567560080014
tap2,175,828,1239,899.1674,1284.331,0.88,1567560081168
tap2,133,690,66,758.29785,89.95315,0.93,1567560082486
tap2,249,483,1032,536.50323,1062.4467,0.94,1567560083405
tap2,43,690,1032,759.29694,1063.446,0.9,1567560084314
tap2,248,483,66,544.49585,95.95003,1.09,1567560085479
tap2,251,552,1101,596.44775,1133.4097,0.81,1567560086398
tap2,250,345,135,408.62164,127.933365,1.13,1567560087328
tap2,252,345,1101,398.6309,1144.4039,0.97999996,1567560088217
tap2,253,552,135,578.4644,141.92607,1.17,1567560089167
tap2,254,414,135,489.54672,149.9219,1.12,1567560090055
tap2,139,621,1101,673.3765,1140.406,0.96999997,1567560091026
tap2,161,621,135,687.3635,150.92139,1.04,1567560091894
tap2,255,414,1101,466.568,1128.4122,0.96,1567560092864
tap2,178,276,618,321.70212,644.66425,1.02,1567560093784
tap2,179,897,1239,972.0999,1271.3378,0.88,1567560094805
tap2,181,897,618,978.09436,642.6653,0.96999997,1567560095684
tap2,180,276,1239,313.70953,1262.3425,0.91999996,1567560096613
tap2,132,69,687,146.86401,698.6361,1.09,1567560097512
tap2,185,690,1308,765.2914,1318.3134,0.84999996,1567560098534
tap2,184,69,1308,135.87419,1333.3055,1.01,1567560099504
tap2,131,690,687,768.28864,713.6283,1.01,1567560100403
tap2,127,759,687,812.2479,722.6236,0.9,1567560101322
tap2,187,759,1308,828.2331,1334.305,0.89,1567560102405
tap2,186,138,1308,209.80574,1344.2998,0.91999996,1567560103396
tap2,126,138,66,178.83441,94.95055,0.96999997,1567560104662
tap2,123,828,687,901.1656,704.633,0.84999996,1567560105623
tap2,188,207,1308,271.74838,1318.3134,0.91999996,1567560106593
tap2,124,207,687,267.75208,670.6507,1.03,1567560107696
tap2,189,828,1308,879.1859,1351.2961,0.96,1567560108779
tap2,317,552,687,611.43384,704.633,0.96999997,1567560109698
tap2,316,345,1653,394.6346,1677.1265,0.93,1567560110710
tap2,314,345,687,393.63553,677.64703,1.0,1567560111599
tap2,315,552,1653,635.4117,1678.126,0.87,1567560112681
tap2,266,345,273,386.642,296.8454,1.13,1567560113672
tap2,335,483,963,570.4718,966.4966,1.0,1567560114561
tap2,272,483,273,558.4829,256.8662,1.0799999,1567560115481
tap2,334,345,963,423.6078,973.4929,0.97999996,1567560116349
tap2,318,414,687,494.54208,697.63666,0.96999997,1567560117166
tap2,233,621,1653,699.3525,1669.1306,0.83,1567560118086
tap2,163,621,687,688.3626,712.62885,0.91999996,1567560118882
tap2,319,414,1653,461.57263,1684.1228,0.90999997,1567560119771
tap2,269,552,273,607.43756,255.86673,0.96999997,1567560120854
tap2,336,414,963,483.55228,970.4945,0.89,1567560121692
tap2,337,552,963,615.4302,999.47943,0.88,1567560122498
tap2,270,414,273,466.568,275.85632,1.1,1567560123459
tap2,168,276,687,378.6494,682.6444,1.0699999,1567560124256
tap2,191,897,1308,931.1378,1385.2784,0.84999996,1567560125297
tap2,167,897,687,978.09436,704.633,1.0,1567560126135
tap2,190,276,1308,334.6901,1339.3024,0.97999996,1567560127024
tap2,192,0,1377,75.929695,1413.2639,0.93,1567560128178
tap2,160,0,756,79.925995,767.6002,0.90999997,1567560129169
tap2,193,621,1377,672.37744,1418.2612,0.95,1567560130201
tap2,159,621,756,714.33856,759.6044,0.95,1567560131008
tap2,194,69,1377,142.86772,1414.2634,0.84999996,1567560131999
tap2,59,690,756,765.2914,760.6038,0.87,1567560132837
tap2,60,69,756,151.85939,765.60126,0.97999996,1567560133695
tap2,195,690,1377,757.2988,1379.2816,0.89,1567560134676
tap2,28,138,756,219.79648,758.60486,1.0799999,1567560135513
tap2,197,759,1377,819.24146,1419.2607,0.94,1567560136617
tap2,27,759,756,783.2748,795.58563,1.0,1567560137424
tap2,196,138,1377,170.84181,1397.2722,0.89,1567560138374
tap2,84,207,756,231.78539,758.60486,1.12,1567560139262
tap2,199,828,1377,899.1674,1390.2759,0.89,1567560140488
tap2,83,828,756,901.1656,749.60956,0.98999995,1567560141295
tap2,198,207,1377,231.78539,1397.2722,0.84999996,1567560142194
tap2,200,276,1377,296.72525,1412.2644,0.95,1567560143073
tap2,119,897,756,950.12024,761.60333,1.01,1567560143982
tap2,120,276,756,336.68826,753.6075,1.03,1567560144871
tap2,201,897,1377,958.11285,1385.2784,0.89,1567560145862
tap2,242,345,66,408.62164,84.95575,0.96,1567560147721
tap2,347,966,687,1024.0518,693.63873,0.75,1567560148752
tap2,338,966,66,1030.0463,83.95627,0.84,1567560149886
tap2,314,345,687,393.63553,723.6231,1.05,1567560150775
tap2,322,345,756,435.59668,741.6137,1.03,1567560151624
tap2,339,966,135,1013.062,155.9188,1.02,1567560152605
tap2,348,966,756,1036.0406,796.5851,0.71999997,1567560153472
tap2,250,345,135,387.64108,170.91098,1.09,1567560154514
tap2,258,345,204,412.61795,216.88704,1.0799999,1567560155444
tap2,349,966,825,1035.0416,878.5424,0.72999996,1567560156374
tap2,340,966,204,987.08606,249.86986,1.0799999,1567560157303
tap2,326,345,825,389.63922,847.55853,1.02,1567560158192
tap2,330,345,894,377.65033,926.5174,1.02,1567560159061
tap2,341,966,273,1051.0269,300.8433,0.66999996,1567560159949
tap2,266,345,273,386.642,331.82718,1.14,1567560160889
tap2,350,966,894,1024.0518,918.5216,0.78,1567560161726
tap2,76,207,894,275.7447,905.5283,0.98999995,1567560162575
tap2,219,828,1515,909.1582,1528.204,0.75,1567560163524
tap2,218,207,1515,265.75394,1531.2025,1.0,1567560164515
tap2,75,828,894,904.16284,966.4966,0.85999995,1567560165353
tap2,220,276,1515,337.68732,1534.2009,0.76,1567560166262
tap2,111,897,894,930.1388,947.5065,0.91999996,1567560167120
tap2,112,276,894,313.70953,940.51013,0.97999996,1567560167978
tap2,221,897,1515,953.1175,1546.1947,0.81,1567560169030
tap2,225,690,1584,755.30066,1600.1665,0.87,1567560169889
tap2,48,69,963,129.87975,947.5065,1.0,1567560170777
tap2,47,690,963,736.31824,976.4914,1.02,1567560171574
tap2,224,69,1584,121.887146,1627.1525,0.84999996,1567560173259
tap2,165,621,66,702.3497,81.95731,1.05,1567560174332
tap2,247,414,1032,492.54395,1031.4628,0.94,1567560175211
tap2,143,621,1032,673.3765,1062.4467,1.04,1567560176069
tap2,246,414,66,455.5782,85.95523,1.09,1567560177284
tap2,15,759,963,837.2248,967.4961,0.93,1567560178142
tap2,226,138,1584,186.82701,1625.1536,0.95,1567560179144
tap2,227,759,1584,829.2322,1627.1525,0.85999995,1567560179961
tap2,16,138,963,161.85014,967.4961,1.0799999,1567560180890
tap2,72,207,963,268.75116,983.48773,1.0,1567560181820
tap2,229,828,1584,904.16284,1618.1572,0.84999996,1567560182729
tap2,71,828,963,927.14154,963.49817,0.88,1567560183506
tap2,228,207,1584,273.74652,1616.1582,0.90999997,1567560184721
tap2,242,345,66,376.65125,84.95575,1.04,1567560185998
tap2,243,552,1032,617.4283,1054.4508,0.90999997,1567560186836
tap2,244,345,1032,418.6124,1047.4545,0.95,1567560187622
tap2,245,552,66,590.4533,66.96512,1.13,1567560188633
tap2,148,0,963,77.92784,958.50073,1.05,1567560189522
tap2,223,621,1584,682.36816,1620.1561,0.85999995,1567560190401
tap2,147,621,963,707.34503,1016.4706,0.85999995,1567560191198
tap2,222,0,1584,72.93247,1602.1655,0.88,1567560192199
tap2,252,345,1101,384.64386,1134.4092,1.05,1567560193047
tap2,344,966,480,1007.0675,485.747,0.98999995,1567560193894
tap2,290,345,480,392.63644,496.74127,1.1,1567560194630
tap2,353,966,1101,1005.0694,1086.4341,0.94,1567560195498
tap2,345,966,549,1049.0287,552.7121,0.66999996,1567560196489
tap2,260,345,1170,411.61887,1169.3909,1.0799999,1567560197419
tap2,354,966,1170,999.07495,1219.3649,0.97999996,1567560198399
tap2,298,345,549,391.6374,559.7085,1.2099999,1567560199247
tap2,346,966,618,988.0851,589.6929,1.0,1567560200013
tap2,268,345,1239,411.61887,1221.3639,1.0699999,1567560200974
tap2,355,966,1239,1022.05365,1247.3503,0.84999996,1567560202015
tap2,306,345,618,397.63184,630.6715,1.01,1567560202874
tap2,314,345,687,391.6374,693.63873,1.0699999,1567560203772
tap2,356,966,1308,1048.0297,1315.315,0.64,1567560204702
tap2,347,966,687,998.07587,678.64655,1.02,1567560205519
tap2,276,345,1308,394.6346,1294.3258,1.12,1567560206347
tap2,257,483,1101,514.5236,1120.4164,0.94,1567560207542
tap2,61,690,135,749.3062,156.91827,1.0699999,1567560208482
tap2,39,690,1101,790.26825,1088.4331,0.85999995,1567560209268
tap2,256,483,135,538.5014,147.92296,1.0699999,1567560210219
tap2,258,345,204,393.63553,229.88026,1.09,1567560211179
tap2,259,552,1170,628.41815,1183.3837,0.98999995,1567560211955
tap2,260,345,1170,397.63184,1193.3784,1.1,1567560212711
tap2,261,552,204,624.4218,206.89224,0.93,1567560213600
tap2,157,621,204,695.35614,191.90005,1.06,1567560214437
tap2,263,414,1170,485.5504,1179.3857,1.01,1567560215255
tap2,262,414,204,473.56152,229.88026,1.11,1567560216184
tap2,135,621,1170,716.33673,1211.369,0.93,1567560216950
tap2,244,345,1032,392.63644,1105.4242,0.97999996,1567560217768
tap2,361,966,1653,1036.0406,1665.1327,0.68,1567560218769
tap2,352,966,1032,1006.0685,1062.4467,0.90999997,1567560219596
tap2,316,345,1653,391.6374,1687.1212,0.85999995,1567560220740
tap2,282,345,411,423.6078,396.79333,1.11,1567560221670
tap2,283,552,1377,619.42645,1376.2832,1.0,1567560222548
tap2,284,345,1377,383.64478,1408.2665,1.05,1567560223386
tap2,285,552,411,641.4061,454.76312,0.91999996,1567560224254
tap2,145,621,411,687.3635,405.78864,1.06,1567560225051
tap2,287,414,1377,483.55228,1399.2711,1.0,1567560225981
tap2,193,621,1377,695.35614,1392.2748,1.05,1567560226890
tap2,286,414,411,468.56613,434.77356,1.0699999,1567560227881
tap2,288,483,411,555.48566,414.78397,0.98999995,1567560228831
tap2,195,690,1377,753.3025,1422.2592,1.06,1567560229832
tap2,289,483,1377,549.4912,1409.266,1.06,1567560230721
tap2,45,690,411,757.2988,401.7907,1.11,1567560231681
tap2,31,690,1170,735.31915,1206.3717,1.02,1567560232529
tap2,264,483,204,553.4875,215.88756,1.03,1567560233458
tap2,57,690,204,760.296,217.8865,1.03,1567560234377
tap2,265,483,1170,565.47644,1187.3816,1.0799999,1567560235236
tap2,300,345,1515,400.62906,1581.1764,1.01,1567560236032
tap2,350,966,894,1038.0388,950.50494,0.74,1567560236798
tap2,330,345,894,419.61148,928.51636,1.14,1567560237575
tap2,359,966,1515,1038.0388,1534.2009,0.64,1567560238473
tap2,351,966,963,1023.05273,981.4888,0.84,1567560239270
tap2,308,345,1584,415.61517,1609.1619,0.87,1567560240159
tap2,360,966,1584,996.0777,1611.1608,0.94,1567560241160
tap2,334,345,963,386.642,956.5018,1.16,1567560242008
tap2,137,621,549,705.3469,596.6892,1.0,1567560242825
tap2,303,414,1515,494.54208,1498.2196,1.06,1567560243693
tap2,213,621,1515,702.3497,1517.2097,1.04,1567560244561
tap2,302,414,549,466.568,550.71313,1.15,1567560245481
tap2,254,414,135,472.56244,147.92296,1.09,1567560246369
tap2,329,552,825,650.39777,821.5721,1.0,1567560247289
tap2,253,552,135,604.4403,163.91463,1.01,1567560248228
tap2,328,414,825,482.5532,846.5591,1.1,1567560249066
tap2,334,345,963,422.6087,953.50336,1.11,1567560249945
tap2,342,966,342,1036.0406,354.8152,0.82,1567560250884
tap2,274,345,342,412.61795,384.79956,1.06,1567560251743
tap2,351,966,963,1024.0518,995.4815,0.88,1567560252672
tap2,282,345,411,412.61795,425.77823,1.14,1567560253531
tap2,352,966,1032,991.08234,1086.4341,1.02,1567560254583
tap2,343,966,411,1001.07306,439.77094,1.06,1567560255430
tap2,244,345,1032,409.62073,1026.4653,1.14,1567560256248
tap2,322,345,756,383.64478,813.57623,1.13,1567560257106
tap2,357,966,1377,1038.0388,1436.252,0.76,1567560258148
tap2,348,966,756,1028.0481,760.6038,0.84999996,1567560258883
tap2,284,345,1377,410.6198,1400.2706,1.03,1567560259844
tap2,292,345,1446,390.6383,1473.2327,1.1,1567560260702
tap2,349,966,825,999.07495,823.57104,1.0,1567560261498
tap2,326,345,825,416.61426,870.5466,1.14,1567560262326
tap2,358,966,1446,1006.0685,1445.2472,0.91999996,1567560263511
tap2,131,690,687,746.30896,737.6158,1.02,1567560264277
tap2,321,483,1653,539.5005,1661.1348,1.0699999,1567560265125
tap2,320,483,687,543.49677,691.6398,1.16,1567560265932
tap2,235,690,1653,762.2942,1638.1467,0.96,1567560266892
tap2,362,0,1722,94.91212,1717.1056,0.96999997,1567560268342
tap2,139,621,1101,653.395,1136.4081,0.97999996,1567560269139
tap2,140,0,1101,121.887146,1128.4122,1.11,1567560270008
tap2,371,621,1722,683.36725,1755.0858,0.90999997,1567560270947
tap2,39,690,1101,788.27014,1106.4237,0.96999997,1567560271805
tap2,363,69,1722,162.84921,1703.1129,0.96999997,1567560272806
tap2,372,690,1722,766.29047,1692.1187,0.94,1567560273889
tap2,40,69,1101,121.887146,1147.4023,1.06,1567560274860
tap2,136,0,1170,72.93247,1202.3738,1.01,1567560275759
tap2,386,621,1791,699.3525,1839.0421,0.95,1567560276903
tap2,135,621,1170,691.35986,1188.381,0.98999995,1567560277700
tap2,377,0,1791,107.90009,1773.0765,0.53999996,1567560278823
tap2,31,690,1170,754.3016,1210.3696,0.95,1567560279600
tap2,378,69,1791,133.87604,1819.0525,0.79999995,1567560280693
tap2,32,69,1170,155.85568,1200.3748,1.06,1567560281612
tap2,387,690,1791,764.2923,1814.0552,0.93,1567560282511
tap2,8,138,1101,167.84459,1176.3873,1.04,1567560283308
tap2,373,759,1722,820.24054,1733.0973,1.02,1567560284238
tap2,7,759,1101,860.2035,1116.4185,0.97999996,1567560285004
tap2,364,138,1722,189.82423,1775.0754,0.96,1567560286219
tap2,374,828,1722,873.19147,1748.0895,0.96,1567560287139
tap2,64,207,1101,267.75208,1127.4127,1.0699999,1567560287997
tap2,365,207,1722,266.75302,1763.0817,0.95,1567560288814
tap2,63,828,1101,926.14246,1112.4205,1.0699999,1567560289570
tap2,379,138,1791,211.8039,1809.0577,1.01,1567560290346
tap2,3,759,1170,817.2433,1190.38,1.09,1567560291061
tap2,4,138,1170,197.81683,1184.383,1.05,1567560291817
tap2,388,759,1791,811.24884,1847.038,0.90999997,1567560292849
tap2,380,207,1791,266.75302,1817.0536,1.03,1567560293615
tap2,35,828,1170,892.1739,1189.3805,1.06,1567560294412
tap2,389,828,1791,903.16376,1828.0479,0.78,1567560295280
tap2,36,207,1170,293.72803,1171.3899,1.12,1567560296128
tap2,100,276,1101,324.69934,1124.4143,0.96999997,1567560296986
tap2,375,897,1722,978.09436,1723.1025,0.9,1567560297957
tap2,99,897,1101,972.0999,1145.4034,0.96999997,1567560298815
tap2,366,276,1722,363.66327,1767.0796,1.01,1567560299714
tap2,368,414,1722,471.56335,1758.0842,0.94,1567560300714
tap2,159,621,756,691.35986,785.5908,1.0799999,1567560301654
tap2,371,621,1722,703.34875,1742.0927,0.95,1567560302594
tap2,324,414,756,499.53748,781.5929,1.17,1567560303565
tap2,96,276,1170,352.67346,1221.3639,1.06,1567560304443
tap2,390,897,1791,966.10547,1844.0396,0.83,1567560305250
tap2,95,897,1170,948.12213,1233.3575,0.93,1567560306098
tap2,381,276,1791,311.71136,1817.0536,1.01,1567560306956
tap2,385,552,1791,618.42737,1826.0488,0.96,1567560307896
tap2,326,345,825,409.62073,843.5606,1.03,1567560308775
tap2,382,345,1791,406.6235,1795.0651,0.95,1567560309633
tap2,329,552,825,650.39777,812.5768,1.0799999,1567560310481
tap2,323,483,756,561.4801,774.59656,1.1,1567560311349
tap2,372,690,1722,763.2933,1755.0858,0.96999997,1567560312289
tap2,59,690,756,746.30896,739.61475,1.0699999,1567560313218
tap2,369,483,1722,574.4681,1733.0973,0.96999997,1567560314076
tap2,353,966,1101,1011.06384,1142.405,0.90999997,1567560314965
tap2,367,345,1722,419.61148,1745.0911,1.01,1567560315946
tap2,252,345,1101,426.605,1103.4253,1.06,1567560316804
tap2,376,966,1722,1026.0499,1754.0864,0.65999997,1567560317968
tap2,383,414,1791,495.54117,1838.0426,0.90999997,1567560318806
tap2,155,621,825,698.3534,803.5814,1.16,1567560319582
tap2,328,414,825,496.54025,844.5601,1.1,1567560320390
tap2,386,621,1791,690.3608,1768.0791,0.9,1567560321339
tap2,55,690,825,769.2877,862.5507,1.02,1567560322115
tap2,384,483,1791,531.5079,1823.0504,0.94,1567560323055
tap2,327,483,825,542.4977,838.56323,1.03,1567560323822
tap2,387,690,1791,749.3062,1800.0624,0.91999996,1567560324710
tap1,2,288,642,380.64755,709.6304,0.7,1567560531043
tap1,3,576,930,685.3654,990.4841,0.79999995,1567560531802
tap1,4,576,642,664.3848,731.61896,0.71,1567560532527
tap1,5,288,930,397.63184,965.49713,0.84999996,1567560533221
tap1,9,288,786,364.66235,862.5507,0.88,1567560533998
tap1,17,576,1074,700.3515,1140.406,0.68,1567560534713
tap1,16,288,1074,373.65402,1120.4164,0.83,1567560535458
tap1,7,576,786,663.38574,856.55383,0.96,1567560536204
tap1,4,576,642,706.346,709.6304,0.9,1567560536929
tap1,10,288,354,420.61053,417.7824,0.85999995,1567560537766
tap1,2,288,642,391.6374,734.6174,0.79999995,1567560538532
tap1,11,576,354,671.37836,432.7746,0.9,1567560539656
tap1,4,576,642,677.3728,728.6205,0.93,1567560540371
tap1,18,288,1218,374.6531,1283.3315,0.90999997,1567560541157
tap1,2,288,642,408.62164,665.65326,0.81,1567560541954
tap1,19,576,1218,682.36816,1267.3398,0.89,1567560542710
tap1,13,576,210,712.34045,276.8558,0.83,1567560543619
tap1,6,288,498,370.6568,608.683,0.76,1567560544446
tap1,12,288,210,387.64108,246.87141,0.98999995,1567560545284
tap1,8,576,498,672.37744,582.6965,0.71,1567560546080
tap1,19,576,1218,701.3506,1285.3306,0.82,1567560546826
tap1,22,288,1506,381.64664,1577.1785,0.66999996,1567560547622
tap1,18,288,1218,373.65402,1283.3315,0.9,1567560548429
tap1,23,576,1506,686.3645,1586.1738,0.82,1567560549215
tap1,14,288,66,396.63275,166.91306,0.75,1567560550380
tap1,11,576,354,684.36633,407.7876,0.81,1567560551166
tap1,10,288,354,389.63922,435.773,0.78,1567560552004
tap1,15,576,66,666.383,140.92659,0.83,1567560553045
tap1,17,576,1074,693.35803,1148.4019,0.84,1567560553914
tap1,20,288,1362,377.65033,1454.2426,0.85999995,1567560554700
tap1,21,576,1362,678.3719,1450.2446,1.02,1567560555364
tap1,16,288,1074,387.64108,1155.3982,0.93,1567560556120
tap1,9,288,786,416.61426,841.56165,0.98999995,1567560556916
tap1,8,576,498,673.3765,574.7007,0.93,1567560557713
tap1,6,288,498,387.64108,587.6939,0.79999995,1567560558500
tap1,7,576,786,733.321,883.5398,0.83,1567560559296
tap1,24,144,66,273.74652,165.91359,0.84,1567560560277
tap1,26,432,354,522.5162,407.7876,0.89,1567560561053
tap1,27,144,354,226.79001,415.78345,1.03,1567560561890
tap1,25,432,66,537.5023,115.93961,0.78999996,1567560562932
tap1,66,720,1506,844.2183,1572.1812,0.7,1567560563862
tap1,41,432,1218,548.4921,1335.3044,0.88,1567560564628
tap1,42,432,1506,521.5171,1551.192,0.78999996,1567560565333
tap1,65,720,1218,818.2424,1292.3269,0.95,1567560566058
tap1,36,144,786,236.78076,864.5497,0.84,1567560566844
tap1,38,432,1074,558.4829,1122.4154,0.95,1567560567549
tap1,39,144,1074,215.80019,1156.3977,0.84999996,1567560568295
tap1,37,432,786,518.5199,858.5528,0.88,1567560569051
tap1,16,288,1074,390.6383,1133.4097,0.98999995,1567560569766
tap1,56,0,1362,144.86586,1413.2639,0.91999996,1567560570491
tap1,20,288,1362,388.64014,1414.2634,0.97999996,1567560571267
tap1,53,0,1074,117.89084,1170.3904,0.65,1567560572054
tap1,59,720,210,854.20905,281.85318,1.02,1567560572851
tap1,30,432,498,519.519,576.69965,0.68,1567560573657
tap1,29,432,210,551.4894,271.8584,0.77,1567560574454
tap1,60,720,498,791.26733,591.69183,0.85999995,1567560575190
tap1,33,432,642,554.4866,689.6408,1.05,1567560575956
tap1,62,720,930,826.235,1041.4575,0.93,1567560576681
tap1,61,720,642,858.2054,685.6429,0.95,1567560577488
tap1,34,432,930,562.4792,999.47943,0.96,1567560578233
tap1,6,288,498,391.6374,556.71,0.71999997,1567560579101
tap1,48,0,210,126.882515,314.83603,0.76,1567560580020
tap1,12,288,210,398.6309,257.8657,0.84999996,1567560580837
tap1,49,0,498,142.86772,587.6939,0.82,1567560581655
tap1,51,0,930,79.925995,980.4893,0.72999996,1567560582482
tap1,2,288,642,377.65033,678.64655,0.79999995,1567560583340
tap1,5,288,930,387.64108,1004.4768,0.84,1567560584116
tap1,50,0,642,114.893616,729.62,0.84999996,1567560584984
tap1,37,432,786,539.5005,875.54395,0.90999997,1567560585770
tap1,64,720,1074,835.2266,1135.4086,0.90999997,1567560586547
tap1,38,432,1074,513.52454,1139.4065,0.97999996,1567560587313
tap1,63,720,786,836.2257,855.5544,0.94,1567560588130
tap1,29,432,210,515.52264,310.8381,0.69,1567560589069
tap1,31,144,498,236.78076,558.709,0.94,1567560589917
tap1,28,144,210,262.7567,279.85425,0.84999996,1567560590847
tap1,30,432,498,560.481,570.70276,0.83,1567560591623
tap1,42,432,1506,543.49677,1588.1727,0.65999997,1567560592481
tap1,40,144,1218,219.79648,1304.3207,0.71999997,1567560593257
tap1,41,432,1218,564.47736,1277.3347,0.88,1567560593951
tap1,43,144,1506,278.7419,1565.1848,0.71,1567560594830
tap1,45,144,1362,211.8039,1452.2435,0.9,1567560595576
tap1,82,432,1650,536.50323,1725.1014,0.77,1567560596331
tap1,80,144,1650,263.7558,1736.0957,0.83,1567560597108
tap1,44,432,1362,497.5393,1424.2582,1.01,1567560597813
tap1,57,720,66,806.2535,142.92555,0.84,1567560598814
tap1,26,432,354,527.5116,481.74908,0.94,1567560599559
tap1,58,720,354,837.2248,418.78186,0.91999996,1567560600356
tap1,25,432,66,549.4912,131.93129,0.9,1567560601204
tap1,64,720,1074,835.2266,1172.3894,0.59,1567560602031
tap1,44,432,1362,525.5134,1427.2566,0.95,1567560602767
tap1,38,432,1074,541.4986,1137.4076,0.98999995,1567560603482
tap1,67,720,1362,844.2183,1451.2441,0.90999997,1567560604207
tap1,9,288,786,402.6272,817.57416,1.04,1567560604994
tap1,53,0,1074,116.89177,1172.3894,0.93,1567560605780
tap1,16,288,1074,387.64108,1154.3987,0.84999996,1567560606516
tap1,52,0,786,115.89269,870.5466,0.96,1567560607292
tap1,74,864,786,930.1388,884.5393,0.83,1567560608150
tap1,17,576,1074,687.3635,1132.4102,0.96999997,1567560608906
tap1,75,864,1074,923.14526,1135.4086,0.96999997,1567560609610
tap1,7,576,786,665.3839,892.5351,0.95,1567560610315
tap1,38,288,66,385.6429,113.94065,0.79999995,1567560611235
tap1,45,0,354,101.90564,440.77042,1.04,1567560612103
tap1,44,0,66,74.93062,171.91046,0.84999996,1567560613043
tap1,39,288,354,417.6133,422.7798,0.94,1567560613809
tap1,14,288,1506,369.6577,1601.166,0.78999996,1567560614656
tap1,47,0,1794,122.886215,1841.0411,0.76,1567560615443
tap1,46,0,1506,132.87697,1587.1733,0.74,1567560616189
tap1,10,288,1794,395.63367,1882.0198,0.59999996,1567560616955
tap1,22,864,210,952.1184,299.8438,0.48999998,1567560617854
tap1,86,576,498,668.3811,527.72516,0.71999997,1567560618692
tap1,55,576,210,689.3617,252.86829,0.90999997,1567560619447
tap1,88,864,498,966.10547,577.6991,0.85999995,1567560620255
tap1,70,864,1362,989.08417,1435.2524,0.75,1567560621102
tap1,8,576,1650,650.39777,1744.0916,0.81,1567560621848
tap1,13,576,1362,671.37836,1464.2373,0.74,1567560622573
tap1,71,864,1650,952.1184,1712.1083,0.69,1567560623370
tap1,78,576,1218,682.36816,1300.3228,0.93,1567560624116
tap1,83,864,1506,990.08325,1591.1713,0.83,1567560624831
tap1,21,864,1218,974.0981,1329.3076,0.77,1567560625546
tap1,85,576,1506,689.3617,1541.1973,0.85999995,1567560626261
tap1,19,576,66,679.371,122.93597,0.72999996,1567560627282
tap1,77,864,354,967.10455,416.78293,0.9,1567560628028
tap1,76,576,354,724.32935,437.77197,0.91999996,1567560628846
tap1,23,864,66,942.1277,101.9469,0.90999997,1567560629887
tap1,15,576,1362,690.3608,1423.2587,0.65999997,1567560630868
tap1,69,864,1074,930.1388,1175.3878,0.83,1567560631603
tap1,11,576,1074,660.38855,1167.392,0.9,1567560632329
tap1,68,864,1362,986.087,1442.2488,0.76,1567560633064
tap1,21,0,1218,73.93155,1289.3285,0.66999996,1567560633912
tap1,75,288,1506,391.6374,1499.2191,0.85999995,1567560634688
tap1,17,288,1218,381.64664,1294.3258,1.0,1567560635434
tap1,78,0,1506,97.90935,1563.1858,0.77,1567560636200
tap1,54,576,642,715.33765,733.61786,0.9,1567560636987
tap1,22,864,930,995.0786,997.48047,0.78,1567560637712
tap1,18,864,642,955.11566,695.6377,0.96,1567560638458
tap1,55,576,930,700.3515,990.4841,0.85999995,1567560639224
tap1,4,576,1794,660.38855,1861.0306,0.68,1567560640133
tap1,73,864,1506,964.1073,1544.1957,0.75,1567560640961
tap1,72,576,1506,704.34784,1589.1722,0.74,1567560641798
tap1,3,864,1794,1000.07404,1837.0432,0.62,1567560642575
tap1,90,720,1362,820.24054,1430.255,0.79999995,1567560643229
tap1,77,432,1650,541.4986,1668.1311,0.97999996,1567560643933
tap1,23,720,1650,826.235,1700.1145,0.89,1567560644659
tap1,92,432,1362,544.49585,1445.2472,1.0,1567560645353
tap1,67,432,1074,533.50604,1158.3966,0.91999996,1567560646068
tap1,82,144,1362,248.76965,1415.2628,0.95,1567560646763
tap1,84,432,1362,549.4912,1445.2472,1.0,1567560647396
tap1,44,144,1074,285.73544,1167.392,0.82,1567560648173
tap1,38,432,1506,566.47546,1556.1895,0.82,1567560648939
tap1,45,144,1794,220.79556,1866.0281,0.75,1567560649725
tap1,44,432,1794,521.5171,1870.026,0.77,1567560650389
tap1,39,144,1506,274.7456,1534.2009,1.0799999,1567560651145
tap1,42,432,1506,558.4829,1599.1671,1.03,1567560651891
tap1,87,720,1794,853.21,1879.0212,0.71999997,1567560652658
tap1,89,432,1794,539.5005,1847.038,0.95,1567560653413
tap1,43,720,1506,795.2637,1556.1895,0.85999995,1567560654281
tap1,42,0,1362,65.93895,1434.2529,0.89,1567560655098
tap1,91,288,1650,416.61426,1689.1202,0.78999996,1567560655844
tap1,89,288,1362,384.64386,1468.2352,0.83,1567560656672
tap1,66,0,1650,121.887146,1713.1077,0.42999998,1567560657519
tap1,56,432,642,556.48474,693.63873,0.96,1567560658377
tap1,81,144,930,245.77243,1031.4628,0.84,1567560659164
tap1,20,432,930,552.48846,988.48517,0.90999997,1567560659900
tap1,79,144,642,254.76411,704.633,0.95,1567560660707
drag1,2,94.958664,645.6637,0.7,838.949846,264.9518532409155
drag1,2,373.65402,596.6892,0.68,2441.91477,82.07021215081832
drag1,3,641.4061,906.52783,0.75,2381.271923,56.1432905281335
drag1,4,658.3904,658.1572,0.69,3231.7259999999997,70.56351597389148
drag1,5,412.61795,934.51324,0.84,2763.090077,67.85567702977524
drag1,9,402.6272,812.5768,0.66999996,1870.8864609999998,69.895981727115
drag1,17,669.3802,1040.4581,0.65,2556.5102309999997,76.55925136082085
drag1,16,408.62164,1078.4382,0.78,1747.368231,77.05642735218218
drag1,7,686.3645,809.5783,0.59999996,2222.101231,54.8949910048058
drag1,4,727.32654,648.6621,0.71,1879.399385,69.5188090914174
drag1,10,395.63367,410.78604,0.65999997,2782.917539,66.11508249289366
drag1,2,403.62628,656.65796,0.64,1688.2022299999999,56.02042531031769
drag1,11,683.36505,398.7923,0.71,2432.371385,72.22248461637581
drag1,4,673.41016,638.66736,0.63,1305.976154,56.12391569279199
drag1,18,379.64847,1218.3654,0.62,1657.4092309999999,56.27088286628757
drag1,2,416.61426,672.64966,0.66999996,1636.7209229999999,58.8770466582466
drag1,19,670.3793,1197.3763,0.65,2504.207538,56.333094586496244
drag1,13,688.3626,1218.3654,0.59,266.14615399999997,923.0834153677222
drag1,6,417.6133,493.74283,0.64,2361.062692,74.77921668074104
drag1,12,405.62442,228.88078,0.63,2022.8473079999999,69.00024777956097
drag1,8,666.383,458.76105,0.58,2407.0223069999997,79.29507867864365
drag1,19,647.4006,1221.3639,0.63,1933.966,55.43404912425555
drag1,22,403.62628,1517.2926,0.66999996,1746.913693,38.819494690997146
drag1,18,405.62442,1208.979,0.55,1521.3037689999999,76.35157454144856
drag1,23,702.6096,1472.4932,0.66999996,1982.4204619999998,71.70408810909926
drag1,14,400.62906,77.9594,0.65,2921.057539,61.233927467857
drag1,11,669.3802,349.81778,0.61,2637.9261539999998,57.577614705124226
drag1,10,402.6272,350.81726,0.81,1931.613308,71.23391376454109
drag1,15,681.3691,72.962,0.74,2821.494308,81.9468572800809
drag1,17,677.3728,1138.4071,0.84999996,1952.7446149999998,15.21572363026857
drag1,20,393.63553,1348.4993,0.68,2072.302769,62.9458244156096
drag1,21,626.42,1339.3024,0.78,2149.969615,64.04855638406889
drag1,16,391.6374,1100.4269,0.71999997,2209.359923,60.87870463808152
drag1,24,261.75763,76.959915,0.78999996,2656.572539,79.53808162766553
drag1,26,548.4921,318.83392,0.83,1932.249539,59.76017115882184
drag1,27,258.7604,389.79697,0.69,1584.879923,58.35486014762208
drag1,25,501.5356,95.95003,0.72999996,2658.215769,84.81919889327142
drag1,66,820.24054,1506.2155,0.64,3020.2280769999998,59.9060130455724
drag1,41,754.3016,1483.2274,0.59,277.450231,274.54855613982545
drag1,42,538.5014,1498.35,0.62,1725.002307,67.98009914016484
drag1,65,801.2581,1278.3342,0.7,1993.2852309999998,47.84482733726964
drag1,36,264.75485,808.57886,0.64,2234.8753079999997,68.81962745644303
drag1,38,513.52454,1068.4435,0.69,2397.380462,58.77302878214541
drag1,39,259.36697,1067.444,0.76,1758.851846,71.31500778466916
drag1,37,526.5125,806.5799,0.65,1830.2056929999999,72.34233760889127
drag1,16,411.61887,1057.4492,0.64,1370.590385,41.698688403929054
drag1,56,143.86679,1346.2988,0.59999996,2040.2999229999998,68.0390164209469
drag1,20,360.66605,1356.2936,0.65,2171.480615,58.782454925235996
drag1,53,119.77723,1033.4617,0.63,1816.960308,64.87407546401974
drag1,59,808.25165,253.86777,0.61,2998.265692,55.15305385974912
drag1,30,528.5106,541.71783,0.66999996,1534.973154,40.68218963873126
drag1,29,570.4718,235.87714,0.66999996,1358.012307,89.35030379033738
drag1,60,807.25256,480.7496,0.77,2047.280231,59.1567612327802
drag1,33,549.4912,642.95276,0.77,1544.138616,56.973993194980004
drag1,62,787.27106,905.5283,0.64,1576.376154,68.14738055477368
drag1,61,826.235,667.5141,0.71,1493.808385,49.97372086112632
drag1,34,539.5005,933.5138,0.62,1462.37,53.41818939665532
drag1,6,415.61517,549.7137,0.68,2039.8961539999998,68.00904005940501
drag1,48,344.68085,469.7553,0.64,314.829539,269.35413640063206
drag1,12,414.6161,251.8688,0.61,2429.711307,60.26247336811276
drag1,49,107.90009,503.7376,0.56,1818.6200769999998,53.70406744901505
drag1,51,97.90935,875.54395,0.81,2160.5335379999997,71.70495713151811
drag1,2,225.79094,886.53827,0.55,215.90838499999998,233.54629442074636
drag1,5,380.76807,924.51843,0.59999996,1837.349231,57.95933872028615
drag1,50,132.87697,621.6762,0.63,2179.714,73.32624138165274
drag1,37,523.51526,759.6044,0.7,2620.479385,67.04489219255058
drag1,64,821.2396,1065.4451,0.68,2074.5517689999997,57.51592810794335
drag1,38,531.37616,1058.4487,0.69,1982.162693,64.96759084511628
drag1,63,818.2424,793.5867,0.71,1818.698385,70.79029092984779
drag1,29,548.4921,253.36803,0.84,2983.358077,66.20670655345702
drag1,31,249.76874,492.74335,0.63,1477.3527689999999,51.704140708109485
drag1,28,239.77798,241.87402,0.63,1779.7111539999999,73.80426062493895
drag1,30,533.50604,467.75638,0.64,2048.020462,68.35901377667628
drag1,42,536.50323,1499.2191,0.65,2482.7249229999998,60.70139375277439
drag1,40,271.74838,1182.9933,0.57,1491.491077,78.68190596513749
drag1,41,473.56152,1175.3878,0.62,1463.421077,74.64085135646178
drag1,43,266.75302,1479.2295,0.57,1893.387769,64.14324705379197
drag1,45,268.75116,1374.8927,0.5,1072.8143069999999,69.99594815961444
drag1,82,510.52728,1640.1458,0.53,1371.368769,61.66835292258051
drag1,80,270.7493,1658.1364,0.52,1382.074923,73.47780039438231
drag1,44,509.33215,1390.2759,0.61,1636.160846,69.47310407934988
drag1,57,824.2368,91.9521,0.59999996,2452.487307,80.39735775485994
drag1,26,526.5125,369.1995,0.72999996,1511.714385,49.732989096559464
drag1,58,808.3006,374.80478,0.63,1229.271461,75.32837693074468
drag1,25,517.5208,86.95471,0.65,1736.5856919999999,74.70647883604296
drag1,64,801.2581,1071.6095,0.74,2084.922462,57.719036476573685
drag1,44,538.5014,1378.2821,0.68,2253.280308,60.38625707859489
drag1,38,529.8272,1104.4248,0.58,1709.024385,71.13769897645784
drag1,67,803.2562,1351.2961,0.74,2140.485307,57.6407164940104
drag1,9,416.61426,801.5825,0.81,3452.994769,71.70527871653788
drag1,53,124.88437,1080.4373,0.63,2085.56,52.141268771638515
drag1,16,386.642,1064.4456,0.74,1524.052539,75.46046741223458
drag1,52,115.89269,775.596,0.68,2060.290923,88.21982839982454
drag1,74,962.1092,772.5976,0.75,1839.741077,70.90809746610783
drag1,17,684.36633,1052.4518,0.65,2220.793846,67.11994949251937
drag1,75,943.1267,1072.4414,0.62,1512.991,72.96630509201941
drag1,7,703.34875,744.6122,0.71,2020.378,73.96374567967986
drag1,70,935.13416,192.89952,0.87,2656.9463849999997,70.76549594515473
drag1,8,683.36725,528.7246,0.64,1934.662231,57.244326598575874
drag1,13,669.3802,254.86725,0.65,1686.3659229999998,79.31570919637512
drag1,71,976.0962,495.7418,0.74,1993.4759239999998,70.39853658440043
drag1,78,968.10364,1381.2805,0.71,2189.585846,53.760773274422284
drag1,83,663.38574,1682.1239,0.65,1932.1028469999999,57.707143008959825
drag1,21,707.34503,1389.885,0.62,1541.561,79.26865678386761
drag1,85,965.1064,1654.1384,0.66999996,1964.858154,53.12976382834454
drag1,19,663.38574,1239.3545,0.7,2344.876538,61.74093048366636
drag1,77,902.1647,1466.2363,0.72999996,2271.261154,79.22150398488273
drag1,76,973.099,1217.366,0.71999997,2067.180385,67.88855042281136
drag1,23,666.383,1509.2139,0.69,1706.996692,57.3304637678543
drag1,15,676.3737,63.77973,0.75,2544.721154,81.39621488064913
drag1,69,916.15173,359.8126,0.77,3137.6226159999997,74.26199289928148
drag1,11,712.34045,348.81833,0.74,1727.4574619999999,71.0428889744458
drag1,68,946.12396,93.951065,0.78999996,1921.1937699999999,78.85893164207037
drag1,21,646.4015,1393.2742,0.64,2782.617539,60.704924465231784
drag1,75,974.0981,1087.4336,0.66999996,1626.6423849999999,78.54198548387848
drag1,17,688.97473,1086.4341,0.68,2332.1843839999997,70.77349870293604
drag1,78,965.1064,1391.2754,0.59999996,2119.740154,54.151433672752965
drag1,54,103.92478,1221.3849,0.58,2045.4840769999998,55.215709063039306
drag1,22,358.57523,1484.2269,0.65,2728.7499239999997,73.1070831235807
drag1,18,393.63553,1201.3743,0.61,1706.090923,77.9737175017671
drag1,55,130.87881,1501.218,0.53,1973.1005389999998,50.18154004654663
drag1,67,810.24976,1351.3914,0.61,2107.818539,72.52337217109682
drag1,82,549.4912,1619.1566,0.64,2178.994077,64.70943656746233
drag1,84,799.25995,1632.1499,0.53,1951.6407689999999,62.33033693540951
drag1,44,525.5134,1328.3081,0.62,1859.647,76.77341865457024
drag1,38,565.47644,1108.4227,0.57,1268.731616,49.488371374361485
drag1,45,283.73727,1351.2961,0.58,1455.040153,45.17412030350344
drag1,44,525.64386,1349.2972,0.78999996,1585.011,71.3864976212329
drag1,39,286.6224,1071.4419,0.72999996,2648.558846,75.81774480202677
drag1,56,143.86679,1382.329,0.72999996,2474.5147699999998,62.37547679950887
drag1,81,407.62256,1641.1451,0.69,1946.064616,48.12907448797379
drag1,20,420.61053,1367.611,0.62,2920.9335379999998,49.74352395332477
drag1,79,125.88344,1629.1515,0.62,1860.273923,54.12828500456358
drag1,33,541.4986,657.6575,0.83,3361.865769,57.71125528879673
drag1,35,263.2563,950.50494,0.76,1695.31377,40.346735713282285
drag1,34,500.6009,947.5065,0.7,1920.865539,70.27903089056746
drag1,32,266.25348,678.64655,0.74,2493.7370769999998,66.821654117578
drag1,9,382.6457,786.5903,0.68,1348.428307,57.72954069766478
drag1,8,666.383,549.7137,0.71999997,2499.942154,66.84868132739797
drag1,6,414.6161,521.7283,0.68,2341.888923,68.00265544576669
drag1,7,632.4144,796.5851,0.7,2545.319923,66.51382736618581
drag1,14,421.60962,40.978657,0.68,2595.311077,82.59208722388085
drag1,47,101.90564,378.8027,0.78,2512.829154,42.15792875667864
drag1,46,122.36702,93.951065,0.77,2047.833077,75.87811248111583
drag1,10,376.65125,297.84488,0.95,2543.344,81.27807679810915
drag1,4,679.371,638.66736,0.78,1613.299462,55.25529799476713
drag1,73,969.10266,930.5153,0.83,2285.6153839999997,74.41115538808296
drag1,72,941.1286,651.6606,0.74,1963.0457689999998,75.97994153471501
drag1,3,694.35706,928.00995,0.82,2115.37,61.94748335841337
scale2,25,5.4499397,2570.495231
scale2,9,3.306055,3351.314077
scale2,28,2.9001389,2960.822846
scale2,10,-5.5577602,2308.3334609999997
scale2,29,3.1544895,2512.353385
scale2,12,-0.14092827,3185.022001
scale2,30,2.2347736,2362.292846
scale2,13,15.548624,3096.890539
scale2,32,-13.123072,2481.096
scale2,15,8.575035,2250.464615
scale2,34,5.901741,2899.4807699999997
scale2,17,-0.08585358,2869.585693
scale2,1,-131.24599,4533.9806149999995
scale2,20,-11.650721,3799.259385
scale2,3,338.712,1878.5014609999998
scale2,24,-5.45208,4209.470616
scale2,16,-17.192116,3043.259231
scale2,2,-0.07993698,3403.3417689999997
scale2,23,-7.2815666,2982.793001
scale2,7,-5.888838,3777.307539
scale2,11,0.79099846,3175.5263849999997
scale2,14,7.010851,2674.426078
scale2,26,-0.6191654,3546.346693
scale2,35,-0.12726974,2736.996
scale2,21,-379.5018,1473.211077
scale2,22,5.5649986,2994.249154
scale2,27,5.5649986,10.251539
scale2,36,6.78388,4594.9349999999995
scale2,31,12.096416,2442.8109999999997
scale2,19,4.26511,2235.491924
scale2,4,6.8811264,5240.696847
scale2,8,66.60721,2912.164308
scale2,5,-6.222307,4333.7122309999995
scale2,33,10.329432,2328.7186149999998
scale2,18,7.0343914,2694.380385
scale2,6,-5.4655495,3784.1493849999997
scale1,27,-12.523127,2840.940231
scale1,46,-4.761698,1645.5613079999998
scale1,26,-3.7534103,2486.344769
scale1,4,-14.745884,3717.984923
scale1,43,-6.9182625,1879.502231
scale1,25,0.20118713,1185.9374619999999
scale1,42,-6.345171,1700.069
scale1,23,-2.5801907,1359.169307
scale1,5,-36.94062,2390.891538
scale1,24,-6.4197235,1699.2477689999998
scale1,19,-108.63096,4608.096077
scale1,27,24.94336,1346.467846
scale1,46,-0.87176514,1024.039616
scale1,26,-23.461475,1869.723385
scale1,4,-24.714191,2393.287538
scale1,43,-3.275076,1543.968846
scale1,25,-6.911087,1625.929461
scale1,42,5.3746147,1522.974692
scale1,23,-14.949062,1832.3622309999998
scale1,5,-11.815109,1931.596539
scale1,24,-8.946201,1665.801923
scale1,19,-3.3760815,1594.824923
scale1,2,-4.8159084,1543.6663079999998
scale1,44,-4.222801,1707.453077
scale1,65,-5.622425,1317.968615
scale1,45,2.011425,1185.425769
scale1,28,5.8977356,968.4354619999999
scale1,13,-19.65207,2052.606077
scale1,56,-7.375843,1358.001616
scale1,40,-4.899061,1194.974538
scale1,41,-0.56292915,1581.4276149999998
scale1,6,8.631546,2583.483307
scale1,51,-8.995691,2222.0606159999998
scale1,36,8.251179,1357.175462
scale1,21,-13.571325,1325.917539
scale1,8,-2.8182507,1563.6556919999998
scale1,57,-1.4061642,1850.5834619999998
scale1,39,-9.31172,1045.324539
scale1,9,-24.883312,1264.693231
scale1,58,26.012741,1023.052461
scale1,47,-7.2311153,1601.893308
scale1,1,-19.84397,3187.946231
scale1,35,4.9329987,1093.175462
scale1,3,-31.932432,3102.9535389999996
scale1,17,-1.1799145,1173.792231
scale1,53,14.129757,1001.9808469999999
scale1,34,-8.76709,2156.027154
scale1,18,12.049084,921.3925389999999
scale1,50,7.8254585,1591.973154
scale1,62,-9.158855,898.8107689999999
scale1,66,11.588997,896.954385
scale1,20,-11.773996,1959.335231
scale1,37,-16.565872,1238.2433839999999
scale1,32,-9.299652,1285.18677
scale1,31,-4.8402157,1360.1526159999999
scale1,49,6.187191,1461.302
scale1,7,-7.638176,1564.7500009999999
scale1,15,-18.67468,1227.114615
scale1,10,7.7236977,1562.722847
scale1,60,0.724102,1003.391615
scale1,63,0.09400177,1143.378692
scale1,59,-17.334194,1069.866307
scale1,55,-13.688398,1173.321154
scale1,14,-7.5280895,2715.435231
scale1,12,-5.5464134,2125.6596919999997
scale1,54,4.207283,2135.325
scale1,52,-0.71840286,1564.499308
scale1,48,9.416416,1166.219539
scale1,30,3.3678246,2246.922384
scale1,16,-5.961439,2145.4863849999997
scale1,11,5.0327682,1840.217847
scale1,61,5.488632,2140.061384
scale1,38,3.6963844,1246.474462
scale1,29,-6.1153507,1307.985307
scale1,64,8.761528,1634.631461
scale1,22,-2.6367874,2027.24
scale1,33,-6.2968826,1658.6517689999998
