scale1,27,0.025131226,2018.851154
scale1,46,15.520798,1558.9112309999998
scale1,26,-1.400053,1530.229692
scale1,4,-1.9899502,1682.561616
scale1,43,12.260914,1520.568846
scale1,25,-2.128069,1623.045154
scale1,42,7.3474503,1971.718461
scale1,23,22.574295,1551.932077
scale1,5,9.1249695,1429.1985379999999
scale1,24,36.13774,1488.675385
scale1,19,26.67817,1256.123615
scale1,2,3.3169098,1708.321538
scale1,44,5.001972,1417.14177
scale1,65,6.056797,1649.926616
scale1,45,10.022278,1360.155693
scale1,28,8.826759,1857.593077
scale1,13,69.36922,1468.826615
scale1,56,12.363396,1458.7771539999999
scale1,40,11.300331,1726.931846
scale1,41,14.953903,1339.607923
scale1,6,9.129158,1837.8308459999998
scale1,51,22.363907,1254.5982299999998
scale1,36,11.8611145,2025.384539
scale1,21,9.430801,1378.100692
scale1,8,8.642601,1348.141615
scale1,57,22.07222,1350.764077
scale1,39,1.6424217,1456.140077
scale1,9,6.1774406,1532.029308
scale1,58,25.18372,1061.991
scale1,47,16.31892,1549.735
scale1,1,-30.752861,1471.1115379999999
scale1,35,8.189724,1736.2943839999998
scale1,3,20.168839,1261.045693
scale1,17,20.654572,1162.775615
scale1,53,15.939068,1564.216078
scale1,34,-4.4443474,1245.800154
scale1,18,16.64154,1154.206154
scale1,50,24.395245,1063.923231
scale1,62,29.923496,1377.650923
scale1,66,23.962898,1686.160154
scale1,20,44.873657,1429.654462
scale1,37,25.054596,1337.690231
scale1,32,43.71247,1695.8536159999999
scale1,31,23.843697,1021.939
scale1,49,15.705059,1466.915538
scale1,7,9.053146,2154.80577
scale1,15,20.65694,1213.935462
scale1,10,3.3170815,2053.295538
scale1,60,7.0708694,1908.6763079999998
scale1,63,21.238941,1165.892539
scale1,59,7.5161934,1711.836231
scale1,55,17.30278,1318.396923
scale1,14,-2.599331,1276.560385
scale1,12,9.195763,1694.357307
scale1,54,14.866562,1797.1633849999998
scale1,52,3.9920883,1358.054154
scale1,48,22.758385,1862.127231
scale1,30,17.157795,1143.8425379999999
scale1,16,14.404518,1559.81277
scale1,11,10.224701,1460.7077689999999
scale1,61,9.091118,1471.2707699999999
scale1,38,10.757023,1767.571
scale1,29,7.685074,1644.7768469999999
scale1,64,-0.70310783,1310.525615
scale2,25,26.51132,3585.3393849999998
scale2,9,17.966183,3480.540924
scale2,28,12.786392,3071.1925389999997
scale2,10,5.369688,3512.362616
scale2,29,26.809668,2878.903077
scale2,12,7.973116,4034.341001
scale2,30,20.756613,3451.781001
scale2,13,6.6305523,3881.017308
scale2,32,6.093275,3461.3123849999997
scale2,15,20.236456,3695.6969999999997
scale2,34,19.870886,2973.9272309999997
scale2,17,10.273098,3524.956616
scale2,1,4.7836304,4514.332616
scale2,20,6.1925354,3816.5737689999996
scale2,3,18.37361,4114.881846
scale2,24,7.9571285,3150.525154
scale2,16,11.575819,3912.9366929999997
scale2,2,9.448362,3750.3109999999997
scale2,23,9.344004,2798.7694619999997
scale2,7,16.188623,3809.4933069999997
scale2,11,6.2539043,3055.562923
scale2,14,3.4833012,3136.188846
scale2,26,7.709261,3431.272539
scale2,35,11.0377865,3238.941539
scale2,21,7.8117943,2798.997077
scale2,22,33.91638,2625.319308
scale2,27,20.79142,2663.886154
scale2,36,49.234383,2943.659924
scale2,31,41.701046,2533.7255379999997
scale2,19,-2.8745213,3403.725846
scale2,4,6.5864296,3799.9133079999997
scale2,8,30.14688,3770.094462
scale2,5,26.115097,2472.4288469999997
scale2,33,19.062893,2942.768385
scale2,18,4.718548,3075.052077
scale2,6,1.3543968,3370.277616
rotate1,9,4.7711678,2635.2753079999998
rotate1,4,-2.1366243,3505.859461
rotate1,13,-2.116809,4033.455539
rotate1,6,0.44221878,1576.785924
rotate1,15,-2.031805,2272.651923
rotate1,2,-2.92173,4423.820154
rotate1,10,-3.4300556,2490.916385
rotate1,5,1.6905022,1941.159923
rotate1,14,-1.768733,3269.9316919999997
rotate1,8,-0.22253418,1442.021923
rotate1,11,-3.8384552,2314.1082309999997
rotate1,7,-4.191182,2044.145
rotate1,1,0.83402824,1941.705154
rotate1,12,-0.53526974,1605.9170769999998
rotate1,3,-1.8165331,2201.681615
rotate2,2,1.998169,4627.835462
rotate2,13,2.9446945,3638.796539
rotate2,8,1.4230652,2768.989538
rotate2,3,0.11313629,4436.740922999999
rotate2,7,-1.2551422,3137.867077
rotate2,12,2.7515259,2453.2136149999997
rotate2,1,-74.64841,2894.0171539999997
rotate2,11,1.153923,4580.495077
rotate2,6,1.3605194,3324.436539
rotate2,10,1.7504654,3210.147231
rotate2,5,-0.40644836,3241.113231
rotate2,15,-0.28668976,2655.32777
rotate2,9,0.551445,3211.0013839999997
rotate2,4,-0.6021805,2584.844693
rotate2,14,1.9183273,2126.9697699999997
tap1,2,288,642,413.61703,688.6413,1.43,1567211533743
tap1,3,576,930,708.3441,992.48303,1.42,1567211534808
tap1,4,576,642,679.371,697.63666,1.39,1567211535869
tap1,5,288,930,402.6272,986.4862,1.27,1567211536880
tap1,9,288,786,429.60223,846.5591,1.16,1567211537870
tap1,17,576,1074,647.4006,1171.3899,1.2099999,1567211538922
tap1,16,288,1074,365.66144,1148.4019,1.37,1567211539974
tap1,7,576,786,660.38855,862.5507,1.35,1567211541036
tap1,4,576,642,667.3821,696.63715,1.5899999,1567211542016
tap1,10,288,354,383.64478,419.78134,1.3299999,1567211543323
tap1,2,288,642,382.6457,728.6205,1.1899999,1567211544294
tap1,11,576,354,648.39966,448.76627,1.42,1567211545448
tap1,4,576,642,658.3904,703.6335,1.42,1567211546469
tap1,18,288,1218,397.63184,1281.3326,1.43,1567211547572
tap1,2,288,642,388.64014,723.6231,1.42,1567211548644
tap1,19,576,1218,698.3534,1288.329,1.39,1567211549655
tap1,13,576,210,664.3848,277.8553,1.4,1567211550789
tap1,6,288,498,402.6272,567.7043,1.29,1567211551820
tap1,12,288,210,381.64664,270.85892,1.42,1567211553077
tap1,8,576,498,668.3811,552.7121,1.22,1567211554016
tap1,19,576,1218,677.3728,1287.3295,1.36,1567211555068
tap1,22,288,1506,410.6198,1582.1759,1.27,1567211556038
tap1,18,288,1218,393.63553,1290.3279,1.22,1567211556978
tap1,23,576,1506,712.34045,1572.1812,1.43,1567211557907
tap1,14,288,66,348.67715,126.93388,1.48,1567211559152
tap1,11,576,354,651.39685,427.7772,1.53,1567211560113
tap1,10,288,354,388.64014,428.77667,1.49,1567211561124
tap1,15,576,66,682.36816,121.936485,1.5,1567211562216
tap1,17,576,1074,651.39685,1150.4008,1.3299999,1567211563238
tap1,20,288,1362,385.6429,1416.2623,1.48,1567211564188
tap1,21,576,1362,685.3654,1425.2577,1.4,1567211565066
tap1,16,288,1074,404.62534,1118.4175,1.43,1567211566067
tap1,9,288,786,371.65588,818.57367,1.54,1567211567007
tap1,8,576,498,651.39685,543.7168,1.4699999,1567211567936
tap1,6,288,498,363.66327,550.71313,1.31,1567211568896
tap1,7,576,786,698.3534,870.5466,1.35,1567211569775
tap1,24,144,66,238.77892,124.93493,1.37,1567211570877
tap1,26,432,354,499.53748,410.78604,1.4,1567211571807
tap1,27,144,354,228.78816,423.77927,1.25,1567211572787
tap1,25,432,66,539.5005,115.93961,1.51,1567211573799
tap1,66,720,1506,804.2553,1611.1608,1.29,1567211574851
tap1,41,432,1218,504.53284,1262.3425,1.41,1567211575811
tap1,42,432,1506,539.5005,1597.1681,1.51,1567211576669
tap1,65,720,1218,848.2146,1271.3378,1.49,1567211577557
tap1,36,144,786,248.76965,863.55023,1.39,1567211578548
tap1,38,432,1074,545.49493,1118.4175,1.4399999,1567211579447
tap1,39,144,1074,209.80574,1138.4071,1.38,1567211580407
tap1,37,432,786,524.51434,863.55023,1.5,1567211581367
tap1,16,288,1074,355.6707,1151.4003,1.42,1567211582317
tap1,56,0,1362,103.90379,1460.2394,1.14,1567211583226
tap1,20,288,1362,398.6309,1385.2784,1.51,1567211584125
tap1,53,0,1074,104.90287,1113.42,1.28,1567211585064
tap1,59,720,210,820.24054,294.84644,1.51,1567211586015
tap1,30,432,498,503.53375,553.7116,1.56,1567211586985
tap1,29,432,210,539.5005,245.87193,1.62,1567211587976
tap1,60,720,498,788.27014,596.6892,1.67,1567211588895
tap1,33,432,642,507.53006,697.63666,1.4599999,1567211589834
tap1,62,720,930,822.23865,1014.4716,1.49,1567211590784
tap1,61,720,642,848.2146,708.6309,1.61,1567211591653
tap1,34,432,930,521.5171,1012.47266,1.4599999,1567211592582
tap1,6,288,498,400.62906,566.70483,1.61,1567211593511
tap1,48,0,210,99.90749,291.848,1.41,1567211594532
tap1,12,288,210,411.61887,270.85892,1.4599999,1567211595431
tap1,49,0,498,73.93155,576.69965,1.23,1567211596340
tap1,51,0,930,114.893616,990.4841,1.31,1567211597239
tap1,2,288,642,377.65033,668.65173,1.49,1567211598158
tap1,5,288,930,392.63644,1004.4768,1.42,1567211599046
tap1,50,0,642,113.89455,704.633,1.42,1567211599996
tap1,37,432,786,523.51526,871.546,1.49,1567211600875
tap1,64,720,1074,809.2507,1167.392,1.41,1567211601794
tap1,38,432,1074,508.52914,1129.4117,1.3399999,1567211602672
tap1,63,720,786,817.2433,852.55597,1.42,1567211603591
tap1,29,432,210,534.50507,267.86047,1.64,1567211604612
tap1,31,144,498,233.78354,573.7012,1.4499999,1567211605573
tap1,28,144,210,246.77151,246.87141,1.4499999,1567211606553
tap1,30,432,498,520.51807,590.6923,1.5999999,1567211607503
tap1,42,432,1506,544.49585,1567.1837,1.37,1567211608515
tap1,40,144,1218,253.76503,1265.341,1.5,1567211609475
tap1,41,432,1218,546.494,1301.3221,1.53,1567211610322
tap1,43,144,1506,272.74747,1550.1926,1.27,1567211611282
tap1,45,144,1362,229.78723,1406.2676,1.37,1567211612181
tap1,82,432,1650,531.5079,1754.0864,1.51,1567211613101
tap1,80,144,1650,222.79372,1729.0994,1.37,1567211613979
tap1,44,432,1362,533.50604,1399.2711,1.42,1567211614899
tap1,57,720,66,810.24976,146.92348,1.49,1567211616124
tap1,26,432,354,522.5162,408.78708,1.56,1567211617095
tap1,58,720,354,826.235,415.78345,1.5999999,1567211618014
tap1,25,432,66,554.4866,106.9443,1.55,1567211618994
tap1,64,720,1074,830.23126,1166.3925,1.4399999,1567211619996
tap1,44,432,1362,537.5023,1405.2681,1.4699999,1567211620915
tap1,38,432,1074,541.4986,1118.4175,1.54,1567211621814
tap1,67,720,1362,839.22296,1435.2524,1.4499999,1567211622703
tap1,9,288,786,373.65402,844.5601,1.4699999,1567211623693
tap1,53,0,1074,113.89455,1143.4044,1.3399999,1567211624664
tap1,16,288,1074,378.6494,1139.4065,1.4,1567211625542
tap1,52,0,786,108.89917,845.5596,1.37,1567211626512
tap1,74,864,786,964.1073,860.55176,1.43,1567211627523
tap1,17,576,1074,696.3552,1126.4133,1.4399999,1567211628412
tap1,75,864,1074,983.0897,1121.4159,1.4499999,1567211629239
tap1,7,576,786,653.395,827.569,1.35,1567211630158
tap1,38,288,66,405.62442,149.9219,1.52,1567211631251
tap1,45,0,354,124.88437,408.78708,1.48,1567211632231
tap1,44,0,66,88.91767,125.9344,1.3399999,1567211633212
tap1,39,288,354,392.63644,415.78345,1.51,1567211634111
tap1,14,288,1506,411.61887,1558.1884,1.4599999,1567211635101
tap1,47,0,1794,121.887146,1862.0302,1.06,1567211635980
tap1,46,0,1506,93.91304,1585.1743,1.31,1567211636848
tap1,10,288,1794,413.61703,1838.0426,1.3199999,1567211637767
tap1,22,864,210,942.1277,249.86986,1.7199999,1567211638860
tap1,86,576,498,631.41534,542.71735,1.62,1567211639779
tap1,55,576,210,689.3617,264.86203,1.8,1567211640657
tap1,88,864,498,921.1471,565.7053,1.77,1567211641485
tap1,70,864,1362,950.12024,1415.2628,1.4499999,1567211642373
tap1,8,576,1650,679.371,1722.103,1.5799999,1567211643261
tap1,13,576,1362,704.34784,1393.2743,1.4399999,1567211644109
tap1,71,864,1650,952.1184,1716.1062,1.24,1567211644926
tap1,78,576,1218,650.39777,1300.3228,1.24,1567211645774
tap1,83,864,1506,962.1092,1586.1738,1.37,1567211646581
tap1,21,864,1218,970.10175,1301.3221,1.43,1567211647428
tap1,85,576,1506,695.35614,1566.1842,1.38,1567211648337
tap1,19,576,66,686.3645,115.93961,1.53,1567211649491
tap1,77,864,354,962.1092,395.79385,1.4599999,1567211650400
tap1,76,576,354,683.36725,414.78397,1.55,1567211651350
tap1,23,864,66,969.10266,98.94846,1.3,1567211652310
tap1,15,576,1362,679.371,1451.2441,1.4499999,1567211653281
tap1,69,864,1074,979.09344,1152.3998,1.42,1567211654138
tap1,11,576,1074,687.3635,1112.4205,1.49,1567211654997
tap1,68,864,1362,953.1175,1455.2421,1.4399999,1567211655875
tap1,21,0,1218,117.89084,1295.3253,1.28,1567211656855
tap1,75,288,1506,407.62256,1568.1832,1.49,1567211657775
tap1,17,288,1218,374.6531,1249.3492,1.4499999,1567211658654
tap1,78,0,1506,97.90935,1580.177,1.1899999,1567211659552
tap1,54,576,642,649.3987,716.6267,1.49,1567211660461
tap1,22,864,930,984.0888,1003.47736,1.36,1567211661247
tap1,18,864,642,954.1166,705.63245,1.4399999,1567211662074
tap1,55,576,930,697.3543,970.4945,1.38,1567211662932
tap1,4,576,1794,685.3654,1839.0421,1.3199999,1567211663923
tap1,73,864,1506,969.10266,1580.177,1.39,1567211664791
tap1,72,576,1506,657.3913,1576.1791,1.4,1567211665669
tap1,3,864,1794,964.1073,1846.0385,1.17,1567211666578
tap1,90,720,1362,800.25903,1451.2441,1.53,1567211667437
tap1,77,432,1650,519.519,1735.0963,1.48,1567211668335
tap1,23,720,1650,825.2359,1735.0963,1.41,1567211669224
tap1,92,432,1362,520.51807,1385.2784,1.4699999,1567211670123
tap1,67,432,1074,499.53748,1113.42,1.48,1567211671012
tap1,82,144,1362,243.77429,1419.2607,1.5,1567211671961
tap1,84,432,1362,545.49493,1417.2618,1.51,1567211672779
tap1,44,144,1074,222.79372,1135.4086,1.42,1567211673688
tap1,38,432,1506,532.50696,1578.178,1.5899999,1567211674597
tap1,45,144,1794,245.77243,1831.0463,1.3199999,1567211675526
tap1,44,432,1794,524.51434,1832.0458,1.36,1567211676414
tap1,39,144,1506,227.7891,1578.178,1.4699999,1567211677304
tap1,42,432,1506,544.49585,1555.19,1.42,1567211678141
tap1,87,720,1794,839.22296,1841.0411,1.24,1567211678958
tap1,89,432,1794,524.51434,1831.0463,1.4399999,1567211679888
tap1,43,720,1506,833.2285,1560.1874,1.5699999,1567211680746
tap1,42,0,1362,112.89547,1442.2488,1.4499999,1567211681726
tap1,91,288,1650,386.642,1735.0963,1.4399999,1567211682625
tap1,89,288,1362,345.67993,1396.2727,1.4,1567211683514
tap1,66,0,1650,96.91027,1747.09,1.3299999,1567211684443
tap1,56,432,642,559.48193,717.6262,1.51,1567211685475
tap1,81,144,930,253.76503,975.4919,1.38,1567211686405
tap1,20,432,930,525.5134,994.482,1.4399999,1567211687242
tap1,79,144,642,234.78261,658.6569,1.42,1567211688131
tap2,6,138,480,224.79185,524.7267,1.79,1567211720044
tap2,7,759,1101,810.24976,1159.3961,1.4,1567211721436
tap2,8,138,1101,242.7752,1127.4127,1.4,1567211722589
tap2,9,759,480,844.2183,513.7324,1.36,1567211723641
tap2,164,0,687,71.933395,695.6377,1.25,1567211724856
tap2,183,621,1308,696.3552,1320.3123,1.53,1567211725959
tap2,182,0,1308,80.92507,1356.2936,1.29,1567211726990
tap2,163,621,687,662.38666,709.6304,1.52,1567211727950
tap2,242,345,66,436.59573,85.95523,1.27,1567211729145
tap2,243,552,1032,604.4403,1040.4581,0.91999996,1567211730115
tap2,244,345,1032,406.6235,1057.4492,1.22,1567211731045
tap2,245,552,66,597.44684,87.954185,1.14,1567211732434
tap2,42,69,411,123.88529,454.76312,1.38,1567211733608
tap2,43,690,1032,753.3025,1070.4425,1.0,1567211734660
tap2,45,690,411,722.3312,417.7824,1.22,1567211735661
tap2,44,69,1032,112.89547,1035.4607,0.89,1567211736641
tap2,322,345,756,399.62997,763.6023,1.22,1567211737632
tap2,321,483,1653,539.5005,1718.1051,1.36,1567211738694
tap2,316,345,1653,402.6272,1697.1161,1.03,1567211739593
tap2,323,483,756,519.519,779.59393,1.29,1567211740624
tap2,2,138,549,200.81406,536.72046,0.95,1567211741625
tap2,3,759,1170,815.2451,1205.3722,1.17,1567211742657
tap2,4,138,1170,196.81776,1191.3795,1.13,1567211743596
tap2,5,759,549,796.2627,579.69806,1.27,1567211744566
tap2,11,759,1032,808.25165,1070.4425,1.26,1567211745506
tap2,10,138,411,211.8039,419.78134,1.06,1567211746558
tap2,12,138,1032,193.82054,1038.4591,1.13,1567211747559
tap2,13,759,411,791.26733,396.79333,1.15,1567211748560
tap2,15,759,963,820.24054,1005.4763,1.2099999,1567211749540
tap2,14,138,342,198.81592,343.82092,1.16,1567211750531
tap2,17,759,342,810.24976,356.81415,1.14,1567211751470
tap2,16,138,963,152.85846,986.4862,1.23,1567211752420
tap2,122,207,66,280.74005,91.9521,1.03,1567211753779
tap2,123,828,687,901.1656,744.6122,1.35,1567211754881
tap2,124,207,687,246.77151,699.63556,1.31,1567211755903
tap2,125,828,66,860.2035,126.93388,1.4399999,1567211757067
tap2,135,621,1170,715.33765,1224.3623,1.31,1567211758180
tap2,134,0,549,100.90657,605.6845,1.3199999,1567211759283
tap2,136,0,1170,117.89084,1212.3685,1.18,1567211760284
tap2,137,621,549,660.38855,600.68713,1.14,1567211761356
tap2,130,69,66,806.2535,607.6835,0.58,1567211762520
tap2,131,690,687,733.321,721.62415,1.29,1567211763552
tap2,133,690,66,740.3145,96.9495,1.18,1567211764604
tap2,132,69,687,146.86401,736.61633,1.09,1567211765605
tap2,127,759,687,782.2757,716.6267,1.22,1567211766544
tap2,126,138,66,177.83534,75.960434,1.16,1567211767596
tap2,128,138,687,204.81036,697.63666,1.22,1567211768587
tap2,129,759,66,807.25256,88.95367,1.23,1567211769639
tap2,18,138,273,188.82516,299.8438,1.18,1567211770629
tap2,19,759,894,822.23865,928.51636,1.0699999,1567211771548
tap2,20,138,894,201.81314,917.5221,1.02,1567211772478
tap2,21,759,273,815.2451,271.8584,1.3399999,1567211773529
tap2,35,828,1170,883.18225,1244.3519,1.12,1567211774510
tap2,34,207,549,269.75024,560.70795,1.1999999,1567211775500
tap2,36,207,1170,261.75763,1192.3789,1.11,1567211776460
tap2,37,828,549,892.1739,566.70483,1.22,1567211777512
tap2,26,138,135,217.79834,152.92035,1.38,1567211778605
tap2,27,759,756,834.2276,786.5903,1.14,1567211779524
tap2,28,138,756,194.81961,791.5877,1.18,1567211780525
tap2,29,759,135,816.2442,142.92555,1.27,1567211781627
tap2,43,690,1032,747.30804,1069.443,1.0699999,1567211782639
tap2,42,69,411,159.85199,466.7569,1.13,1567211783711
tap2,45,690,411,737.3173,441.7699,1.2099999,1567211784691
tap2,44,69,1032,138.87141,1055.4503,1.12,1567211785692
tap2,24,138,825,226.79001,837.5637,1.1999999,1567211786632
tap2,25,759,204,776.28125,239.87506,1.29,1567211787633
tap2,22,138,204,205.80943,219.88547,1.25,1567211788654
tap2,23,759,825,807.25256,836.5643,1.1999999,1567211789594
tap2,38,69,480,118.889915,482.74857,1.26,1567211790594
tap2,39,690,1101,767.28955,1160.3956,1.3199999,1567211791585
tap2,40,69,1101,153.85754,1134.4092,1.1,1567211792535
tap2,41,690,480,754.3016,532.72253,1.09,1567211793577
tap2,33,690,549,779.27844,592.6913,1.11,1567211794557
tap2,32,69,1170,178.83441,1208.3706,1.16,1567211795620
tap2,30,69,549,167.84459,589.6929,1.14,1567211796662
tap2,31,690,1170,781.2766,1190.38,1.13,1567211797622
tap2,46,69,342,126.882515,382.80063,1.2099999,1567211798694
tap2,47,690,963,776.28125,994.482,1.1999999,1567211799675
tap2,48,69,963,149.86124,974.49243,1.14,1567211800614
tap2,49,690,342,761.2951,369.80737,1.17,1567211801687
tap2,108,276,963,299.72247,991.4836,1.17,1567211802596
tap2,231,897,1584,942.1277,1681.1244,1.1,1567211803719
tap2,230,276,1584,361.66513,1603.165,1.18,1567211804639
tap2,107,897,963,970.10175,991.4836,0.95,1567211805731
tap2,143,621,1032,683.36725,1074.4404,1.25,1567211806743
tap2,232,0,1653,93.91304,1709.1097,1.0,1567211807815
tap2,233,621,1653,737.3173,1684.1228,1.23,1567211808796
tap2,144,0,1032,91.914894,1054.4508,0.7,1567211809888
tap2,44,69,1032,161.85014,1051.4524,1.1999999,1567211810818
tap2,235,690,1653,732.3219,1733.0973,1.3,1567211811859
tap2,43,690,1032,723.33026,1079.4377,1.2099999,1567211812758
tap2,234,69,1653,106.90102,1716.1062,0.79999995,1567211813738
tap2,12,138,1032,227.7891,1073.4409,1.11,1567211814801
tap2,237,759,1653,820.24054,1746.0906,1.17,1567211815904
tap2,11,759,1032,804.2553,1082.4362,1.25,1567211816874
tap2,236,138,1653,224.79185,1683.1233,1.1,1567211817824
tap2,238,207,1653,265.75394,1712.1083,0.83,1567211818754
tap2,67,828,1032,882.18317,1075.4398,1.25,1567211819724
tap2,68,207,1032,299.72247,1048.4539,1.15,1567211820633
tap2,239,828,1653,889.1767,1715.1067,1.23,1567211821726
tap2,104,276,1032,348.67715,1034.4612,1.27,1567211822666
tap2,241,897,1653,961.1101,1690.1196,1.25,1567211823646
tap2,240,276,1653,344.68085,1690.1196,1.26,1567211824586
tap2,103,897,1032,979.09344,1079.4377,1.14,1567211825801
tap2,50,69,273,134.87512,280.85373,1.28,1567211827139
tap2,51,690,894,801.2581,909.52625,1.18,1567211828181
tap2,52,69,894,146.86401,926.5174,1.37,1567211829121
tap2,53,690,273,749.3062,290.8485,1.2099999,1567211830040
tap2,55,690,825,758.29785,870.5466,1.15,1567211831062
tap2,54,69,204,148.86217,240.87454,1.06,1567211832195
tap2,56,69,825,148.86217,856.55383,1.29,1567211833248
tap2,57,690,204,734.32007,216.88704,1.38,1567211834279
tap2,59,690,756,762.2942,786.5903,1.18,1567211835198
tap2,58,69,135,163.8483,137.92816,1.29,1567211836434
tap2,61,690,135,766.29047,160.91618,1.3399999,1567211837476
tap2,60,69,756,121.887146,765.60126,1.2099999,1567211838487
tap2,62,207,480,278.7419,497.74075,1.2099999,1567211839447
tap2,63,828,1101,897.1693,1146.4028,1.24,1567211840448
tap2,64,207,1101,258.7604,1152.3998,1.16,1567211841337
tap2,65,828,480,854.20905,518.7298,1.3399999,1567211842246
tap2,290,345,480,401.6281,487.74594,1.3,1567211843145
tap2,291,552,1446,626.42,1487.2253,1.03,1567211844126
tap2,293,552,480,637.4098,509.7345,1.2099999,1567211845045
tap2,292,345,1446,433.5985,1496.2207,0.98999995,1567211845944
tap2,141,621,480,726.32745,540.7184,1.26,1567211846935
tap2,295,414,1446,499.53748,1505.216,1.14,1567211847875
tap2,294,414,480,483.55228,514.7319,1.1899999,1567211848855
tap2,203,621,1446,721.3321,1494.2217,1.1899999,1567211849815
tap2,297,483,1446,569.4727,1475.2316,1.3,1567211850775
tap2,41,690,480,780.2775,509.7345,1.37,1567211851715
tap2,296,483,480,526.5125,513.7324,1.23,1567211852614
tap2,205,690,1446,765.2914,1462.2384,1.18,1567211853492
tap2,319,414,1653,508.52914,1682.1239,1.1899999,1567211854687
tap2,325,552,756,611.43384,811.5773,1.3299999,1567211855668
tap2,324,414,756,494.54208,761.60333,1.2099999,1567211856587
tap2,315,552,1653,660.38855,1718.1051,1.24,1567211857629
tap2,298,345,549,394.6346,594.69025,1.3299999,1567211858661
tap2,299,552,1515,624.4218,1552.1915,1.16,1567211859672
tap2,301,552,549,636.4107,581.697,1.1999999,1567211860683
tap2,300,345,1515,436.59573,1561.1869,1.2099999,1567211861705
tap2,326,345,825,406.6235,854.5549,1.12,1567211862645
tap2,256,483,135,554.4866,161.91566,1.23,1567211863778
tap2,250,345,135,423.6078,183.9042,1.37,1567211864902
tap2,327,483,825,554.4866,885.53876,1.1899999,1567211865923
tap2,67,828,1032,903.16376,1078.4382,1.13,1567211866822
tap2,66,207,411,269.75024,465.75742,1.2099999,1567211867967
tap2,68,207,1032,282.73822,1076.4393,1.29,1567211868937
tap2,69,828,411,873.19147,451.7647,1.31,1567211869907
tap2,72,207,963,240.77705,1010.4737,1.18,1567211870847
tap2,73,828,342,906.16095,354.8152,1.18,1567211871818
tap2,70,207,342,266.75302,331.82718,1.15,1567211872870
tap2,71,828,963,884.18134,1027.4648,1.17,1567211873871
tap2,76,207,894,248.76965,904.5289,1.17,1567211874821
tap2,77,828,273,879.1859,266.861,1.36,1567211875853
tap2,74,207,273,300.72156,273.85736,1.23,1567211876946
tap2,75,828,894,895.17114,922.5195,1.0699999,1567211877855
tap2,80,207,825,263.7558,845.5596,1.18,1567211878775
tap2,81,828,204,894.17206,217.8865,1.25,1567211879847
tap2,78,207,204,284.73636,219.88547,1.3199999,1567211880971
tap2,79,828,825,900.1665,880.5414,1.1,1567211881931
tap2,84,207,756,292.72894,752.608,1.27,1567211882912
tap2,85,828,135,854.20905,134.92972,1.4399999,1567211883934
tap2,82,207,135,257.76132,160.91618,1.14,1567211884966
tap2,83,828,756,922.1462,804.58093,1.12,1567211885895
tap2,89,621,618,694.35706,632.6705,1.16,1567211886825
tap2,88,0,1239,74.93062,1264.3414,1.0699999,1567211887907
tap2,87,621,1239,676.3737,1305.3201,1.15,1567211888980
tap2,86,0,618,88.91767,623.6752,0.95,1567211890124
tap2,305,483,1515,538.5014,1578.178,1.17,1567211891279
tap2,33,690,549,745.3099,582.6965,1.3,1567211892269
tap2,304,483,549,539.5005,591.69183,1.28,1567211893219
tap2,215,690,1515,778.27936,1578.178,0.94,1567211894180
tap2,309,552,618,599.44495,620.6767,1.15,1567211895048
tap2,308,345,1584,436.59573,1637.1473,1.02,1567211895978
tap2,307,552,1584,639.40796,1645.1431,1.06,1567211896918
tap2,306,345,618,416.61426,679.646,1.18,1567211897909
tap2,258,345,204,425.60593,230.87975,1.1999999,1567211898910
tap2,331,483,894,562.4792,953.50336,1.04,1567211899952
tap2,330,345,894,390.6383,940.51013,1.0699999,1567211900912
tap2,264,483,204,515.52264,228.88078,1.31,1567211901934
tap2,223,621,1584,687.3635,1661.1348,1.36,1567211903006
tap2,310,414,618,472.56244,647.66266,1.22,1567211903936
tap2,89,621,618,682.36816,634.66943,1.14,1567211904774
tap2,311,414,1584,511.52637,1620.1561,0.95,1567211905795
tap2,261,552,204,608.43665,201.89484,1.3,1567211906909
tap2,322,345,756,404.62534,782.5924,1.25,1567211907879
tap2,262,414,204,473.56152,213.8886,1.2099999,1567211908901
tap2,333,552,894,625.4209,895.53357,1.25,1567211909810
tap2,312,483,618,579.46344,622.67566,1.22,1567211910719
tap2,225,690,1584,748.3071,1598.1676,1.29,1567211911853
tap2,93,690,618,750.3053,645.6637,1.16,1567211912814
tap2,313,483,1584,559.48193,1636.1478,1.13,1567211913845
tap2,91,690,1239,766.29047,1272.3373,1.3399999,1567211914795
tap2,90,69,618,148.86217,655.6585,1.37,1567211915919
tap2,93,690,618,795.2637,633.6699,1.29,1567211916920
tap2,92,69,1239,130.87881,1268.3394,1.13,1567211917901
tap2,108,276,963,337.68732,1006.47577,1.12,1567211918882
tap2,109,897,342,971.1008,399.79178,1.12,1567211919903
tap2,106,276,342,358.6679,379.8022,1.31,1567211920955
tap2,107,897,963,971.1008,989.4846,1.13,1567211921905
tap2,100,276,1101,318.7049,1131.4106,1.29,1567211922876
tap2,101,897,480,930.1388,498.74023,1.35,1567211923806
tap2,99,897,1101,967.10455,1142.405,1.26,1567211924776
tap2,98,276,480,325.69843,524.7267,1.17,1567211925777
tap2,105,897,411,944.1258,433.77408,1.25,1567211926656
tap2,104,276,1032,315.70767,1059.4481,1.2099999,1567211927514
tap2,102,276,411,343.68176,421.7803,1.18,1567211928454
tap2,103,897,1032,917.1508,1086.4341,1.26,1567211929342
tap2,97,897,549,955.11566,581.697,1.27,1567211930272
tap2,96,276,1170,358.6679,1189.3805,1.0699999,1567211931120
tap2,94,276,549,340.68454,573.7012,1.17,1567211932050
tap2,95,897,1170,973.099,1182.3842,1.05,1567211933132
tap2,111,897,894,972.0999,901.53046,1.13,1567211933950
tap2,110,276,273,359.667,275.85632,1.1899999,1567211934971
tap2,112,276,894,372.65494,946.507,1.1999999,1567211936054
tap2,113,897,273,978.09436,288.84955,1.16,1567211937015
tap2,116,276,825,286.7345,874.5445,1.12,1567211937924
tap2,117,897,204,940.1295,192.89952,1.3299999,1567211938945
tap2,114,276,204,349.67624,221.88443,1.36,1567211939926
tap2,115,897,825,932.1369,837.5637,1.02,1567211940794
tap2,119,897,756,951.1193,797.5846,1.2099999,1567211941673
tap2,118,276,135,348.67715,180.90578,1.18,1567211942695
tap2,121,897,135,967.10455,147.92296,1.27,1567211943818
tap2,120,276,756,319.70398,794.5861,1.31,1567211944768
tap2,152,0,894,132.87697,921.52,1.31,1567211946454
tap2,213,621,1515,693.35803,1524.206,1.25,1567211947496
tap2,212,0,1515,52.950974,1556.1895,0.83,1567211948507
tap2,151,621,894,691.35986,904.5289,1.3299999,1567211949437
tap2,56,69,825,149.86124,846.5591,1.3199999,1567211950346
tap2,205,690,1446,735.31915,1461.2389,1.3299999,1567211951357
tap2,204,69,1446,130.87881,1483.2274,1.1899999,1567211952287
tap2,55,690,825,771.2858,867.54816,1.39,1567211953237
tap2,24,138,825,188.82516,879.5419,1.29,1567211954157
tap2,207,759,1446,837.2248,1508.2145,1.1,1567211955137
tap2,206,138,1446,199.81499,1521.2076,1.16,1567211956067
tap2,23,759,825,825.2359,892.5351,1.1899999,1567211957068
tap2,80,207,825,286.7345,867.54816,1.0799999,1567211958028
tap2,209,828,1446,910.1573,1476.2311,1.36,1567211959040
tap2,208,207,1446,282.73822,1462.2384,1.15,1567211959959
tap2,79,828,825,903.16376,870.5466,1.06,1567211960848
tap2,115,897,825,965.1064,852.55597,1.05,1567211961676
tap2,210,276,1446,344.68085,1532.2019,0.76,1567211962605
tap2,116,276,825,344.68085,870.5466,1.16,1567211963566
tap2,211,897,1446,963.1082,1472.2332,1.3199999,1567211964536
tap2,203,621,1446,699.3525,1488.2249,1.26,1567211965445
tap2,156,0,825,80.92507,859.5523,1.01,1567211966517
tap2,202,0,1446,55.948196,1502.2175,0.78999996,1567211967539
tap2,155,621,825,668.3811,820.5726,1.31,1567211968448
tap2,52,69,894,176.83626,926.5174,1.05,1567211969378
tap2,215,690,1515,755.30066,1581.1764,1.31,1567211970471
tap2,51,690,894,753.3025,910.52576,1.0699999,1567211971278
tap2,214,69,1515,129.87975,1546.1947,1.1,1567211972217
tap2,216,138,1515,204.81036,1548.1936,0.95,1567211973178
tap2,19,759,894,840.22205,895.53357,1.0699999,1567211974189
tap2,217,759,1515,851.21185,1540.1978,1.17,1567211975210
tap2,20,138,894,193.82054,941.5096,1.28,1567211976222
tap2,141,621,480,692.35895,516.73083,1.26,1567211977203
tap2,140,0,1101,83.922295,1187.3816,1.13,1567211978214
tap2,138,0,480,55.948196,522.7277,0.79999995,1567211979246
tap2,139,621,1101,660.38855,1123.4149,1.15,1567211980267
tap2,142,0,411,67.937096,447.76678,1.05,1567211981340
tap2,143,621,1032,710.3423,1026.4653,1.11,1567211982269
tap2,144,0,1032,50.95282,1053.4513,0.72999996,1567211983260
tap2,145,621,411,711.3414,383.8001,1.18,1567211984170
tap2,148,0,963,83.922295,967.4961,1.31,1567211985079
tap2,149,621,342,730.3238,345.8199,1.23,1567211985988
tap2,147,621,963,653.395,1010.4737,1.24,1567211986887
tap2,146,0,342,79.925995,411.78552,1.15,1567211987929
tap2,153,621,273,674.3756,280.85373,1.41,1567211988828
tap2,152,0,894,70.93432,941.5096,0.78999996,1567211989798
tap2,150,0,273,64.93987,293.84695,1.0,1567211990983
tap2,151,621,894,653.395,944.50806,1.26,1567211992005
tap2,266,345,273,380.64755,304.84122,1.4699999,1567211992975
tap2,267,552,1239,611.43384,1320.3123,1.18,1567211993977
tap2,269,552,273,618.42737,327.82925,1.37,1567211994957
tap2,268,345,1239,431.60037,1241.3534,0.78,1567211995887
tap2,271,414,1239,484.55133,1261.343,1.16,1567211996858
tap2,153,621,273,677.3728,298.84433,1.18,1567211997890
tap2,270,414,273,484.55133,302.84225,1.28,1567211998860
tap2,87,621,1239,724.32935,1286.33,1.17,1567211999881
tap2,91,690,1239,783.2748,1288.329,1.14,1567212000678
tap2,272,483,273,526.5125,310.8381,1.1,1567212001689
tap2,273,483,1239,542.4977,1282.332,0.97999996,1567212002588
tap2,53,690,273,743.31177,307.83966,1.1899999,1567212003620
tap2,277,552,342,618.42737,377.80322,1.25,1567212004611
tap2,276,345,1308,376.65125,1345.2993,1.02,1567212005470
tap2,274,345,342,398.6309,372.80582,1.14,1567212006481
tap2,275,552,1308,623.4227,1371.2858,1.2099999,1567212007390
tap2,183,621,1308,676.3737,1380.2811,1.23,1567212008289
tap2,278,414,342,466.568,362.81104,1.1999999,1567212009280
tap2,149,621,342,730.3238,329.82822,0.85999995,1567212010128
tap2,279,414,1308,487.54858,1287.3295,0.98999995,1567212011057
tap2,281,483,1308,572.4699,1361.291,0.9,1567212011946
tap2,49,690,342,745.3099,368.8079,1.28,1567212012967
tap2,280,483,342,536.50323,329.82822,0.96999997,1567212013897
tap2,185,690,1308,745.3099,1309.318,1.14,1567212014878
tap2,156,0,825,73.93155,863.55023,1.04,1567212015981
tap2,157,621,204,701.3506,203.8938,1.35,1567212017033
tap2,155,621,825,704.34784,833.56586,1.16,1567212017953
tap2,154,0,204,92.91397,254.86725,1.3,1567212019077
tap2,158,0,135,69.93524,154.91931,1.14,1567212020190
tap2,159,621,756,681.3691,783.59186,1.15,1567212021059
tap2,160,0,756,83.922295,776.5955,1.14,1567212021947
tap2,161,621,135,681.3691,179.9063,1.3299999,1567212022918
tap2,162,0,66,70.93432,111.941696,1.15,1567212025183
tap2,163,621,687,682.36816,702.63403,1.38,1567212026188
tap2,164,0,687,70.93432,750.609,1.0799999,1567212027240
tap2,165,621,66,702.3497,81.95731,1.5899999,1567212029079
tap2,169,897,66,967.10455,112.94118,1.55,1567212030070
tap2,168,276,687,348.67715,720.62463,1.3399999,1567212031061
tap2,166,276,66,364.66235,122.93597,1.51,1567212032154
tap2,167,897,687,968.10364,740.61426,1.3199999,1567212033094
tap2,170,138,618,213.80203,655.6585,1.23,1567212034096
tap2,171,759,1239,827.2341,1270.3384,1.28,1567212035066
tap2,173,759,618,816.2442,638.66736,1.1999999,1567212035985
tap2,172,138,1239,205.80943,1272.3373,1.0799999,1567212036966
tap2,177,828,618,875.18964,702.63403,0.98999995,1567212037763
tap2,176,207,1239,245.77243,1285.3306,1.23,1567212038713
tap2,174,207,618,298.72342,655.6585,1.3199999,1567212039857
tap2,175,828,1239,894.17206,1288.329,0.69,1567212040838
tap2,133,690,66,718.3349,86.95471,1.38,1567212042095
tap2,249,483,1032,536.50323,1064.4456,1.31,1567212043076
tap2,43,690,1032,754.3016,1061.4471,1.25,1567212043954
tap2,248,483,66,527.5116,84.95575,1.29,1567212045037
tap2,251,552,1101,616.42926,1118.4175,1.17,1567212045997
tap2,250,345,135,423.6078,111.941696,1.4,1567212046998
tap2,252,345,1101,392.63644,1104.4248,1.1999999,1567212047949
tap2,253,552,135,579.46344,135.9292,1.43,1567212048878
tap2,254,414,135,462.5717,147.92296,1.4499999,1567212049839
tap2,139,621,1101,700.3515,1120.4164,1.13,1567212050830
tap2,161,621,135,675.37463,153.91983,1.43,1567212051800
tap2,255,414,1101,522.5162,1108.4227,1.22,1567212052679
tap2,178,276,618,350.6753,614.6798,1.23,1567212053598
tap2,179,897,1239,955.11566,1266.3405,1.29,1567212054528
tap2,181,897,618,953.1175,674.6486,1.17,1567212055417
tap2,180,276,1239,329.69473,1284.331,1.12,1567212056357
tap2,132,69,687,148.86217,739.61475,1.1999999,1567212057317
tap2,185,690,1308,752.3034,1343.3003,1.27,1567212058308
tap2,184,69,1308,135.87419,1388.2769,1.06,1567212059228
tap2,131,690,687,771.2858,745.61163,1.38,1567212060167
tap2,127,759,687,811.24884,716.6267,1.3299999,1567212061056
tap2,187,759,1308,834.2276,1352.2957,1.27,1567212062027
tap2,186,138,1308,198.81592,1339.3024,1.13,1567212062896
tap2,126,138,66,189.82423,134.92972,1.42,1567212064540
tap2,123,828,687,919.1489,712.62885,1.31,1567212065511
tap2,188,207,1308,254.76411,1367.2878,1.01,1567212066482
tap2,124,207,687,294.7271,716.6267,1.0799999,1567212067421
tap2,189,828,1308,914.15356,1330.3071,1.3399999,1567212068413
tap2,317,552,687,614.4311,684.6434,1.41,1567212069363
tap2,316,345,1653,427.60406,1713.1077,1.12,1567212070385
tap2,314,345,687,419.61148,712.62885,1.36,1567212071345
tap2,315,552,1653,616.42926,1663.1338,1.37,1567212072285
tap2,266,345,273,386.642,294.84644,1.38,1567212073337
tap2,335,483,963,559.48193,996.48096,1.31,1567212074247
tap2,272,483,273,564.47736,312.83707,1.26,1567212075176
tap2,334,345,963,421.60962,984.48724,1.1999999,1567212076096
tap2,318,414,687,468.56613,726.6215,1.2099999,1567212077005
tap2,233,621,1653,675.37463,1685.1223,1.17,1567212077986
tap2,163,621,687,704.34784,730.61945,1.24,1567212078824
tap2,319,414,1653,479.55597,1695.1171,1.16,1567212079866
tap2,269,552,273,624.4218,277.8553,1.35,1567212080970
tap2,336,414,963,498.5384,1004.4768,0.96999997,1567212081889
tap2,337,552,963,634.4126,1016.4706,1.16,1567212082829
tap2,270,414,273,505.53192,299.8438,1.24,1567212083891
tap2,168,276,687,363.66327,715.62726,1.22,1567212084872
tap2,191,897,1308,985.0879,1371.2858,1.25,1567212085935
tap2,167,897,687,955.11566,740.61426,1.23,1567212087048
tap2,190,276,1308,344.68085,1371.2858,1.24,1567212088009
tap2,192,0,1377,81.92415,1420.2603,1.11,1567212089051
tap2,160,0,756,83.922295,816.5747,1.14,1567212090021
tap2,193,621,1377,684.36633,1455.2421,1.06,1567212091084
tap2,159,621,756,702.3497,777.595,1.27,1567212092045
tap2,194,69,1377,155.85568,1427.2566,1.03,1567212093015
tap2,59,690,756,751.3043,776.5955,1.1,1567212094027
tap2,60,69,756,140.86957,765.60126,1.16,1567212095048
tap2,195,690,1377,757.2988,1435.2524,1.25,1567212096141
tap2,28,138,756,220.79556,771.5981,1.02,1567212097194
tap2,197,759,1377,821.2396,1414.2634,1.0799999,1567212098134
tap2,27,759,756,822.23865,806.5799,1.27,1567212099115
tap2,196,138,1377,196.81776,1418.2612,1.02,1567212100055
tap2,84,207,756,269.75024,806.5799,1.13,1567212101025
tap2,199,828,1377,877.1878,1437.2513,1.0699999,1567212101965
tap2,83,828,756,847.2156,800.583,1.3399999,1567212102875
tap2,198,207,1377,239.77798,1391.2754,1.23,1567212103815
tap2,200,276,1377,341.68362,1449.2451,1.24,1567212104745
tap2,119,897,756,969.10266,795.58563,1.2099999,1567212105756
tap2,120,276,756,343.68176,786.5903,1.39,1567212106727
tap2,201,897,1377,979.09344,1418.2612,1.1999999,1567212107697
tap2,242,345,66,401.6281,119.93753,1.37,1567212108944
tap2,347,966,687,1008.0666,722.6236,1.0799999,1567212109955
tap2,338,966,66,1008.0666,116.939095,1.22,1567212111222
tap2,314,345,687,396.63275,729.62,1.4399999,1567212112234
tap2,322,345,756,420.61053,815.5752,1.25,1567212113144
tap2,339,966,135,991.08234,175.90837,1.41,1567212114513
tap2,348,966,756,1010.06476,782.5924,0.89,1567212115381
tap2,250,345,135,442.5902,164.91411,1.4499999,1567212116423
tap2,258,345,204,426.605,199.89589,1.31,1567212117404
tap2,349,966,825,1014.06104,867.54816,0.96,1567212118344
tap2,340,966,204,1024.0518,216.88704,1.03,1567212119478
tap2,326,345,825,379.64847,857.55334,1.2099999,1567212120439
tap2,330,345,894,402.6272,939.5106,1.36,1567212121369
tap2,341,966,273,1032.0444,289.84903,0.91999996,1567212122298
tap2,266,345,273,392.63644,292.84747,1.3,1567212123259
tap2,350,966,894,997.0768,943.50854,1.0799999,1567212124301
tap2,76,207,894,271.74838,911.5252,1.13,1567212125159
tap2,219,828,1515,903.16376,1556.1895,1.0799999,1567212126191
tap2,218,207,1515,299.72247,1516.2103,0.94,1567212127152
tap2,75,828,894,902.1647,903.5294,0.98999995,1567212128030
tap2,220,276,1515,362.6642,1533.2014,0.91999996,1567212128940
tap2,111,897,894,983.0897,911.5252,1.22,1567212129818
tap2,112,276,894,391.6374,907.5273,1.23,1567212130698
tap2,221,897,1515,1012.0629,1574.18,0.91999996,1567212132128
tap2,225,690,1584,753.3025,1666.1322,1.23,1567212133191
tap2,48,69,963,132.87697,1027.4648,1.25,1567212134223
tap2,47,690,963,765.2914,978.49036,1.27,1567212135122
tap2,224,69,1584,140.86957,1643.1442,1.14,1567212136154
tap2,165,621,66,704.34784,95.95003,1.6899999,1567212138381
tap2,247,414,1032,476.55875,1096.429,1.42,1567212139434
tap2,143,621,1032,731.3229,1062.4467,1.4499999,1567212140405
tap2,246,414,66,465.5689,99.947945,1.36,1567212141815
tap2,15,759,963,834.2276,992.48303,1.1,1567212142826
tap2,226,138,1584,214.80112,1645.1431,1.1,1567212143807
tap2,227,759,1584,853.21,1619.1566,1.05,1567212144890
tap2,16,138,963,200.81406,996.48096,1.29,1567212145891
tap2,72,207,963,288.73267,994.482,1.22,1567212146750
tap2,229,828,1584,881.1841,1626.153,1.09,1567212147792
tap2,71,828,963,877.1878,996.48096,1.1899999,1567212148732
tap2,228,207,1584,267.75208,1627.1525,1.17,1567212149723
tap2,242,345,66,407.62256,107.94378,1.4599999,1567212151092
tap2,243,552,1032,638.4089,1064.4456,1.18,1567212152083
tap2,244,345,1032,396.63275,1080.4373,1.2099999,1567212152982
tap2,245,552,66,622.4237,80.95783,1.42,1567212154147
tap2,148,0,963,69.93524,999.47943,0.83,1567212155220
tap2,223,621,1584,675.37463,1590.1718,1.28,1567212156262
tap2,147,621,963,678.3719,999.47943,1.4,1567212157284
tap2,222,0,1584,71.933395,1567.1837,0.90999997,1567212158285
tap2,252,345,1101,417.6133,1117.418,1.35,1567212159225
tap2,344,966,480,1026.0499,487.74594,0.96,1567212160288
tap2,290,345,480,438.5939,478.75064,1.4699999,1567212161238
tap2,353,966,1101,1005.0694,1121.4159,1.18,1567212162229
tap2,345,966,549,1015.0601,569.70325,1.11,1567212163241
tap2,260,345,1170,400.62906,1212.3685,1.39,1567212164263
tap2,354,966,1170,1026.0499,1205.3722,1.03,1567212165315
tap2,298,345,549,416.61426,611.6814,1.31,1567212166408
tap2,346,966,618,1029.0472,648.6621,0.93,1567212167389
tap2,268,345,1239,405.62442,1252.3477,1.15,1567212168370
tap2,355,966,1239,1032.0444,1257.3451,0.84,1567212169331
tap2,306,345,618,430.6013,635.6689,1.28,1567212170363
tap2,314,345,687,442.5902,719.6252,1.16,1567212171272
tap2,356,966,1308,991.08234,1348.2977,1.13,1567212172243
tap2,347,966,687,992.0814,715.62726,1.1999999,1567212173193
tap2,276,345,1308,413.61703,1330.3071,1.27,1567212174092
tap2,257,483,1101,585.4579,1148.4019,1.14,1567212175002
tap2,61,690,135,745.3099,151.92087,1.37,1567212176085
tap2,39,690,1101,751.3043,1151.4003,1.1,1567212177076
tap2,256,483,135,545.49493,161.91566,1.5,1567212178118
tap2,258,345,204,428.60315,210.89015,1.25,1567212179007
tap2,259,552,1170,619.42645,1226.3612,1.3199999,1567212180049
tap2,260,345,1170,415.61517,1220.3644,1.28,1567212180928
tap2,261,552,204,626.42,197.89693,1.3299999,1567212181960
tap2,157,621,204,672.37744,221.88443,1.35,1567212182900
tap2,263,414,1170,499.53748,1197.3763,1.16,1567212183850
tap2,262,414,204,461.57263,238.87558,1.26,1567212184923
tap2,135,621,1170,676.3737,1189.3805,1.1899999,1567212185884
tap2,244,345,1032,396.63275,1097.4283,1.29,1567212186752
tap2,361,966,1653,1028.0481,1725.1014,0.90999997,1567212188008
tap2,352,966,1032,997.0768,1037.4596,1.25,1567212188989
tap2,316,345,1653,430.6013,1697.1161,1.28,1567212189991
tap2,282,345,411,401.6281,467.75638,1.25,1567212190962
tap2,283,552,1377,616.42926,1421.2598,1.0699999,1567212191912
tap2,284,345,1377,420.61053,1408.2665,1.03,1567212192831
tap2,285,552,411,629.41724,399.79178,1.12,1567212193802
tap2,145,621,411,702.3497,459.76053,1.39,1567212194865
tap2,287,414,1377,482.5532,1394.2738,1.1899999,1567212195825
tap2,193,621,1377,697.3543,1422.2592,1.26,1567212196734
tap2,286,414,411,461.57263,482.74857,1.43,1567212197807
tap2,288,483,411,566.47546,433.77408,1.24,1567212198747
tap2,195,690,1377,796.2627,1385.2784,1.01,1567212199738
tap2,289,483,1377,586.457,1440.2499,1.29,1567212200648
tap2,45,690,411,743.31177,462.75897,1.3299999,1567212201670
tap2,31,690,1170,776.28125,1196.3768,1.31,1567212202548
tap2,264,483,204,567.47455,230.87975,1.27,1567212203560
tap2,57,690,204,755.30066,223.88339,1.3299999,1567212204480
tap2,265,483,1170,542.4977,1195.3773,1.35,1567212205430
tap2,300,345,1515,433.5985,1538.1989,1.24,1567212206360
tap2,350,966,894,1035.0416,938.51117,0.87,1567212207300
tap2,330,345,894,430.6013,914.5237,1.3,1567212208229
tap2,359,966,1515,1012.0629,1556.1895,1.02,1567212209292
tap2,351,966,963,1023.05273,978.49036,0.96,1567212210283
tap2,308,345,1584,455.5782,1651.14,1.3399999,1567212211264
tap2,360,966,1584,1024.0518,1539.1982,0.96999997,1567212212224
tap2,334,345,963,431.60037,986.4862,1.2099999,1567212213175
tap2,137,621,549,741.3136,540.7184,1.37,1567212214023
tap2,303,414,1515,513.52454,1509.2139,1.27,1567212214973
tap2,213,621,1515,712.34045,1540.1978,1.22,1567212215851
tap2,302,414,549,478.5569,546.7152,1.4599999,1567212216832
tap2,254,414,135,463.57077,162.91515,1.36,1567212217793
tap2,329,552,825,646.4015,888.5372,1.3,1567212218661
tap2,253,552,135,625.4209,143.92503,1.55,1567212219652
tap2,328,414,825,508.52914,839.5627,1.28,1567212220561
tap2,334,345,963,417.6133,982.4883,1.23,1567212221461
tap2,342,966,342,1007.0675,368.8079,1.2099999,1567212222605
tap2,274,345,342,430.6013,393.7949,1.24,1567212223647
tap2,351,966,963,1017.0583,1012.47266,1.02,1567212224780
tap2,282,345,411,372.65494,421.7803,1.26,1567212225710
tap2,352,966,1032,1007.0675,1076.4393,1.04,1567212226538
tap2,343,966,411,1035.0416,413.7845,0.87,1567212227508
tap2,244,345,1032,394.6346,1066.4446,1.25,1567212228377
tap2,322,345,756,427.60406,856.55383,1.28,1567212229429
tap2,357,966,1377,1007.0675,1439.2504,1.16,1567212230318
tap2,348,966,756,997.0768,820.5726,1.3,1567212231350
tap2,284,345,1377,412.61795,1407.267,1.3,1567212232301
tap2,292,345,1446,406.6235,1478.2301,0.91999996,1567212233200
tap2,349,966,825,1017.0583,872.54553,1.05,1567212234170
tap2,326,345,825,429.60223,906.52783,1.18,1567212235105
tap2,358,966,1446,1000.07404,1497.2202,1.3199999,1567212236101
tap2,131,690,687,745.3099,689.6408,1.37,1567212236960
tap2,321,483,1653,537.5023,1675.1274,1.35,1567212237879
tap2,320,483,687,553.4875,707.6314,1.5,1567212238860
tap2,235,690,1653,777.2803,1709.1097,1.41,1567212239841
tap2,362,0,1722,85.92044,1753.0869,1.16,1567212241118
tap2,139,621,1101,681.3691,1161.395,1.4,1567212242283
tap2,140,0,1101,101.90564,1171.3899,1.4,1567212243377
tap2,371,621,1722,718.3349,1771.0775,1.3399999,1567212244501
tap2,39,690,1101,780.2775,1145.4034,1.41,1567212245349
tap2,363,69,1722,166.84552,1758.0842,1.14,1567212246381
tap2,372,690,1722,781.2766,1774.0759,1.27,1567212247495
tap2,40,69,1101,149.86124,1159.3961,1.18,1567212248680
tap2,136,0,1170,86.91952,1192.3789,1.24,1567212249692
tap2,386,621,1791,683.36725,1825.0494,1.25,1567212250877
tap2,135,621,1170,687.3635,1184.383,1.4499999,1567212251950
tap2,377,0,1791,78.92692,1838.0426,1.0699999,1567212253227
tap2,31,690,1170,785.2729,1208.3706,1.3299999,1567212254269
tap2,378,69,1791,129.87975,1827.0483,1.15,1567212255372
tap2,32,69,1170,143.86679,1209.3701,1.3,1567212256476
tap2,387,690,1791,764.2923,1819.0525,1.3199999,1567212257733
tap2,8,138,1101,215.80019,1120.4164,1.27,1567212258724
tap2,373,759,1722,843.21924,1763.0817,0.98999995,1567212259725
tap2,7,759,1101,807.25256,1151.4003,1.22,1567212260747
tap2,364,138,1722,223.79279,1760.0833,0.85999995,1567212261697
tap2,374,828,1722,912.1554,1731.0984,1.28,1567212262719
tap2,64,207,1101,238.77892,1185.3826,1.31,1567212263762
tap2,365,207,1722,276.74374,1760.0833,1.3,1567212264661
tap2,63,828,1101,894.17206,1112.4205,1.4,1567212265550
tap2,379,138,1791,209.80574,1828.0479,1.0,1567212266531
tap2,3,759,1170,848.2146,1195.3773,1.29,1567212267440
tap2,4,138,1170,191.82239,1209.3701,1.26,1567212268452
tap2,388,759,1791,866.198,1841.0411,1.18,1567212269627
tap2,380,207,1791,262.7567,1825.0494,1.13,1567212270587
tap2,35,828,1170,911.1564,1208.3706,1.24,1567212271476
tap2,389,828,1791,895.17114,1844.0396,1.05,1567212272722
tap2,36,207,1170,238.77892,1216.3665,1.38,1567212273642
tap2,100,276,1101,342.6827,1163.394,1.15,1567212274521
tap2,375,897,1722,960.111,1748.0895,1.29,1567212275635
tap2,99,897,1101,972.0999,1140.406,1.16,1567212276626
tap2,366,276,1722,330.69382,1786.0697,1.29,1567212277556
tap2,368,414,1722,524.51434,1763.0817,1.3,1567212278465
tap2,159,621,756,701.3506,785.5908,1.25,1567212279477
tap2,371,621,1722,686.3645,1719.1046,1.38,1567212280478
tap2,324,414,756,471.56335,810.5778,1.28,1567212281418
tap2,96,276,1170,386.642,1209.3701,1.4,1567212282358
tap2,390,897,1791,960.111,1809.0577,1.18,1567212283288
tap2,95,897,1170,957.1138,1209.3701,1.25,1567212284269
tap2,381,276,1791,326.6975,1831.0463,1.1999999,1567212285321
tap2,385,552,1791,647.4006,1817.0536,1.25,1567212286241
tap2,326,345,825,409.62073,862.5507,1.26,1567212287385
tap2,382,345,1791,423.6078,1827.0483,1.0799999,1567212288417
tap2,329,552,825,655.3932,838.56323,1.24,1567212289623
tap2,323,483,756,575.46716,809.5783,1.35,1567212290532
tap2,372,690,1722,746.30896,1791.0671,1.0699999,1567212291595
tap2,59,690,756,770.2868,788.58923,1.12,1567212292617
tap2,369,483,1722,559.48193,1759.0837,1.13,1567212293628
tap2,353,966,1101,987.08606,1101.4263,1.16,1567212294507
tap2,367,345,1722,431.60037,1740.0936,1.15,1567212295365
tap2,252,345,1101,432.59946,1149.4014,1.16,1567212296254
tap2,376,966,1722,1012.0629,1718.1051,1.0699999,1567212297204
tap2,383,414,1791,492.54395,1823.0504,1.17,1567212298226
tap2,155,621,825,714.33856,853.5554,1.28,1567212299095
tap2,328,414,825,487.54858,859.5523,1.3399999,1567212299922
tap2,386,621,1791,708.3441,1815.0546,1.1899999,1567212300995
tap2,55,690,825,796.2627,840.5622,1.09,1567212302038
tap2,384,483,1791,550.4903,1843.04,1.06,1567212303304
tap2,327,483,825,539.5005,900.53094,1.25,1567212304306
tap2,387,690,1791,764.2923,1802.0614,1.23,1567212305318
drag1,2,410.12027,652.66003,1.1999999,1779.673538,60.79144554522364
drag1,3,703.34875,910.52576,1.15,2037.653,63.12533050305413
drag1,4,691.35986,665.65326,0.97999996,1523.855308,73.81048586255571
drag1,5,416.61426,911.5252,1.22,2096.245,73.16710266208909
drag1,9,398.6309,848.55804,0.96999997,1736.801154,68.95829561363703
drag1,17,712.34045,1033.4617,0.71999997,2385.061154,78.49226231126266
drag1,16,398.6309,1108.4227,0.89,3035.624154,66.3712546716183
drag1,7,659.38947,804.58093,1.41,2361.7073849999997,69.88954084767781
drag1,4,715.33765,663.65436,1.27,1820.032231,79.94150530263532
drag1,10,412.61795,363.81052,1.01,2253.738077,74.00624084556814
drag1,2,400.62906,617.6783,1.26,1911.9958459999998,76.21958394551
drag1,11,702.3497,353.8157,1.3,2758.323461,78.82476728073159
drag1,4,699.3525,623.6752,1.23,2325.9719999999998,66.12231447847772
drag1,18,400.62906,1198.3759,1.01,2364.029538,66.6066628233319
drag1,2,420.61053,649.6616,1.27,2297.2534619999997,69.7783431500952
drag1,19,709.8428,1143.904,0.95,2903.55023,96.98753292339391
drag1,13,716.33673,237.8761,1.1,2668.181923,68.34425027570545
drag1,6,431.60037,500.7392,0.87,2313.386923,75.46283801500991
drag1,12,425.60593,210.89015,1.11,1850.395616,73.87784385888739
drag1,8,663.38574,468.75586,1.26,2560.0450769999998,80.25203926447406
drag1,19,659.38947,1167.392,0.94,1829.899461,73.50104266294035
drag1,22,396.63275,1461.2389,0.83,1871.302769,93.56320376727145
drag1,18,383.64478,1248.3497,0.94,2337.74477,73.07363247041661
drag1,23,666.383,1472.2332,0.87,1860.504154,69.66692604469586
drag1,14,419.61148,73.96148,1.0699999,3233.792231,72.57918186166404
drag1,11,639.40796,347.81885,1.12,2034.0591539999998,67.11555468186403
drag1,10,409.62073,393.7949,0.95,1848.283231,67.58919653557565
drag1,15,651.39685,80.95783,1.2099999,2606.8031539999997,48.9657843091089
drag1,17,715.33765,1058.4487,1.12,3620.0798459999996,69.89484461477629
drag1,20,386.642,1380.2811,1.04,2625.836077,71.3438534983452
drag1,21,630.41626,1376.2832,1.0,2666.303308,64.1119676145225
drag1,16,418.6124,1084.4352,1.27,2431.781615,67.85124457120256
drag1,24,261.75763,84.95575,0.98999995,2590.693308,66.45114606962277
drag1,26,543.49677,377.80322,1.12,1758.580154,56.14752925742916
drag1,27,413.61703,377.80322,0.71,554.189154,235.23559156098986
drag1,25,540.4995,86.95471,1.18,1765.406769,88.23774042099507
drag1,66,875.5129,1455.9181,1.36,3115.1793079999998,72.163191928756
drag1,41,563.4783,1240.5679,1.04,1594.447,71.611798518025
drag1,42,516.5217,1490.2238,0.87,1535.22877,58.9751799809607
drag1,65,855.2576,1209.3701,1.13,1737.4136919999999,69.82068855540892
drag1,36,265.75394,769.5991,1.0,2459.225077,70.74222709417289
drag1,38,554.4866,1051.4524,1.22,2063.483385,66.1744714687482
drag1,39,266.75302,1094.4299,1.13,1717.4282309999999,69.95347550271775
drag1,37,562.4792,786.5903,1.18,2670.463539,64.71111809787105
drag1,16,420.219,1052.8435,1.22,1756.779231,57.74048208026718
drag1,56,108.89917,1373.2847,1.12,2864.580461,75.94533911624988
drag1,20,380.4355,1369.4989,0.93,2651.6387689999997,69.80030487260932
drag1,53,94.91212,1099.4274,1.02,2117.319462,78.59227280151971
drag1,59,839.22296,205.89276,1.31,3841.286462,69.15105176164353
drag1,30,557.4838,501.73868,1.09,1995.0408459999999,59.134479021006314
drag1,29,580.4625,223.88339,1.29,2028.7269999999999,75.12223014150656
drag1,60,819.24146,473.66248,1.17,2524.1993079999997,73.61469056750748
drag1,33,536.50323,662.65485,1.24,1726.897385,59.752908549146916
drag1,62,792.2664,906.0281,0.87,1941.529153,83.60229545837338
drag1,61,865.1989,605.6845,1.24,2222.235769,75.3265275556352
drag1,34,553.4875,914.5237,1.12,2045.5128459999999,66.36622354439996
drag1,6,405.62442,539.7189,1.28,2564.717616,59.60991256729734
drag1,48,121.887146,263.86258,1.05,2130.056847,61.58576641074272
drag1,12,417.6133,203.25252,0.97999996,1963.648,75.47544945452418
drag1,49,130.11435,514.5842,1.03,1503.8512309999999,69.3963238813996
drag1,51,114.893616,935.51276,0.98999995,2773.5286929999997,75.24709393097042
drag1,2,385.6429,629.17236,1.14,2158.403923,77.45948126264368
drag1,5,385.6429,899.5315,0.97999996,2235.530154,71.81803249632173
drag1,50,52.950974,652.66003,1.05,2360.006847,78.82796799828077
drag1,37,531.5079,758.60486,1.22,2148.982385,76.05793751207275
drag1,64,826.235,1054.4508,1.01,2026.634539,75.03856526718437
drag1,38,572.4699,1069.8346,1.26,1666.4178459999998,79.58163553058174
drag1,63,840.12274,810.5778,1.13,1860.2869999999998,75.83540197628211
drag1,29,568.47363,195.89796,1.3299999,2343.462462,81.7993983777755
drag1,31,223.79279,489.7449,1.23,1993.0705389999998,60.757454353127734
drag1,28,271.74838,192.89952,0.95,2463.413769,80.90448539947727
drag1,30,558.4829,439.42706,0.96999997,2255.763693,76.60784944405694
drag1,42,516.5217,1502.2175,1.01,3500.2729999999997,69.52324259461473
drag1,40,252.44684,1229.6788,0.96999997,2525.062615,67.76806735464021
drag1,41,460.84357,1207.6412,0.96999997,1963.426616,73.3767247317225
drag1,43,259.7595,1500.2186,1.27,2178.774077,63.29831503814171
drag1,45,237.77983,1416.2623,0.9,1676.067308,64.95953297759921
drag1,82,529.0131,1644.6405,1.16,2167.744693,70.63767496441255
drag1,80,273.74652,1645.1431,1.1,1727.780385,59.97593323575116
drag1,44,535.50415,1360.2915,0.97999996,2771.912,69.81093678778299
drag1,57,842.22015,82.956795,0.97999996,3016.048077,58.29723619072777
drag1,26,862.20166,143.92503,0.47,19.215616,401.6590594023742
drag1,58,845.51666,338.52417,1.4499999,1777.603539,69.44771006313992
drag1,25,567.47455,108.94325,1.24,2330.104539,62.50954308506902
drag1,64,825.0198,1094.997,1.38,2252.046,52.044492566394545
drag1,44,503.53375,1363.2899,1.17,2211.751923,61.12386468994489
drag1,38,560.481,1091.4315,1.4599999,2104.876539,61.84799002032284
drag1,67,818.2424,1338.303,1.17,2924.182231,68.35293311379277
drag1,9,349.67624,840.5622,1.03,2807.273385,72.96178648626713
drag1,53,113.89455,1084.4352,1.12,1789.0855379999998,58.405553548200146
drag1,16,375.65216,1068.4435,0.93,1716.9208469999999,59.02889712185414
drag1,52,108.89917,821.5721,0.96,1920.433693,69.18477542162819
drag1,74,935.13416,773.59705,0.71,2680.856616,76.3601662351561
drag1,17,710.2934,1065.494,1.15,2218.988769,65.46984512447645
drag1,75,966.10547,1070.4425,0.98999995,1768.4721539999998,80.96755315160348
drag1,7,687.3635,800.583,1.29,2027.256001,56.29855306447338
drag1,70,972.0999,222.88391,1.01,2339.748538,63.57412848458863
drag1,8,675.37463,482.74857,1.24,2119.754,61.48471234913251
drag1,13,663.38574,229.88026,1.06,1909.726692,69.53261510453413
drag1,71,959.9155,497.74075,1.31,2697.339154,57.61718119013477
drag1,78,962.1092,1320.3123,0.83,2998.800154,68.41027863204087
drag1,83,655.1281,1643.1442,0.94,1918.825846,64.18811476922858
drag1,21,653.3712,1378.2821,1.1899999,1786.848462,76.12939830141754
drag1,85,973.099,1611.1608,1.22,1666.418692,60.23983133170883
drag1,19,656.3922,1208.3706,1.3,2509.6313849999997,63.09907152814128
drag1,77,967.10455,1479.2295,0.94,1686.850769,76.323645478543
drag1,76,983.0897,1310.3175,1.04,721.189847,31.226420620521274
drag1,23,678.3719,1498.2196,1.0,1545.3385389999999,70.61071819373524
drag1,15,698.3534,79.95835,1.1899999,2391.846001,64.41248791601254
drag1,69,944.1258,332.82663,1.17,2321.5699999999997,65.69806605459678
drag1,11,675.37463,403.78967,1.3199999,2482.224615,67.9684693975521
drag1,68,960.111,78.95887,1.1,1798.447538,57.82427513196863
drag1,21,675.5328,1379.2816,1.04,2722.697077,55.663345015904405
drag1,75,943.1267,1132.4102,0.90999997,1879.622385,69.18327379123082
drag1,17,666.383,1091.4315,0.96999997,1717.794692,61.15142959025969
drag1,78,961.80304,1359.9852,1.0699999,1809.991615,63.324985664727166
drag1,54,139.87048,1222.3633,0.88,2124.238692,60.97438061703428
drag1,22,380.64755,1506.0167,0.9,1829.5183069999998,69.4851460382973
drag1,18,419.61148,1223.3628,1.12,1706.2713079999999,72.92379259902667
drag1,55,101.90564,1490.0869,1.0799999,1492.075077,68.97486838695579
drag1,67,803.2562,1404.2686,0.84999996,2710.612154,71.26360374016892
drag1,82,565.47644,1631.3798,1.16,1370.438923,66.28826445729692
drag1,84,799.25995,1631.1504,0.98999995,1758.920077,75.72497614479272
drag1,44,568.47363,1294.3258,1.1899999,1983.354308,83.8207284810781
drag1,38,532.50696,1071.4419,1.12,2191.5743079999997,72.00341402426864
drag1,45,247.77058,1374.0725,1.2099999,1450.653615,70.32821894967785
drag1,44,530.5088,1376.2832,1.29,1381.891077,68.2081047618329
drag1,39,256.76227,1122.4154,1.13,2362.8726149999998,72.81361487411506
drag1,56,118.889915,1340.3019,1.1,1522.334001,64.72926325764287
drag1,81,389.63922,1669.1306,1.04,2426.530077,62.23171755243663
drag1,20,413.61703,1363.2899,1.14,1686.832692,75.81518949106518
drag1,79,126.882515,1626.153,1.11,2129.162077,70.14097673523929
drag1,33,530.5088,665.15356,1.13,2181.5740769999998,64.12594200757269
drag1,35,248.76965,914.5237,1.0699999,2165.965154,73.05458988658535
drag1,34,546.17224,907.5273,1.1999999,1697.936923,70.96786205340257
drag1,32,262.7567,651.6606,1.3299999,1962.710615,62.860689937486384
drag1,9,340.68454,738.6153,1.05,1042.517231,79.67785153942
drag1,8,707.84454,491.74387,0.9,1643.767539,88.95387567639126
drag1,6,367.65958,525.7262,0.93,1432.328847,69.97867654256991
drag1,7,653.395,792.58716,1.25,2364.212846,62.598270137740386
drag1,14,399.62997,93.951065,1.4499999,2330.373538,78.67066688538829
drag1,47,81.92415,318.83392,1.17,2342.311693,69.87045444684439
drag1,46,111.89639,109.94273,1.35,1624.079231,64.82587080888224
drag1,10,391.6374,331.82718,1.12,1873.1541539999998,70.53736062347085
drag1,4,667.3821,635.6689,0.90999997,1704.65877,57.139904335465886
drag1,73,940.1295,937.5117,0.9,1503.135846,60.38711755570781
drag1,72,967.10455,651.6606,0.98999995,1665.05677,68.4062227185756
drag1,3,654.3941,957.5013,0.96999997,2278.479616,58.14636093050433
