       
     ,,407.62256,716.6267,0.78,47.694944041310585
     ,,702.3497,998.4799,0.7,54.463544145479595
     ,,676.3737,745.61163,0.9,42.47779711729946
     ,,370.6568,1022.46747,0.64,23.075628457630813
     ,,425.60593,845.5596,0.68,66.77500943112585
     ,,652.39594,1191.3795,0.74,45.59193757706356
     ,,369.6577,1149.4014,0.76,10.239177444862978
     ,,692.35895,866.54865,0.78999996,45.175165495034335
     ,,691.35986,706.63196,0.79999995,43.98142547220736
     ,,369.6577,436.7725,0.82,14.467827347356627
     ,,401.6281,718.6257,0.83,41.88432416169607
     ,,658.3904,440.77042,0.78,18.058937147285693
     ,,682.36816,710.6299,0.71999997,34.533004370955034
     ,,377.65033,1254.3467,0.75,39.783079115823085
     ,,401.6281,721.62415,0.91999996,42.32053129898567
     ,,726.32745,1282.332,0.75,78.70189155472505
     ,,679.371,301.84277,0.84,37.11971877344588
     ,,379.64847,565.7053,0.91999996,20.112348253745182
     ,,399.62997,242.8735,0.91999996,55.69037176612457
     ,,671.37836,544.7163,0.82,34.435630153098565
     ,,674.3756,1292.3269,0.78,26.478053271044423
     ,,376.65125,1530.203,0.71999997,50.61439412748238
     ,,393.63553,1271.3378,0.7,38.46592861648543
     ,,656.3922,1552.1915,0.71999997,27.138651979266847
     ,,404.62534,141.92607,0.84,44.797707760032786
     ,,649.3987,472.75375,0.7,46.77467040855582
     ,,358.6679,415.78345,0.76,10.303029633580508
     ,,682.36816,139.92712,0.79999995,34.422151414875664
     ,,680.37006,1121.4159,0.88,40.64724867712873
     ,,402.6272,1394.2738,0.78999996,58.26876194256774
     ,,689.3617,1440.2499,0.74,41.83121720050134
     ,,371.65588,1148.4019,0.68,11.900778823123058
     ,,392.63644,845.5596,0.7,34.92709226040173
     ,,668.3811,578.6986,0.75,22.15976463286533
     ,,406.6235,593.6908,0.76,52.29727521672311
     ,,692.35895,849.5575,0.7,45.155200525854134
     ,,274.7456,122.93597,0.83,60.64627991418137
     ,,550.4903,418.78186,0.90999997,47.04730712068376
     ,,240.77705,442.76938,0.96999997,29.918463485897405
     ,,529.5097,163.91463,0.75,36.36362089654359
     ,,755.30066,1542.1968,0.84,51.27097004366573
     ,,519.519,1345.2993,0.83,57.43564394392875
     ,,505.53192,1608.1624,0.79999995,30.20123098048525
     ,,833.2285,1282.332,0.71999997,41.93552486128969
     ,,243.77429,819.5731,0.72999996,47.41346215153868
     ,,580.4625,1165.393,0.75,78.8834832508547
     ,,230.78632,1155.3982,0.76,17.520307555695943
     ,,536.50323,873.545,0.52,36.029248816130924
     ,,391.6374,1126.4133,0.76,37.20970428922315
     ,,127.88159,1425.2577,0.64,56.561296646874574
     ,,384.64386,1418.2612,0.65999997,29.24087370990901
     ,,118.889915,1140.406,0.65999997,47.22241991769283
     ,,834.2276,280.85373,0.79999995,42.24315502710896
     ,,518.5199,594.69025,0.65,28.643248743074608
     ,,540.4995,312.83707,0.83,47.78220416962577
     ,,819.24146,536.72046,0.76,43.007263630509776
     ,,503.53375,744.6122,0.84,30.61573306935392
     ,,837.2248,993.48254,0.72999996,46.01987519045435
     ,,814.2461,725.6221,0.82,25.099027978837803
     ,,513.52454,1009.4742,0.71,12.107030479903504
     ,,406.6235,566.70483,0.76,46.73980427711254
     ,,130.87881,274.85684,0.78,59.31053469479047
     ,,424.60684,296.8454,0.91999996,66.29049614223302
     ,,86.91952,562.7069,0.75,16.60666061121492
     ,,109.89824,1010.4737,0.83,38.83400593569646
     ,,398.6309,750.609,0.65999997,53.22184869402932
     ,,370.6568,1032.4623,0.77,32.27255631535277
     ,,145.86494,717.6262,0.94,73.95390115722329
     ,,529.5097,859.5523,0.71,25.556891158424346
     ,,796.2627,1105.4242,0.85999995,40.7991001936927
     ,,552.48846,1192.3789,0.7,67.09794423451326
     ,,823.23773,841.56165,0.84,35.29894325282109
     ,,530.5088,260.86414,0.76,33.903401827615994
     ,,252.76596,572.7017,0.7,36.86509410135474
     ,,248.76965,282.85266,0.74,32.78074449643994
     ,,550.4903,593.6908,0.82,52.17855285100401
     ,,531.5079,1488.2249,0.56,93.89494146500725
     ,,255.76318,1247.3503,0.7,58.31041171483577
     ,,563.4783,1285.3306,0.78999996,59.661280482868094
     ,,239.77798,1547.1941,0.78999996,38.91524807536825
     ,,273.74652,1439.2504,0.57,57.98471378304156
     ,,521.5171,1696.1166,0.53,31.253800010667458
     ,,225.79094,1703.1129,0.79999995,21.274032793668084
     ,,519.519,1531.2025,0.64,98.43356975257433
     ,,840.22205,220.88495,0.65,95.8920248857195
     ,,502.5347,426.7777,0.72999996,1.6588976186945643
     ,,823.23773,393.7949,0.79999995,44.86607759806202
     ,,522.5162,162.91515,0.9,31.042119857371365
     ,,838.2239,1137.4076,0.75,47.015702297474235
     ,,533.50604,1454.2426,0.71,35.782223569803705
     ,,562.4792,1138.4071,0.76,58.970054907080886
     ,,798.26086,1442.2488,0.7,10.355712488443645
     ,,394.6346,822.57153,0.78999996,49.545258903426685
     ,,126.882515,1161.395,0.48999998,57.00085151996551
     ,,424.60684,1116.4185,0.61,71.05710184720981
     ,,145.86494,827.569,0.94,79.88790661475271
     ,,951.1193,863.55023,0.71999997,16.105869258857137
     ,,715.33765,1153.3993,0.75,67.74295650501467
     ,,996.0777,1132.4102,0.77,61.595564942284
     ,,698.3534,859.5523,0.84999996,50.377315330371644
     ,,357.66882,155.9188,0.77,18.06979573165339
     ,,98.90842,429.77615,0.94,27.17208544865303
     ,,129.87975,155.9188,1.02,60.58999975186083
     ,,385.6429,450.76523,0.75,35.64934165499463
     ,,402.6272,1567.1837,0.81,43.97806214669156
     ,,123.88529,1790.0676,0.72999996,91.96634606190462
     ,,120.88807,1540.1978,0.91999996,61.798487968756355
     ,,410.6198,1801.0619,0.71999997,82.33664763720621
     ,,972.0999,285.8511,0.96999997,36.30474952762898
     ,,674.3756,559.7085,0.96,28.312327245738913
     ,,690.3608,246.87141,1.03,55.03138307059539
     ,,996.0777,599.6876,0.82,67.01257099678699
     ,,939.13043,1403.269,0.81,30.88998746147726
     ,,658.3904,1780.0729,0.87,58.99507554526968
     ,,679.371,1463.2379,0.85999995,42.883487964007685
     ,,950.12024,1703.1129,0.77,23.581839093241662
     ,,709.3432,1291.3274,0.95,61.35756058681047
     ,,943.1267,1585.1743,0.71,10.112408063609738
     ,,975.09717,1256.3456,0.91999996,51.586901997728646
     ,,672.37744,1556.1895,0.89,32.71023699855634
     ,,704.34784,104.945335,0.91999996,65.32755814072175
     ,,999.07495,382.80063,0.85999995,76.45021353353685
     ,,690.3608,437.77197,0.78999996,43.96606556754997
     ,,991.08234,149.9219,0.94,56.35774673718785
     ,,726.32745,1392.2748,0.87,88.74786730266055
     ,,987.08606,1126.4133,0.84,54.712184392966805
     ,,668.3811,1179.3857,0.76,39.115178152794336
     ,,931.1378,1462.2384,0.90999997,28.65393937809453
     ,,121.887146,1286.33,0.7,50.021960759211524
     ,,392.63644,1570.1821,0.76,33.55974659313558
     ,,382.6457,1291.3274,0.69,22.68456056900009
     ,,125.88344,1530.203,0.75,72.0276185329735
     ,,726.32745,691.6398,0.88,81.4565519309774
     ,,999.07495,1021.46796,0.71999997,66.01098997358952
     ,,966.10547,711.62933,0.84,30.19866401564761
     ,,677.3728,1004.4768,0.79999995,29.477043807131533
     ,,659.38947,1854.0343,0.45999998,16.51962030352486
     ,,931.1378,1580.177,0.74,5.327303004972625
     ,,712.34045,1568.1832,0.82,65.08504479175758
     ,,947.12305,1787.0692,0.71999997,79.71067162762608
     ,,852.21094,1393.2743,0.81,72.69071665189792
     ,,512.52545,1712.1083,0.7,13.05869528083117
     ,,841.22107,1705.1119,0.66999996,52.03768142983099
     ,,554.4866,1459.24,0.74,56.4442298748377
     ,,567.47455,1166.3925,0.75,66.66986238840997
     ,,265.75394,1413.2639,0.77,53.902127999543914
     ,,555.48566,1430.255,0.79999995,51.62167992423226
     ,,266.75302,1134.4092,0.72999996,52.05973761486264
     ,,567.47455,1506.2155,0.65,95.82295819265883
     ,,243.77429,1822.051,0.7,51.98964959376798
     ,,565.47644,1830.0468,0.66999996,71.21789594479642
     ,,258.7604,1565.1848,0.69,44.63945949655952
     ,,512.52545,1563.1858,0.95,17.09222378283171
     ,,804.2553,1799.063,0.56,68.049659532347
     ,,494.54208,1826.0488,0.7,41.05542977685814
     ,,829.2322,1591.1713,0.79999995,39.49325602281064
     ,,122.886215,1418.2612,0.58,53.2645826488133
     ,,444.58835,1689.1202,0.77,90.75388338570875
     ,,386.642,1455.2421,0.83,34.07376434527897
     ,,111.89639,1702.1134,0.66999996,44.57800901486164
     ,,548.4921,768.5997,0.71,70.43204757964475
     ,,249.76874,978.49036,0.9,41.146457832950034
     ,,547.49304,952.5039,0.82,65.89012064219472
       
      ,,205.80943,516.73083,0.6833.38405233488668
      ,,828.2331,1124.4143,0.6599999736.459297370977175
      ,,218.79741,1148.4019,0.7299999648.06150184903556
      ,,800.25903,522.7277,0.7110.648001780345014
      ,,72.93247,737.6158,0.6941.67461344297452
      ,,667.3821,1306.3196,0.6938.081578390426316
      ,,71.933395,1306.3196,0.5999999652.060367611346294
      ,,688.3626,713.6283,0.5999999633.79223065275191
      ,,398.6309,135.9292,0.740.26436520502743
      ,,613.432,1055.4503,0.5999999629.110624832723186
      ,,386.642,1034.4612,0.6699999632.82520405806938
      ,,612.4329,122.93597,0.7899999634.291238745729544
      ,,135.87419,457.76157,0.9099999734.61840935185269
      ,,752.3034,1063.446,0.5999999627.970627693528453
      ,,752.3034,443.76886,0.7899999627.85724713828942
      ,,134.87512,1039.4586,0.6341.42021989951262
      ,,404.62534,769.5991,0.7132.68224644600987
      ,,522.5162,1695.1171,0.729999969.120399691500046
      ,,394.6346,1650.1405,0.6540.30866573244182
      ,,535.50415,785.5908,0.6518.66144358007721
      ,,216.79926,582.6965,0.7844.30654221906994
      ,,814.2461,1194.3779,0.5923.083689334570913
      ,,180.83257,1184.383,0.6521.774366919155362
      ,,804.2553,563.70636,0.7622.526981251788072
      ,,815.2451,1064.4456,0.6699999621.841951813310732
      ,,202.81221,450.76523,0.7630.76609674409867
      ,,189.82423,1058.4487,0.6599999719.103717571617263
      ,,810.24976,451.7647,0.7999999517.882978111194348
      ,,845.7169,1015.9708,0.5955.38752573943998
      ,,215.80019,382.80063,0.8343.756188622733916
      ,,810.24976,386.79852,0.8919.662499746579844
      ,,183.82979,955.5023,0.7143.49907219698924
      ,,276.74374,115.93961,0.7199999738.47730687041713
      ,,875.18964,695.6377,0.7528.807736311808842
      ,,268.75116,718.6257,0.8127.40232596379829
      ,,868.1961,102.94638,0.789999966.19922585395317
      ,,687.3635,1180.3851,0.739.96011908001675
      ,,81.92415,574.7007,0.6699999648.23357581413072
      ,,74.93062,1183.3837,0.6699999645.61287553636373
      ,,660.38855,589.6929,0.669999967.889839768760486
      ,,118.889915,122.93597,0.6527.207022815383066
      ,,746.30896,692.6392,0.936.17423514072342
      ,,761.2951,102.94638,0.7899999636.876341041897184
      ,,126.882515,673.6491,0.7899999653.25833067127665
      ,,825.2359,736.61633,0.7899999635.15211129077234
      ,,231.78539,110.942215,0.760.19797956428866
      ,,221.79463,706.63196,0.8251.48805116293387
      ,,825.2359,121.936485,0.7738.29739294268942
      ,,227.7891,299.8438,0.7855.816673460282466
      ,,819.24146,938.51117,0.6227.619667321806197
      ,,219.79648,916.52264,0.8599999548.78948567679747
      ,,832.22943,287.85007,0.6599999743.42912270399711
      ,,897.1693,1205.3722,0.6699999634.68028086768895
      ,,258.7604,590.6923,0.8818.698960529714615
      ,,278.7419,1224.3623,0.6842.207478242783935
      ,,914.15356,583.696,0.6351.653936252690286
      ,,187.82608,173.90942,0.7299999615.947782182503438
      ,,817.2433,803.5814,0.7199999727.10843427988204
      ,,194.81961,794.5861,0.8322.690557479847417
      ,,818.2424,161.91566,0.8925.878698683144712
      ,,767.28955,1071.4419,0.6543.07398260689591
      ,,116.89177,441.7699,0.6913.901552174507758
      ,,732.3219,440.77042,0.689.140627593311121
      ,,144.86586,1048.4539,0.5999999645.13089445466072
      ,,183.82979,854.5549,0.7712.361974177572524
      ,,807.25256,229.88026,0.8499999616.230614468378576
      ,,219.79648,236.87662,0.7647.324330189113574
      ,,805.2544,869.5471,0.6115.463194812916027
      ,,140.86957,516.73083,0.7899999637.43609524904038
      ,,763.2933,1125.4138,0.5840.08302835326169
      ,,163.8483,1137.4076,0.6360.37843882852013
      ,,741.3136,509.7345,0.6699999617.475901039951403
      ,,736.31824,571.7022,0.8416.699059683616596
      ,,136.87326,1190.38,0.6136.23739475155319
      ,,125.88344,581.697,0.7299999622.455935366128575
      ,,729.3247,1170.3904,0.6334.449149711653035
      ,,138.87141,381.80115,0.6835.7664522397599
      ,,729.3247,978.49036,0.6119.612351873593976
      ,,121.887146,981.4888,0.6124.38127640229475
      ,,732.3219,385.79904,0.712.151308072616295
      ,,336.68826,950.50494,0.7299999653.7992603903425
      ,,951.1193,1616.1582,0.5819.758589935637968
      ,,333.69104,1583.1754,0.6442.25695967241245
      ,,961.1101,982.4883,0.6699999633.19804454126897
      ,,668.3811,1073.4409,0.6814.632128007544335
      ,,42.96022,1676.127,0.5714.174678951217256
      ,,671.37836,1648.1416,0.5999999642.44061435082682
      ,,78.92692,1055.4503,0.745.780416463438
      ,,113.89455,1078.4382,0.715.829339546616792
      ,,736.31824,1687.1212,0.6811.824305918094677
      ,,752.3034,1076.4393,0.6699999629.52659265417279
      ,,109.89824,1681.1244,0.649.032489767118136
      ,,181.83163,1046.455,0.722.110703055580757
      ,,786.272,1695.1171,0.6510.500669742551572
      ,,822.23865,1071.4419,0.7299999629.1604557481883
      ,,197.81683,1678.126,0.5926.99656225662323
      ,,240.77705,1673.1285,0.7299999614.389632120704073
      ,,914.15356,1044.4559,0.7856.160765909050035
      ,,273.74652,1061.4471,0.6532.63999807917352
      ,,884.18134,1677.1265,0.6424.035193747908593
      ,,323.7003,1050.4529,0.6820.778777780174956
      ,,927.14154,1701.114,0.6214.294668140001937
      ,,318.7049,1695.1171,0.6811.195534290138596
      ,,995.0786,1051.4524,0.5965.3350637551507
      ,,120.88807,287.85007,0.7999999526.23861296483432
      ,,738.3164,897.53253,0.6333.909838870239376
      ,,120.88807,918.5216,0.6599999720.047775108372946
      ,,746.30896,318.83392,0.8924.57821297106911
      ,,751.3043,873.545,0.6699999630.261083667209775
      ,,144.86586,242.8735,0.8941.596417095132054
      ,,114.893616,848.55804,0.7815.796862690191633
      ,,757.2988,240.87454,0.7432.88467085444823
      ,,768.28864,834.5653,0.7762.12242681026719
      ,,145.86494,169.9115,0.7442.366942896276775
      ,,763.63947,161.39124,0.6939.97061183671105
      ,,87.918594,770.59863,0.7899999625.27537571706838
      ,,262.7567,505.73657,0.6922.992293275945624
      ,,887.1785,1128.4122,0.6225.67617960369412
      ,,264.75485,1159.3961,0.5999999633.34385428485242
      ,,894.17206,531.723,0.6936.052070222473304
      ,,400.62906,513.7324,0.5999999621.14299656039849
      ,,601.4431,1492.2228,0.5518.992636058614902
      ,,626.42,518.7298,0.6340.143445558167876
      ,,387.64108,1494.2217,0.4815.954990504895495
      ,,697.3543,504.7371,0.6542.977873139767915
      ,,471.56335,1507.215,0.5835.29316816627222
      ,,461.57263,509.7345,0.6313.914155428585193
      ,,660.38855,1505.216,0.5825.194755943716093
      ,,534.50507,1486.2258,0.5617.943171318304447
      ,,746.30896,511.73346,0.6321.98373219149129
      ,,553.4875,506.73605,0.6699999636.815460657439985
      ,,768.28864,1456.2415,0.6350.05918076763011
      ,,451.58188,1703.1129,0.6215.914178964211413
      ,,621.4246,787.5898,0.6835.045663887204434
      ,,474.5606,780.59344,0.6699999627.88001291423117
      ,,614.4311,1701.114,0.5931.072290387852014
      ,,388.64014,606.684,0.7199999724.920692783001797
      ,,630.41626,1542.1968,0.5744.519377050545266
      ,,611.43384,581.697,0.6124.998940047205448
      ,,394.6346,1529.2035,0.6325.3180722174405
      ,,399.62997,845.5596,0.6324.48573968286693
      ,,573.469,179.9063,0.6556.92819421779118
      ,,419.61148,143.92503,0.6847.57110249836754
      ,,523.51526,827.569,0.6932.492676599852096
      ,,890.1758,1059.4481,0.6128.560074889248227
      ,,282.73822,459.76053,0.7443.63431541144574
      ,,270.7493,1059.4481,0.6530.08738022781176
      ,,879.1859,452.76416,0.6318.19856363252634
      ,,269.75024,984.48724,0.6531.103185074335798
      ,,883.18225,374.80478,0.7120.751609082612575
      ,,296.72525,373.8053,0.6355.290954813574594
      ,,910.1573,986.4862,0.6599999748.91340019090395
      ,,243.77429,914.5237,0.6414.160151092002192
      ,,885.1804,315.83548,0.7424.16364356357131
      ,,255.76318,302.84225,0.7415.004432614397414
      ,,905.16187,912.5247,0.6545.554849804293234
      ,,269.75024,858.5528,0.6928.26611912767542
      ,,898.1684,249.86986,0.6337.43672179899644
      ,,254.76411,238.87558,0.6213.26943067709801
      ,,906.16095,835.5648,0.5649.791278380266796
      ,,259.7595,766.6007,0.7130.076322383136777
      ,,895.17114,187.90213,0.6699999637.497225904985136
      ,,281.73914,144.92451,0.6847.15021229584423
      ,,901.1656,795.58563,0.5838.99860742160095
      ,,683.36725,642.6653,0.6929.55173760364868
      ,,62.94172,1274.3363,0.528.454011785870847
      ,,653.395,1267.3398,0.626.509874637674141
      ,,91.914894,640.6663,0.5999999658.62171976634603
      ,,578.4644,1515.2108,0.5999999669.94575225243284
      ,,744.31085,565.7053,0.6526.629314948909315
      ,,550.4903,580.6975,0.5233.10911570494059
      ,,758.29785,1539.1982,0.5999999635.333001348147434
      ,,617.4283,645.6637,0.6531.67481303061288
      ,,395.63367,1602.1655,0.5222.958880799650913
      ,,619.42645,1585.1743,0.4746.84818534616705
      ,,424.60684,628.67255,0.6251.01347610785021
      ,,442.5902,250.86934,0.6599999764.29133020825087
      ,,566.47546,920.52057,0.6349.62123922798767
      ,,407.62256,911.5252,0.6699999632.848468482014205
      ,,539.5005,232.87871,0.7822.707276579264974
      ,,689.3617,1613.1598,0.5334.280201074780145
      ,,472.56244,664.6538,0.6599999726.95767112104349
      ,,663.38574,658.6569,0.6510.004629468898488
      ,,488.54764,1637.1473,0.5644.176198923823755
      ,,627.41907,248.87038,0.7899999642.212732510861755
      ,,399.62997,790.5882,0.5920.13016757119196
      ,,487.54858,236.87662,0.6699999639.08231418618965
      ,,622.4237,929.51587,0.6599999735.93806682077467
      ,,557.4838,639.6668,0.6699999641.99282207036158
      ,,758.29785,1592.1707,0.4899999842.84307663316736
      ,,746.30896,636.6684,0.6326.94940481558499
      ,,548.4921,1605.164,0.6433.73962637131289
      ,,763.2933,1271.3378,0.5999999638.85348564419668
      ,,127.88159,638.66736,0.6328.03219563692291
      ,,734.32007,644.66425,0.5999999612.563152053295136
      ,,152.85846,1249.3492,0.5154.95012809141059
      ,,317.70584,989.4846,0.5310.778240847512828
      ,,955.11566,403.78967,0.6336.089135735665764
      ,,346.67902,369.80737,0.7199999736.79283167219886
      ,,953.1175,989.4846,0.6123.055635317819615
      ,,337.68732,1159.3961,0.6336.19633494201453
      ,,947.12305,512.7329,0.6915.722665174019692
      ,,957.1138,1129.4117,0.5999999626.327401332078534
      ,,366.6605,499.73972,0.5399999658.06777808382577
      ,,950.12024,452.76416,0.6119.98702911374854
      ,,332.69196,1067.444,0.5322.21202311150463
      ,,353.67252,439.77094,0.7143.550985196365524
      ,,959.11194,1069.443,0.5527.76833367699962
      ,,973.099,565.7053,0.5945.24519063306304
      ,,334.6901,1193.3784,0.5826.624241478832428
      ,,339.6855,593.6908,0.5830.9135068336048
      ,,939.13043,1184.383,0.6121.51545734113376
      ,,985.0879,904.5289,0.5999999658.705000748700584
      ,,329.69473,320.8329,0.5223.370999215567014
      ,,312.71045,908.5268,0.5120.09514932381927
      ,,949.1212,331.82718,0.6430.038623185799104
      ,,338.6864,845.5596,0.531.44533036723133
      ,,962.1092,263.86258,0.6539.75151644281416
      ,,325.69843,254.86725,0.5922.335598402494764
      ,,959.11194,833.56586,0.5399999637.88137963462128
      ,,942.4048,749.0357,0.5742.87425861959276
      ,,305.71692,166.91306,0.775.437843932672772
      ,,948.12213,182.90474,0.721.353741788766616
      ,,329.69473,776.5955,0.7299999623.701736764361037
      ,,79.13454,920.7542,0.6145.301645785924386
      ,,653.395,1575.1796,0.5525.765694701121884
      ,,54.94912,1543.1962,0.4521.39871028103037
      ,,680.37006,909.52625,0.6131.28135334946016
      ,,128.88066,850.557,0.6326.910129692639483
      ,,714.33856,1479.2295,0.6310.240557215860319
      ,,113.89455,1475.2316,0.5511.653453538124397
      ,,757.2988,826.56946,0.5946.47777664941079
      ,,197.81683,862.5507,0.5325.499979452897424
      ,,838.2239,1495.2212,0.5747.08437794149684
      ,,195.8187,1484.2269,0.4423.614646669123342
      ,,798.26086,870.5466,0.5912.028820946487517
      ,,285.73544,843.5606,0.6147.01955601443839
      ,,895.17114,1457.241,0.5340.10469028560429
      ,,256.76227,1473.2327,0.5616.904170188781695
      ,,886.17944,847.55853,0.5526.520080669792574
      ,,942.1277,849.5575,0.6914.553388039491223
      ,,352.67346,1463.2379,0.4299999845.56951247287494
      ,,346.67902,871.546,0.6438.131716680470916
      ,,969.10266,1482.228,0.5399999637.6423458723002
      ,,686.3645,1499.2191,0.5636.09740700567065
      ,,78.92692,856.55383,0.6544.52449826299118
      ,,30.971323,1500.2186,0.4120.031870823911532
      ,,673.3765,853.5554,0.6918.839007665066795
      ,,128.88066,935.51276,0.5999999626.331667340557864
      ,,766.29047,1543.1962,0.6342.26323916691781
      ,,751.3043,928.51636,0.6826.804326280146263
      ,,140.86957,1540.1978,0.5738.50995176913325
      ,,176.83626,1590.1718,0.6699999640.90225689676143
      ,,837.2248,939.5106,0.6945.08981296063525
      ,,822.23865,1562.1863,0.7899999631.41419329351573
      ,,191.82239,932.5143,0.7719.734972207795465
      ,,673.3765,518.7298,0.8918.370121481188573
      ,,75.929695,1129.4117,0.6699999641.874652354555934
      ,,51.951897,524.7267,0.6520.227549891004685
      ,,687.3635,1126.4133,0.7433.13384705385283
      ,,54.94912,447.76678,0.6699999620.574372501537603
      ,,722.3312,1055.4503,0.767.73848000047353
      ,,52.950974,1083.4357,0.5725.04506550439292
      ,,707.34503,443.76886,0.6951.873925647827626
      ,,80.92507,987.48566,0.6247.49288741304247
      ,,676.3737,390.79645,0.8125.300208150325204
      ,,668.3811,1006.47577,0.7815.699912665138074
      ,,69.93524,351.81674,0.7743.18471468671254
      ,,683.36725,278.85477,0.8739.9641454729636
      ,,61.942646,910.52576,0.6432.80506421671407
      ,,79.925995,307.83966,0.6699999645.427264715801726
      ,,687.3635,945.5075,0.6536.11841020452532
      ,,397.63184,325.8303,0.7425.782999632178793
      ,,637.4098,1286.33,0.6552.50156658792802
      ,,594.4496,314.83603,0.8310.817265057015405
      ,,416.61426,1269.3389,0.6837.346795836537055
      ,,471.56335,1272.3373,0.6599999723.09264466436971
      ,,678.3719,330.8277,0.7899999632.66962973326699
      ,,483.55228,293.84695,0.6699999637.61738628979126
      ,,696.3552,1278.3342,0.7299999641.1402375202643
      ,,790.26825,1259.3441,0.5867.27445049708794
      ,,551.4894,316.83496,0.7435.24797072914681
      ,,552.48846,1253.3472,0.7640.37733617803041
      ,,766.29047,313.83655,0.8442.26813117426474
      ,,633.4135,378.8027,0.7746.969992168215335
      ,,424.60684,1319.3129,0.6150.71755487269687
      ,,423.6078,384.79956,0.6944.881841262421645
      ,,613.432,1331.3065,0.7199999729.165510780329896
      ,,693.35803,1334.305,0.7438.734838953428785
      ,,486.5495,381.80115,0.6699999638.417008960809135
      ,,680.37006,383.8001,0.7625.919322850659263
      ,,494.54208,1296.3248,0.5965.20751400446626
      ,,554.4866,1374.2842,0.6548.76720831017076
      ,,777.2803,372.80582,0.8252.90939665841786
      ,,543.49677,366.80893,0.7999999527.744344398588737
      ,,762.2942,1334.305,0.5238.6724436918502
      ,,70.93432,843.5606,0.7539.768376731376776
      ,,685.3654,230.87975,0.6930.822255598519632
      ,,689.3617,849.5575,0.6135.29118511250667
      ,,60.943573,229.88026,0.5727.812989712493927
      ,,66.93802,176.90785,0.8233.27313236543786
      ,,687.3635,767.6002,0.7899999639.23880970277668
      ,,61.942646,758.60486,0.6842.07610816990575
      ,,680.37006,157.91774,0.9327.43480349450762
      ,,84.92137,109.94273,0.7199999751.29795240410084
      ,,679.371,720.62463,0.6923.88701645111197
      ,,58.94542,714.6278,0.6599999725.39302174737361
      ,,694.35706,111.941696,0.7640.506582009073725
      ,,929.1397,95.95003,0.859999955.125741062057092
      ,,337.68732,711.62933,0.7899999628.9236971557061
      ,,350.6753,83.95627,0.6943.44823613609083
      ,,959.11194,693.63873,0.7639.22587602954309
      ,,172.83997,643.66473,0.799999958.841804343655017
      ,,816.2442,1291.3274,0.7828.89835004446518
      ,,810.24976,646.6632,0.6917.737600235339933
      ,,190.82332,1251.3483,0.8128.747926755297097
      ,,921.1471,657.6575,0.7158.87343394027554
      ,,258.7604,1247.3503,0.6931.332511174229786
      ,,264.75485,645.6637,0.7624.238877937866906
      ,,848.2146,1275.3357,0.6814.402862022185811
      ,,770.2868,98.94846,0.8945.81308442437372
      ,,560.481,1091.4315,0.6349.68851508615917
      ,,768.28864,1080.4373,0.8499999645.95314655482608
      ,,554.4866,115.93961,0.7999999540.07977280523893
      ,,626.42,1143.4044,0.6340.69502272281196
      ,,436.59573,173.90942,0.8599999557.265747342370936
      ,,407.62256,1109.4221,0.7738.35275963962253
      ,,614.4311,175.90837,0.7628.656815597684055
      ,,501.5356,176.90785,0.9199999653.55046804297802
      ,,702.3497,1101.4263,0.7299999657.93022290305201
      ,,682.36816,190.90057,0.7834.3494220632989
      ,,476.55875,1129.4117,0.6328.711672144868718
      ,,319.70398,643.66473,0.8412.758337108930146
      ,,936.13324,1236.3561,0.8237.43177487448551
      ,,964.1073,612.6809,0.7751.46645579482554
      ,,360.66605,1243.3524,0.6858.52784761796919
      ,,105.90195,743.6127,0.722.24274182192075
      ,,767.28955,1354.2946,0.6944.38532639706327
      ,,146.86401,1318.3134,0.6699999649.65311171170593
      ,,803.2562,737.6158,0.7880.38819286767972
      ,,839.22296,683.6439,0.7299999659.36052498493622
      ,,818.2424,1308.3186,0.7299999642.196596649497785
      ,,185.82794,1353.2952,0.6217.15137441865538
      ,,209.80574,81.95731,0.9541.65992660561792
      ,,904.16284,719.6252,0.7141.70500359644457
      ,,283.73727,1331.3065,0.6343.69532419117296
      ,,288.73267,724.62256,0.7647.335769890379716
      ,,883.18225,1348.2977,0.6421.479505877047107
      ,,618.42737,723.6231,0.8599999531.997881571781587
      ,,386.642,1684.1228,0.627.900227905561654
      ,,396.63275,714.6278,0.6599999718.459637073964693
      ,,610.4348,1646.1426,0.6147.78401078867543
      ,,417.6133,305.8407,0.7538.149414362688304
      ,,564.47736,986.4862,0.6548.2511723151202
      ,,538.5014,320.8329,0.7899999624.876189502129197
      ,,391.6374,971.494,0.7628.698907823554116
      ,,493.3826,727.09033,0.8145.22940961552664
      ,,651.39685,1642.1447,0.7645.540567712192185
      ,,673.3765,698.6361,0.6699999629.022882638828367
      ,,528.5106,1643.1442,0.5991.48300075215512
      ,,647.4006,314.83603,0.8361.34082818941087
      ,,470.5643,982.4883,0.7626.686795574234583
      ,,607.43756,989.4846,0.722.41936199854332
      ,,512.52545,307.83966,0.7199999764.0263526185933
      ,,328.69565,715.62726,0.8319.119903457973972
      ,,949.1212,1328.3081,0.6522.6255854592131
      ,,953.1175,753.6075,0.7538.70667188500494
      ,,319.70398,1336.304,0.7711.095233713919733
      ,,48.954674,1398.2717,0.5819.593998065155667
      ,,54.94912,779.59393,0.6923.17560756936221
      ,,662.38666,1421.2598,0.7611.944834847596201
      ,,689.3617,798.58405,0.7299999634.813303972675875
      ,,122.886215,1376.2832,0.6240.200101023528916
      ,,753.3025,809.5783,0.8334.548014181258836
      ,,139.87048,816.5747,0.6444.75156320623377
      ,,748.3071,1455.2421,0.7299999649.80108106069452
      ,,204.81036,779.59393,0.6834.10134751043466
      ,,845.2174,1405.2681,0.6952.09152720505523
      ,,814.2461,793.5867,0.7620.974459160855538
      ,,224.79185,1362.2904,0.5999999671.80544754880604
      ,,280.74005,806.5799,0.6942.40689386732524
      ,,867.197,1412.2644,0.659999974.758815478011444
      ,,890.1758,793.5867,0.8227.847376878342768
      ,,286.7345,1330.3071,0.7492.94321944956724
      ,,341.68362,1394.2738,0.6235.62527559262943
      ,,986.087,774.59656,0.7856.85646251689935
      ,,317.70584,780.59344,0.7512.250060444624639
      ,,960.111,1434.2529,0.6936.555251928622255
      ,,409.62073,140.92659,0.6250.41396040529847
      ,,1001.07306,715.62726,0.719999975.900634862219593
      ,,1004.0703,118.93805,0.8818.78054296184978
      ,,435.59668,744.6122,0.760.67133142837891
      ,,386.642,752.608,0.7199999738.559226999774886
      ,,1005.0694,173.90942,0.896.349992692102616
      ,,1006.0685,792.58716,0.785.946781900461927
      ,,434.5976,184.90369,0.8157.210301143859596
      ,,416.61426,226.88182,0.7838.8902330118289
      ,,1043.0342,904.5289,0.5961.94154939735987
      ,,1003.0712,285.8511,0.9647.42086390313143
      ,,444.58835,867.54816,0.6965.58403710392543
      ,,398.6309,912.5247,0.8499999624.923895030626515
      ,,1008.0666,309.83862,0.947.919749505487399
      ,,415.61517,306.84018,0.8499999636.121200264303596
      ,,1035.0416,933.5138,0.7434.90361091392679
      ,,271.74838,946.507,0.6935.20251955209551
      ,,890.1758,1579.1775,0.7299999640.57957977122576
      ,,262.7567,1536.1998,0.6225.074736895112682
      ,,924.1443,944.50806,0.6599999763.68890021528488
      ,,343.68176,1528.204,0.7199999739.42778037167706
      ,,950.12024,924.51843,0.6699999619.041170889471534
      ,,321.70212,921.52,0.7613.198771656330988
      ,,976.0962,1572.1812,0.6250.032539007962434
      ,,764.2923,1594.1697,0.746.6410925150448
      ,,110.897316,979.4898,0.8499999619.47016514945938
      ,,744.31085,1004.4768,0.8599999521.00346852019001
      ,,132.87697,1602.1655,0.6533.612814050298155
      ,,689.3617,126.93388,0.6842.95770651490298
      ,,486.5495,1078.4382,0.7199999739.87838771127781
      ,,699.3525,1079.4377,0.6699999645.721166351996565
      ,,486.5495,96.9495,0.8599999538.21479367959881
      ,,840.22205,999.47943,0.6599999746.76395749530368
      ,,224.79185,1622.155,0.6852.41943650682276
      ,,842.22015,1597.1681,0.753.185559472317934
      ,,261.75763,930.5153,0.61111.59691654962153
      ,,253.76503,1017.47003,0.7423.43572329272392
      ,,907.16003,1576.1791,0.6699999661.527060420101016
      ,,908.1591,1004.4768,0.6546.18907822212383
      ,,281.73914,1622.155,0.6699999640.40479283994915
      ,,409.62073,91.9521,0.8231.31013855603726
      ,,609.4357,1083.4357,0.6228.51078028329276
      ,,364.66235,1055.4503,0.6318.500033490128104
      ,,635.4117,98.94846,0.8499999648.93628423139997
      ,,73.93155,987.48566,0.7640.68333974985367
      ,,692.35895,1602.1655,0.8440.31621294817966
      ,,722.3312,973.4929,0.7171.01229527843388
      ,,81.92415,1596.1686,0.7152.41891095724296
      ,,385.6429,1123.4149,0.8113.5567186843096
      ,,1028.0481,573.7012,0.5999999665.2968324518259
      ,,444.58835,509.7345,0.6565.26257054497611
      ,,1004.0703,1152.3998,0.5917.272802454672014
      ,,1005.0694,632.6705,0.8149.382331110212206
      ,,434.5976,1174.3883,0.6699999662.78900488333689
      ,,1003.0712,1182.3842,0.6922.26481083544211
      ,,421.60962,584.69543,0.7442.126584100546175
      ,,1034.0426,648.6621,0.7199999733.761451235736075
      ,,395.63367,1236.3561,0.7540.4964945436538
      ,,994.0796,1236.3561,0.7137.69472809669623
      ,,418.6124,666.6528,0.7541.59423597712756
      ,,416.61426,715.62726,0.737.57601932134989
      ,,1007.0675,1322.3113,0.8121.23008629314902
      ,,1001.07306,716.6267,0.729999964.9068688625711046
      ,,455.5782,1295.3253,0.7199999789.51726688428448
      ,,593.4505,1099.4274,0.8384.08158711627357
      ,,745.3099,178.90681,0.8222.837230092326777
      ,,752.3034,1133.4097,0.7527.881873322136105
      ,,568.47363,196.89745,0.8857.86995137220605
      ,,436.59573,256.8662,0.7159.97699979479611
      ,,622.4237,1204.3727,0.7835.92393167398155
      ,,373.65402,1197.3763,0.799999959.215310549474752
      ,,656.3922,248.87038,0.7899999670.657384587845
      ,,649.3987,232.87871,0.758.296084061547562
      ,,470.5643,1215.367,0.7724.595199047126037
      ,,515.52264,245.87193,0.7767.42685081198893
      ,,684.36633,1196.3768,0.7829.987514985940646
      ,,412.61795,1094.4299,0.6843.32296992081751
      ,,997.0768,1692.1187,0.635.748945068167356
      ,,999.07495,1058.4487,0.969999978.176411512844435
      ,,390.6383,1691.1191,0.6411.711534140735456
      ,,439.59296,449.76575,0.8260.24417004277684
      ,,636.4107,1407.267,0.6250.08989011734416
      ,,402.6272,1424.2582,0.7126.412844931649285
      ,,639.40796,466.7569,0.6599999757.018486412727846
      ,,707.34503,450.76523,0.6852.111706407430454
      ,,484.55133,1431.2545,0.7641.10887205664619
      ,,683.36725,1428.2561,0.7832.516927068013494
      ,,465.5689,406.78812,0.7999999542.307890180333466
      ,,535.50415,429.77615,0.7423.903739833275097
      ,,773.284,1419.2607,0.7999999549.3974436769402
      ,,530.5088,1418.2612,0.7999999514.66092869923911
      ,,763.2933,443.76886,0.8338.83188056292997
      ,,751.3043,1198.3759,0.7299999627.495032241627744
      ,,572.4699,263.86258,0.7160.53884207656875
      ,,746.30896,255.86673,0.7999999527.87891741643564
      ,,550.4903,1190.38,0.6835.88500875517206
      ,,428.60315,1572.1812,0.6699999654.08839019623474
      ,,1026.0499,911.5252,0.6530.674783407296644
      ,,402.6272,918.5216,0.7525.188004908991136
      ,,1002.07214,1554.1904,0.654.946894582455421
      ,,1013.062,987.48566,0.7516.0652173774756
      ,,404.62534,1625.1536,0.6325.99139114468264
      ,,987.08606,1552.1915,0.6599999767.65166083953241
      ,,420.61053,980.4893,0.7444.49089046032866
      ,,709.3432,595.68976,0.7199999755.20580102928691
      ,,508.52914,1554.1904,0.5960.2121108623172
      ,,698.3534,1554.1904,0.6443.109319987751064
      ,,460.57355,572.7017,0.6816.19794342382762
      ,,486.5495,195.89796,0.8846.310009087126076
      ,,622.4237,869.5471,0.8237.30224202014544
      ,,610.4348,177.90733,0.7299999625.36845673996528
      ,,492.54395,840.5622,0.6947.94277404955139
      ,,410.6198,989.4846,0.7832.13547930194211
      ,,1007.0675,390.79645,0.7615.732785473842103
      ,,426.605,391.79593,0.7899999649.52623045034712
      ,,1021.05457,1021.46796,0.6331.574564143451656
      ,,401.6281,464.75793,0.8599999529.33464538208677
      ,,1001.07306,1054.4508,0.712.062813969248088
      ,,1004.0703,478.75064,0.8333.44177401927447
      ,,415.61517,1042.457,0.8499999643.38628921307326
      ,,418.6124,788.58923,0.8439.15904197830619
      ,,1051.0269,1387.2775,0.5256.03297498478981
      ,,1006.0685,787.5898,0.849999966.283100369531892
      ,,406.6235,1395.2733,0.8231.60679983845996
      ,,389.63922,1469.2347,0.6115.156182301384854
      ,,1013.062,872.54553,0.6918.110495561863928
      ,,411.61887,877.5429,0.8136.83976207577121
      ,,1007.0675,1467.2357,0.7414.80112507114469
      ,,770.2868,750.609,0.8254.256481930358454
      ,,548.4921,1683.1233,0.6831.299640322961814
      ,,546.494,723.6231,0.8429.071647685463773
      ,,739.3154,1697.1161,0.7199999717.6625627225186
      ,,75.929695,1719.1046,0.5855.81070249801177
      ,,682.36816,1151.4003,0.7431.22045451623984
      ,,64.93987,1125.4138,0.6532.067380819432756
      ,,687.3635,1734.0968,0.6338.95109166374875
      ,,759.29694,1142.405,0.6335.47543075179578
      ,,117.89084,1747.09,0.6217.194329865902443
      ,,755.30066,1764.0812,0.6331.719943993274395
      ,,119.88899,1133.4097,0.6816.521760103694298
      ,,53.950047,1200.3748,0.5919.88270478584227
      ,,644.4033,1835.0442,0.6314.636524601288299
      ,,704.34784,1163.394,0.7663.84207948643788
      ,,79.925995,1777.0743,0.5566.39702912927154
      ,,735.31915,1234.357,0.7131.756855022652612
      ,,157.85384,1759.0837,0.5585.82225268335495
      ,,157.85384,1198.3759,0.5999999654.69775729032687
      ,,739.3154,1784.0708,0.5999999643.998585258302704
      ,,205.80943,1122.4154,0.6335.78721761794145
      ,,827.2341,1728.0999,0.6344.09711767495948
      ,,832.22943,1059.4481,0.6699999685.34551699470731
      ,,208.80666,1713.1077,0.5399999656.57798078824854
      ,,897.1693,1770.078,0.5999999637.233363064162745
      ,,286.7345,1118.4175,0.6699999648.35258213104702
      ,,286.7345,1718.1051,0.5859.33235100887217
      ,,898.1684,1141.4055,0.6936.153970885639936
      ,,229.78723,1783.0713,0.5999999671.28830478056504
      ,,798.26086,1241.3534,0.7137.15963461846737
      ,,181.83163,1206.3717,0.79.517493319480966
      ,,813.247,1807.0588,0.5927.01889774479611
      ,,268.75116,1834.0447,0.5928.559363102727808
      ,,868.1961,1180.3851,0.8224.778468266699658
      ,,913.1545,1798.0635,0.6557.607631095439054
      ,,277.74283,1198.3759,0.7199999736.75660167093586
      ,,345.67993,1127.4127,0.6599999736.097530282003774
      ,,948.12213,1757.0848,0.6216.63241675281466
      ,,955.11566,1111.4211,0.9333.7267082376117
      ,,332.69196,1742.0927,0.6926.458544678208465
      ,,466.568,1744.0916,0.6699999621.918529615838874
      ,,671.37836,797.5846,0.7199999717.387170596455363
      ,,700.3515,1767.0796,0.6346.08237086905208
      ,,477.55783,818.57367,0.7540.404064732166034
      ,,363.66327,1209.3701,0.6453.385870946862546
      ,,940.1295,1807.0588,0.5720.36037859964522
      ,,947.12305,1219.3649,0.6521.564876516998794
      ,,354.6716,1801.0619,0.6450.48119961243568
      ,,634.4126,1838.0426,0.6449.527102606780765
      ,,399.62997,838.56323,0.7999999529.044175053965972
      ,,405.62442,1782.0718,0.6150.68033003139729
      ,,605.4394,855.5544,0.8319.346019527961648
      ,,520.51807,750.609,0.9340.004998495483385
      ,,761.2951,1779.0734,0.6343.16754017128615
      ,,768.28864,810.5778,0.7199999748.17222671097354
      ,,566.47546,1752.0874,0.6549.17384547787707
      ,,1018.0574,1135.4086,0.6417.557611109529212
      ,,401.6281,1767.0796,0.6524.52715020218055
      ,,410.6198,1149.4014,0.734.083584161974755
      ,,998.07587,1744.0916,0.6112.643021229269259
      ,,490.5458,1804.0603,0.6547.19650935644131
      ,,705.3469,843.5606,0.7899999652.33335490221002
      ,,464.56985,864.5497,0.7616.844569622908537
      ,,680.37006,1793.066,0.6940.87152372702085
      ,,756.29974,873.545,0.6834.76327431789701
      ,,556.48474,1823.0504,0.6139.06162456637742
      ,,523.51526,883.5398,0.8724.780941834103093
