     ,,395.63367,721.62415,0.59999996,36.44016764553108
     ,,665.3839,1037.4596,0.77,39.491558901182685
     ,,655.3932,711.62933,0.81,7.763974209302837
     ,,357.66882,969.49506,0.58,32.58842984274405
     ,,374.6531,850.557,0.75,16.435074776001994
     ,,627.41907,1164.3936,0.79999995,27.60249339163521
     ,,300.72156,1139.4065,0.65999997,59.644011022482665
     ,,591.4524,883.5398,0.93,62.04766740007173
     ,,640.40704,736.61633,0.77,23.856896440729276
     ,,351.67438,380.80167,0.78,45.958735446939514
     ,,376.65125,749.60956,0.7,39.31036240508876
     ,,656.3922,426.7777,0.91999996,8.428170239967509
     ,,663.38574,749.60956,0.78,38.79125792143086
     ,,324.69934,1315.315,0.81,43.43941524609103
     ,,423.6078,704.633,0.65,64.29379034177951
     ,,702.3497,1293.3264,0.64,54.45137020499686
     ,,647.4006,269.85944,0.78,12.155352945804031
     ,,327.6966,542.71735,0.77,42.2830134054542
     ,,312.71045,253.86777,0.58,55.02475922589084
     ,,697.3543,577.6991,0.74,49.95121534705484
     ,,678.3719,1342.3009,0.71999997,60.480046466891075
     ,,373.65402,1587.1733,0.65,16.449391678287498
     ,,339.6855,1320.3123,0.65999997,36.48989368095504
     ,,664.3848,1535.2004,0.63,45.828647456465326
     ,,376.65125,108.94325,0.76,33.489678044773314
     ,,677.3728,436.7725,0.88,31.28590917045945
     ,,345.67993,410.78604,0.78999996,20.893273998268604
     ,,653.395,147.92296,0.77,11.29474827675105
     ,,677.3728,1200.3748,0.62,61.801097200932794
     ,,374.6531,1468.2352,0.65,37.2392867014829
     ,,684.36633,1481.2285,0.53,59.60740612185689
     ,,342.6827,1152.3998,0.61,18.46200866980174
     ,,398.6309,845.5596,0.62,40.58460231050843
     ,,701.3506,589.6929,0.79999995,56.869096984123345
     ,,319.70398,556.71,0.84999996,42.43103563116655
     ,,689.3617,899.5315,0.85999995,58.61445865903986
     ,,219.79648,133.93024,0.32,5.565628413430789
     ,,226.79001,105.94482,0.75,423.4155109427279
     ,,244.77336,391.79593,0.83,44.69703335949888
     ,,461.57263,106.9443,0.74,52.57887607254789
     ,,831.23035,1625.1536,0.74,61.33904744323539
     ,,473.56152,1308.3186,0.71999997,35.525653972988735
     ,,519.519,1610.1614,0.82,35.70984412982237
     ,,837.2248,1294.3258,0.71999997,45.43120568006861
     ,,253.76503,860.55176,0.63,37.851142014837166
     ,,520.51807,1172.3894,0.9,31.13273481313856
     ,,220.79556,1157.3972,0.72999996,12.365030236435299
     ,,505.53192,854.5549,0.76,3.7703712920811334
     ,,381.64664,1178.3862,0.68,38.954394049685504
     ,,113.89455,1452.2435,0.7,45.694413488028495
     ,,355.6707,1447.2462,0.78,13.935752707841221
     ,,67.937096,1129.4117,0.65999997,17.078567172820808
     ,,787.27106,269.85944,0.71,13.02905192493034
     ,,522.5162,567.7043,0.72999996,18.657947909705015
     ,,499.53748,268.85995,0.87,13.87713627197753
     ,,810.24976,598.6882,0.72999996,34.00095243431485
     ,,498.5384,685.6429,0.75,28.878283174811415
     ,,807.25256,1037.4596,0.68,38.600823187836646
     ,,768.28864,718.6257,0.74,24.158345429689636
     ,,529.5097,1013.4721,0.69,27.970596449788214
     ,,337.68732,570.70276,0.68,22.323747384359
     ,,84.92137,309.83862,0.66999996,30.691216553800746
     ,,354.6716,271.8584,0.66999996,11.456174107006301
     ,,92.91397,604.68506,0.7,40.502437833233465
     ,,120.88807,1062.4467,0.22999999,77.7421471226379
     ,,385.6429,695.6377,0.53999996,31.539392234670448
     ,,375.65216,1071.4419,0.71,71.18403507059334
     ,,96.91027,643.66473,0.59999996,74.61615941014986
     ,,520.51807,871.546,0.81,21.362143839028928
     ,,801.2581,1173.3888,0.76,28.911222331084513
     ,,459.57446,1164.3936,0.7,48.082753680488274
     ,,782.2757,881.54083,0.91999996,25.47023533208053
     ,,494.54208,247.8709,0.75,35.41536335755561
     ,,177.83534,570.70276,0.84999996,38.17112729654763
     ,,251.76688,275.85632,0.78999996,36.29069024821082
     ,,512.52545,604.68506,0.79999995,35.7174553357533
     ,,499.53748,1580.177,0.65,4.965225236584331
     ,,212.80296,1359.292,0.72999996,69.36570640633383
     ,,499.53748,1293.3264,0.71,5.565893248626887
     ,,253.76503,1545.1952,0.61,50.02352461430705
     ,,235.78168,1450.2446,0.65999997,25.596927998695396
     ,,518.5199,1689.1202,0.7,35.94309514690733
     ,,228.78816,1727.1005,0.84999996,13.767782135051732
     ,,528.5106,1458.2405,0.69,34.47276167056469
     ,,791.26733,146.92348,0.71999997,8.953504584510734
     ,,513.52454,444.76834,0.71,21.046791082178974
     ,,820.24054,425.77823,0.71,28.241410315390326
     ,,498.5384,114.94013,0.87,23.697820095966673
     ,,799.25995,1177.3867,0.66999996,32.21541509061518
     ,,498.5384,1494.2217,0.65999997,60.46883392306598
     ,,565.47644,1137.4076,0.65999997,62.074005750007785
     ,,809.2507,1452.2435,0.78,25.108007888528064
     ,,359.667,884.5393,0.55,26.54139580293976
     ,,125.88344,1122.4154,0.59999996,58.818857613934384
     ,,370.6568,1148.4019,0.71,10.924114671813044
     ,,73.93155,831.5669,0.74,26.5035836546802
     ,,891.17487,867.54816,0.63,45.830775250705535
     ,,676.3737,1143.4044,0.64,28.492190667037956
     ,,940.1295,1167.392,0.69,21.786904153237764
     ,,687.3635,838.56323,0.84999996,43.900741053704664
     ,,361.9511,98.58767,0.69,39.46059602940776
     ,,81.92415,465.75742,0.68,40.97732096488369
     ,,70.93432,105.94482,0.77,32.072892923136216
     ,,398.6309,463.75845,0.66999996,54.01894533144887
     ,,361.66513,1626.153,0.75,48.181735633671146
     ,,117.89084,1876.0228,0.53999996,46.97261046156565
     ,,84.92137,1524.206,0.52,55.324048954234485
     ,,350.6753,1864.029,0.66999996,9.53072895126694
     ,,943.1267,244.87245,0.59999996,37.80535435108449
     ,,633.4135,557.70953,0.65999997,19.074096563870892
     ,,617.4283,230.87975,0.69,59.56433714812295
     ,,929.1397,634.66943,0.83,65.03229372747053
     ,,983.0897,1469.2347,0.7,58.81265914811341
     ,,650.39777,1726.101,0.65999997,4.75048322360726
     ,,699.3525,1499.2191,0.66999996,83.00969894466907
     ,,939.13043,1716.1062,0.64,6.6735650098051895
     ,,659.38947,1268.3394,0.57,24.472503796275365
     ,,889.1767,1568.1832,0.71999997,47.84130794857758
     ,,953.1175,1321.3118,0.63,35.685225855694746
     ,,712.34045,1588.1727,0.74,65.13968421259419
     ,,628.41815,148.92244,0.71,22.42205305116538
     ,,968.10364,395.79385,0.69,44.08009555296262
     ,,646.4015,419.78134,0.83,6.420821557763223
     ,,908.1591,95.95003,0.78,50.43128854530231
     ,,667.3821,1478.2301,0.69,48.29044417657424
     ,,936.13324,1159.3961,0.81,13.396780758654833
     ,,639.40796,1151.4003,0.66999996,10.148205224419188
     ,,959.11194,1460.2394,0.71999997,34.96665206706177
     ,,104.90287,1295.3253,0.61,33.331034655297735
     ,,356.66974,1602.1655,0.75,24.39392038325722
     ,,379.64847,1324.3102,0.71,39.53796647070254
     ,,102.90472,1580.177,0.59,30.981298212570366
     ,,646.4015,755.60645,0.65999997,41.63714120992149
     ,,963.1082,969.49506,0.63,42.32524911949202
     ,,961.1101,712.62885,0.78,25.147515984346423
     ,,658.3904,998.4799,0.71999997,10.97045949798172
     ,,663.38574,1868.027,0.64,15.518688752729116
     ,,965.1064,1602.1655,0.77,37.830600279428985
     ,,664.3848,1581.1764,0.84999996,16.68987741985674
     ,,953.56433,1837.5956,0.56,33.39635819995179
     ,,800.25903,1472.2332,0.68,39.11503185399409
     ,,466.568,1730.0989,0.62,38.29813237832272
     ,,826.235,1668.1311,0.69,63.82704936362019
     ,,560.481,1438.2509,0.64,56.64075534216912
     ,,510.52728,1165.393,0.83,20.461957620332136
     ,,218.79741,1449.2451,0.57,15.499648237822901
     ,,518.5199,1442.2488,0.66999996,16.699394664618623
     ,,145.86494,1162.3945,0.71,72.02573616968837
     ,,516.5217,1559.1879,0.78,22.59845266199886
     ,,282.73822,1822.051,0.59,79.90933866989808
     ,,478.5569,1900.0104,0.44,42.474201427417384
     ,,255.76318,1538.1989,0.71999997,56.26048443372631
     ,,534.50507,1568.1832,0.72999996,32.0457184068237
     ,,768.28864,1879.0212,0.48,27.05146050333704
     ,,542.4977,1819.0525,0.53999996,60.7135906507397
     ,,840.22205,1572.1812,0.71,48.571850887913044
     ,,84.92137,1439.2504,0.69,13.94733615265823
     ,,352.67346,1707.1108,0.65,16.5941330139045
     ,,344.68085,1457.241,0.66999996,27.835570429660272
     ,,115.89269,1703.1129,0.7,47.78378845390832
     ,,538.5014,758.60486,0.71,56.39095900504182
     ,,214.80112,950.50494,0.66999996,51.50901017022688
     ,,481.5541,981.4888,0.72999996,30.40606284955349
       
      ,,160.85106,524.7267,0.5399999615.501061404141787
      ,,805.2544,1132.4102,0.5712.153720631793952
      ,,181.83163,1164.3936,0.6230.363084581809407
      ,,799.25995,514.7319,0.75.764613973290612
      ,,83.922295,707.6314,0.5951.331287048588784
      ,,690.3608,1325.3097,0.5738.868760915614914
      ,,52.545982,1334.305,0.5619.81955156022361
      ,,647.4006,745.61163,0.6599999725.43563575629507
      ,,403.62628,70.963036,0.738.13803531196568
      ,,592.4514,1120.4164,0.7199999754.24385295007766
      ,,369.6577,1092.431,0.6527.736057905529243
      ,,618.42737,110.942215,0.6333.59161638379424
      ,,110.897316,458.76105,0.5315.184718004112394
      ,,735.31915,1070.4425,0.5811.515094995433177
      ,,720.333,488.74542,0.7999999543.445717617151544
      ,,105.90195,1096.429,0.4899999830.02518445509439
      ,,363.66327,813.57623,0.7199999727.98775755092162
      ,,523.51526,1682.1239,0.729999968.067575522368667
      ,,367.65958,1692.1187,0.7412.709350106146292
      ,,521.5171,805.5804,0.6815.6062478293548
      ,,144.86586,586.6944,0.7299999627.81815713465055
      ,,830.23126,1279.3336,0.5883.36219785278209
      ,,163.8483,1211.369,0.4811.046962417031732
      ,,827.2341,574.7007,0.6934.862808781315465
      ,,785.2729,1082.4362,0.6699999617.93450517826939
      ,,108.89917,403.78967,0.6599999776.05798431102558
      ,,172.83997,1085.4347,0.5618.937744120953752
      ,,838.2239,515.7314,0.4599999883.2626717516931
      ,,805.2544,1026.4653,0.7131.259498564065886
      ,,142.86772,348.81833,0.5640.550546764905
      ,,817.2433,394.79437,0.5629.973783606632555
      ,,186.82701,1002.47784,0.5215.167141476255901
      ,,256.76227,84.95575,0.4221.784410705210178
      ,,902.1647,753.6075,0.6699999651.03113492023722
      ,,220.79556,665.65326,0.5659.56116328133131
      ,,846.2165,129.93233,0.7433.63650592941975
      ,,706.346,1238.355,0.6599999761.08581064913979
      ,,29.972248,561.70746,0.5122.257928984345146
      ,,63.940796,1223.3628,0.6134.96520301264356
      ,,643.40424,601.6866,0.5621.841688703009705
      ,,114.893616,99.947945,0.5311.406982263282224
      ,,745.3099,748.6101,0.6834.17614434460638
      ,,706.346,94.95055,0.7618.983251865160266
      ,,84.92137,697.63666,0.5330.24276018235241
      ,,792.2664,743.6127,0.6922.14705257332808
      ,,204.81036,86.95471,0.4435.034760399501494
      ,,172.83997,745.61163,0.5524.11402988283634
      ,,787.27106,111.941696,0.7113.027361224327564
      ,,180.83257,268.85995,0.5399999639.5282776634327
      ,,836.2257,952.5039,0.6149.006873395755846
      ,,217.79834,941.5096,0.3447.12949002410658
      ,,783.2748,321.83237,0.5999999617.606017739840645
      ,,860.2035,1245.3513,0.7199999740.915818020873665
      ,,226.79001,612.6809,0.5999999632.67888082795491
      ,,249.76874,1233.3575,0.6430.018825214263664
      ,,851.21185,571.7022,0.5516.328200249977655
      ,,185.82794,152.92035,0.5321.272490648967697
      ,,831.23035,753.6075,0.752.769658685591466
      ,,157.85384,759.6044,0.5999999634.19137411724893
      ,,784.2738,190.90057,0.6423.304661635765918
      ,,756.29974,1068.4435,0.6431.859077458128798
      ,,117.89084,428.77667,0.5399999622.062772344372746
      ,,683.36725,426.7777,0.545.19322280359506
      ,,46.95652,1070.4425,0.556.68075922348245
      ,,166.84552,841.56165,0.5218.80844772268316
      ,,785.2729,252.86829,0.5516.556962741820232
      ,,147.8631,206.89224,0.5640.07527007440098
      ,,829.2322,874.5445,0.5399999638.77016048819186
      ,,110.897316,521.7283,0.6210.34254283747741
      ,,765.2914,1116.4185,0.4599999845.03378858316835
      ,,74.93062,1161.395,0.5538.558547794703934
      ,,712.34045,506.73605,0.6114.42682994377646
      ,,720.333,602.6861,0.6219.633392752058402
      ,,128.88066,1175.3878,0.3299999838.62249513015288
      ,,91.914894,536.72046,0.6948.192739455793394
      ,,733.321,1182.3842,0.5823.81008913673307
      ,,127.88159,376.80374,0.6824.38348370149301
      ,,791.26733,990.4841,0.5867.13493996133842
      ,,79.925995,1005.4763,0.5624.886851393772474
      ,,699.3525,340.82248,0.6143.64955152543122
      ,,330.69382,1001.4784,0.4420.581979154252803
      ,,926.14246,1567.1837,0.4299999851.59519647347416
      ,,331.69287,1581.1764,0.3999999842.92073542096196
      ,,960.111,965.49713,0.5242.927546356388554
      ,,683.36725,1056.4497,0.5729.624178126622752
      ,,39.962997,1678.126,0.4210.849730706255384
      ,,637.4098,1682.1239,0.4299999818.872152313409586
      ,,34.96762,1080.4373,0.4599999813.94509842735691
      ,,88.99511,1055.4244,0.5318.249929035226753
      ,,722.3312,1704.1124,0.6316.753403148003613
      ,,741.3136,1075.4398,0.6419.042517395148057
      ,,139.87048,1697.1161,0.3599999837.62022365347746
      ,,169.84274,1058.4487,0.539999968.478440673523636
      ,,776.78076,1674.128,0.4221.40892170327494
      ,,796.2627,1081.4368,0.6515.190112279790286
      ,,194.81961,1692.1187,0.5822.792476096647565
      ,,269.75024,1718.1051,0.4741.65031326930743
      ,,862.20166,1046.455,0.5520.0472639886813
      ,,295.7262,1081.4368,0.3956.24577663845404
      ,,864.1998,1719.1046,0.5131.650293227072066
      ,,309.71323,1062.4467,0.564.128997008775179
      ,,956.1147,1685.1223,0.4424.729256137085414
      ,,325.69843,1705.1119,0.6423.263114758952096
      ,,957.1138,1023.4669,0.5650.079050057477076
      ,,96.91027,280.85373,0.5727.449012320179524
      ,,748.3071,940.51013,0.5226.66500803441476
      ,,92.91397,939.5106,0.5815.274088073281177
      ,,764.2923,298.84433,0.5740.722813697860474
      ,,730.3238,875.54395,0.6117.068237421346744
      ,,158.03473,196.89745,0.5868.59161168528773
      ,,107.90009,887.5377,0.5128.380883470493522
      ,,727.32654,265.8615,0.6427.507119339660466
      ,,728.3256,826.56946,0.5536.27176848374188
      ,,118.889915,101.9469,0.5669.28398730467174
      ,,745.3099,188.90161,0.6128.451246720757197
      ,,103.90379,794.5861,0.594.106023704241754
      ,,273.74652,516.73083,0.5732.32359418403925
      ,,885.1804,1145.4034,0.5624.748325576940985
      ,,212.80296,1167.392,0.5242.9024186532704
      ,,838.2239,518.7298,0.6224.641861454067072
      ,,376.65125,536.72046,0.4599999822.402325813598903
      ,,590.4533,1501.218,0.3721.091820626590334
      ,,588.45514,516.73083,0.642.96634349975142
      ,,405.62442,1467.2357,0.5929.29891656693854
      ,,624.4218,504.7371,0.7299999632.57557425617485
      ,,463.57077,1537.1993,0.5999999658.66807791123152
      ,,440.59204,503.7376,0.6213.355330649351155
      ,,646.4015,1492.2228,0.5814.839354071956437
      ,,539.5005,1523.2067,0.5648.04040719407051
      ,,728.3256,510.73398,0.565.36826858684187
      ,,517.5208,512.7329,0.669999961.7672124083894372
      ,,761.2951,1512.2124,0.6599999748.575263385138705
      ,,454.5791,1680.1249,0.429999989.557609604875084
      ,,590.4533,801.5825,0.5999999611.766515377855189
      ,,468.56613,781.5929,0.6121.954182915655398
      ,,588.45514,1693.1182,0.475.948641573396651
      ,,366.6605,587.6939,0.6599999713.50710321454576
      ,,624.4218,1559.1879,0.5399999639.13973334228585
      ,,597.44684,598.6882,0.5618.722014329826717
      ,,352.67346,1584.1749,0.6143.84077658226319
      ,,391.6374,928.51636,0.4870.07548666341832
      ,,513.52454,180.90578,0.7112.078744198826032
      ,,383.64478,166.91306,0.554.8858413092451345
      ,,537.5023,875.54395,0.6825.6417815295137
      ,,873.19147,1067.444,0.5510.733058816303618
      ,,249.76874,452.76416,0.6111.006363952937397
      ,,235.78168,1048.4539,0.5818.930464259173835
      ,,873.19147,505.73657,0.5999999661.17803618147145
      ,,254.76411,1000.4789,0.5513.594501361767279
      ,,857.2063,371.80634,0.789999967.074868126853765
      ,,257.76132,377.80322,0.5916.313460184098773
      ,,859.20447,1019.469,0.4522.214797685487202
      ,,213.80203,919.52106,0.5229.116985083218168
      ,,858.2054,376.80374,0.769.43667843629564
      ,,271.74838,298.84433,0.6231.462442276858933
      ,,861.2026,959.50024,0.5999999631.02738220725617
      ,,231.78539,817.57416,0.5743.03661224302571
      ,,834.2276,262.8631,0.6937.321430136559734
      ,,233.78354,248.87038,0.5512.92627106795235
      ,,868.1961,871.546,0.6213.324872725409659
      ,,224.79185,743.6127,0.4599999849.77533268950649
      ,,809.2507,180.90578,0.5999999654.457164324141715
      ,,282.73822,166.91306,0.6541.319282287430205
      ,,867.197,800.583,0.5911.123356389670178
      ,,636.4107,648.6621,0.6119.471275418469542
      ,,24.976873,1292.3269,0.4521.098394860384584
      ,,679.371,1287.3295,0.6127.587632515839214
      ,,42.96022,594.69025,0.5658.42553310322024
      ,,550.4903,1521.2076,0.5543.460523869311714
      ,,778.27936,636.6684,0.6575.62471599963945
      ,,547.49304,594.69025,0.6532.012562948189334
      ,,707.34503,1554.1904,0.5617.784630069640443
      ,,593.4505,689.6408,0.7899999637.785567135678285
      ,,357.66882,1597.1681,0.6430.522952476477247
      ,,598.44586,1610.1614,0.5214.568330338599127
      ,,396.63275,638.66736,0.4599999822.01983529532824
      ,,383.64478,255.86673,0.7199999717.85448024372018
      ,,572.4699,995.4815,0.6186.64994611369218
      ,,401.6281,929.51587,0.6122.151419049108828
      ,,534.50507,225.88235,0.5121.174920044106983
      ,,699.3525,1594.1697,0.5850.14981964761024
      ,,452.58093,665.65326,0.5999999613.771791482703122
      ,,687.3635,622.67566,0.7299999643.64373443789111
      ,,477.55783,1604.1644,0.5999999632.40163785363574
      ,,611.43384,233.87819,0.4125.358576617631503
      ,,369.6577,770.59863,0.5822.2021393795427
      ,,470.5643,220.88495,0.6828.233373681161442
      ,,619.42645,940.51013,0.6335.048460022584194
      ,,487.54858,640.6663,0.7299999632.204398530807254
      ,,721.3321,1675.1274,0.6356.715983280800515
      ,,758.29785,630.6715,0.5999999640.23403781360702
      ,,512.52545,1601.166,0.4599999818.033667000867748
      ,,729.3247,1228.3602,0.5545.396879622231445
      ,,91.914894,622.67566,0.5231.99540566999584
      ,,732.3219,595.68976,0.5999999657.34619143733404
      ,,114.893616,1280.3331,0.5399999613.285561457121219
      ,,272.74747,928.51636,0.6278.63839194799002
      ,,922.1462,330.8277,0.7546.62030840772794
      ,,330.69382,387.798,0.6599999723.13947165369948
      ,,943.1267,1047.4545,0.5851.28965989685204
      ,,284.73636,1138.4071,0.5999999625.927137761857857
      ,,929.1397,556.71,0.4842.2759615657124
      ,,956.1147,1116.4185,0.6931.144630397582358
      ,,302.7197,498.74023,0.517.575646280815278
      ,,915.15265,475.7522,0.5999999634.38649918997352
      ,,274.7456,1089.4326,0.5742.4768367391535
      ,,319.71243,443.77307,0.569.372897204020674
      ,,952.1184,1103.4253,0.4242.29179610348454
      ,,922.1462,593.6908,0.6213.832797425565754
      ,,344.68085,1167.392,0.5550.45132673030154
      ,,259.7595,565.7053,0.5653.770343244383604
      ,,939.13043,1233.3575,0.4899999829.849310495043046
      ,,943.1267,921.52,0.6513.56099145164091
      ,,285.73544,329.82822,0.6233.34415289259264
      ,,274.7456,948.506,0.6140.970916781132296
      ,,959.11194,294.84644,0.6830.373209244379513
      ,,292.72894,866.54865,0.6819.117893924023438
      ,,935.13416,217.8865,0.5820.931394015511327
      ,,351.67438,256.8662,0.6699999645.084887289291615
      ,,958.11285,848.55804,0.4899999828.774474623360852
      ,,960.111,782.5924,0.6929.68367661984012
      ,,355.6707,167.91254,0.5545.19857084672075
      ,,947.12305,181.90526,0.5719.949186052040364
      ,,314.70862,785.5908,0.646.466259510338214
      ,,63.940796,928.51636,0.4729.44080044256108
      ,,660.0233,1534.3837,0.4899999815.778590116975938
      ,,59.944496,1543.1962,0.4599999826.213750116327557
      ,,664.3848,932.5143,0.539999969.749595200597758
      ,,104.90287,844.5601,0.5715.005601295500917
      ,,717.3358,1493.2223,0.5814.600760404702648
      ,,121.887146,1456.2415,0.5230.43951608695995
      ,,718.3349,837.5637,0.5999999622.786153879157137
      ,,143.86679,832.56635,0.7139.31008052408342
      ,,741.3136,1465.2368,0.3454.37265177526022
      ,,217.79834,1485.2264,0.6245.5442513577208
      ,,819.24146,838.56323,0.6433.180879225233824
      ,,233.78354,833.56586,0.5727.057781685803327
      ,,898.1684,1449.2451,0.5847.424700026012445
      ,,256.76227,1477.2306,0.4899999815.608518921251589
      ,,853.21,819.5731,0.5740.993407139747084
      ,,922.1462,838.56323,0.6922.93124942504342
      ,,314.70862,1513.2118,0.5632.98141601252164
      ,,319.70398,827.569,0.5933.2310687883461
      ,,978.09436,1507.215,0.4853.7096249786919
      ,,684.36633,1485.2264,0.4229.25071658016791
      ,,64.93987,846.5591,0.6233.076475181082394
      ,,44.958374,1450.2446,0.3932.01195194352627
      ,,649.3987,840.5622,0.6919.896395417218002
      ,,133.87604,919.52106,0.6131.6753070263982
      ,,730.3238,1550.1926,0.489999985.8648341474559915
      ,,759.29694,961.4992,0.6847.95596302755547
      ,,151.85939,1524.206,0.3599999854.57485039533872
      ,,229.78723,1511.2129,0.5399999668.90377080365062
      ,,785.2729,899.5315,0.6430.11411131951755
      ,,777.2803,1543.1962,0.5399999617.401661999724464
      ,,178.83441,904.5289,0.4824.793948089270106
      ,,662.38666,467.75638,0.5999999647.24819822924032
      ,,67.937096,1120.4164,0.5936.68180614279373
      ,,68.7186,528.3931,0.3999999836.93144187484661
      ,,657.3913,1090.432,0.4745.107660212633505
      ,,30.971323,393.7949,0.5351.82537815604661
      ,,633.4135,1063.446,0.5922.296626236058508
      ,,70.93432,1069.443,0.5936.5529858755568
      ,,666.383,427.7772,0.7120.797537028529753
      ,,41.961147,997.48047,0.587.461172872050291
      ,,685.3654,359.8126,0.5634.211295824165454
      ,,648.39966,1018.46954,0.6322.139029030848942
      ,,66.93802,387.798,0.5234.349235237125306
      ,,678.3719,288.84955,0.729.51207501242474
      ,,60.943573,944.50806,0.5730.91149349857577
      ,,70.93432,267.86047,0.6353.840055890293144
      ,,677.3728,937.5117,0.5723.65651230181626
      ,,391.6374,275.85632,0.6133.89157001503236
      ,,623.4227,1281.3326,0.4737.74438007984474
      ,,599.44495,278.85477,0.5831.434392262150414
      ,,382.6457,1295.3253,0.4899999822.050846927315252
      ,,429.60223,1254.3467,0.5826.906788048102403
      ,,629.41724,282.85266,0.6599999735.88595650107231
      ,,454.5791,292.84747,0.4599999815.863543710578128
      ,,676.3737,1293.3264,0.5228.788867398601187
      ,,751.3043,1260.3435,0.4899999829.859085348342287
      ,,534.50507,292.84747,0.5922.44702229973266
      ,,662.38666,1026.4653,0.26286.38832162329675
      ,,524.51434,1268.3394,0.61981.4308584503773
      ,,586.457,412.785,0.6936.28502917625534
      ,,355.6707,1380.2811,0.5744.66822013301569
      ,,367.65958,348.81833,0.4299999830.107649325279713
      ,,587.45605,1384.2789,0.3141.78986824576063
      ,,655.3932,1346.2988,0.453.8003294363554927
      ,,503.53375,419.78134,0.5570.01420166213737
      ,,651.39685,382.80063,0.597.518893312976027
      ,,460.57355,1345.2993,0.6599999712.393817744169713
      ,,542.4977,1337.3035,0.6425.532097366131612
      ,,707.34503,402.7902,0.6331.39215050095878
      ,,579.46344,425.77823,0.5779.16951256053085
      ,,677.3728,1364.2894,0.4851.92063102141729
      ,,110.897316,859.5523,0.5399999676.39733388562391
      ,,627.41907,210.89015,0.6439.38073748007285
      ,,611.43384,839.5627,0.7448.36655092109296
      ,,33.968548,196.89745,0.3941.60594870297183
      ,,34.96762,153.91983,0.5715.58718564866612
      ,,669.3802,808.57886,0.5922.79264583742993
      ,,90.91582,780.59344,0.5857.27900376794497
      ,,596.44775,165.91359,0.6359.16105229923172
      ,,57.946346,105.94482,0.5824.070255123536707
      ,,666.383,750.609,0.5931.07690438300395
      ,,70.93432,693.63873,0.5645.86621601469372
      ,,646.4015,88.95367,0.714.700364305020617
      ,,946.12396,83.95627,0.5922.080655211242693
      ,,297.72433,722.6236,0.5512.824979213619967
      ,,291.7299,90.95263,0.6699999621.05871224482956
      ,,943.1267,685.6429,0.4137.69500205317329
      ,,148.86217,616.6788,0.5842.917449940313574
      ,,764.58093,1270.4939,0.4299999829.074888076109644
      ,,830.23126,662.65485,0.5938.109139645140246
      ,,120.88807,1285.3306,0.6252.95048354137609
      ,,866.198,650.6611,0.614.12999353059699
      ,,289.17322,1251.1671,0.5152.644975813910285
      ,,260.75854,706.63196,0.5857.45572582665241
      ,,889.1767,1227.3607,0.3753.29614916044806
      ,,737.3173,117.93857,0.5999999621.642259481247315
      ,,541.4986,1084.4352,0.4899999829.960028781874357
      ,,763.2933,1074.4404,0.5739.59758231890971
      ,,551.4894,70.963036,0.5399999645.03010339495077
      ,,542.4977,1124.4143,0.6699999645.37727078835736
      ,,391.6374,132.93076,0.6338.530843154590194
      ,,330.69382,1178.3862,0.5999999664.97131866687131
      ,,599.44495,171.91046,0.5713.167458323909454
      ,,475.55966,146.92348,0.6235.24095179227675
      ,,636.4107,1138.4071,0.5119.309386797641455
      ,,656.3922,124.93493,0.744.57400144454838
      ,,447.58557,1118.4175,0.6117.106976746430814
      ,,369.6577,594.69025,0.5782.71398198479378
      ,,963.1082,1227.3607,0.3755.92774482185422
      ,,976.0962,663.65436,0.6845.969990084083676
      ,,309.71323,1275.3357,0.531.9971937652055236
      ,,152.85846,707.6314,0.5651.26982881187192
      ,,746.30896,1335.3044,0.3522.96533844615005
      ,,141.86864,1322.3113,0.4843.35593102894029
      ,,762.2942,700.6351,0.5999999643.171124920566015
      ,,788.2759,739.75836,0.5918.991029919963935
      ,,818.2424,1319.3129,0.3999999833.90911494761029
      ,,175.83719,1332.306,0.5110.726315646281387
      ,,144.86586,109.94273,0.5999999629.202926485186815
      ,,853.21,744.6122,0.2824.909369262965164
      ,,236.78076,1331.3065,0.5512.147643262039377
      ,,245.77243,711.62933,0.5610.755636611768299
      ,,876.1887,1317.3138,0.3728.665721521170358
      ,,613.432,716.6267,0.5927.369361657407275
      ,,366.6605,1678.126,0.4115.89733570581369
      ,,381.64664,705.63245,0.5116.012098894896155
      ,,621.4246,1667.1317,0.4240.43014064576334
      ,,388.64014,266.861,0.6541.65418388803954
      ,,536.50323,1036.4602,0.543.34767023726402
      ,,498.5384,283.85214,0.6430.311116504758207
      ,,387.64108,971.494,0.5399999627.250473381189057
      ,,452.58093,711.62933,0.510.681014383351501
      ,,640.40704,1703.1129,0.5221.715442736102048
      ,,654.3941,732.6184,0.5911.17327198834314
      ,,430.6013,1666.1322,0.527.873763325884923
      ,,593.4505,297.84488,0.6511.896672461581833
      ,,459.57446,1005.4763,0.3599999813.647907637653946
      ,,607.43756,982.4883,0.5925.763019270458088
      ,,462.5717,286.8506,0.5124.988210062460332
      ,,306.716,702.63403,0.5819.241708170368195
      ,,959.11194,1368.2874,0.5637.781036880600425
      ,,932.1369,726.6215,0.625.160970963581238
      ,,304.71786,1367.2878,0.3825.45329421151731
      ,,59.944496,1405.2681,0.3999999826.196552843604945
      ,,66.93802,745.61163,0.4755.38222213415292
      ,,687.3635,1431.2545,0.4737.49033444076503
      ,,678.3719,766.6007,0.5833.080196222800694
      ,,91.914894,1436.252,0.5227.328993068235075
      ,,754.3016,762.6028,0.6440.82142280752362
      ,,78.92692,762.6028,0.3599999837.17648534392059
      ,,718.3349,1352.2957,0.4459.524474036729266
      ,,138.87141,755.60645,0.3299999848.46072577536651
      ,,732.20746,1415.5222,0.4861.42437522652659
      ,,787.27106,804.58093,0.5915.397155343151034
      ,,203.81128,1365.2888,0.5855.81997420126375
      ,,222.79372,770.59863,0.6927.3128076350292
      ,,818.2424,1390.2759,0.5649.083613108916914
      ,,771.2858,778.5945,0.6891.98786109439345
      ,,281.73914,1423.2587,0.5741.922002513135645
      ,,353.67252,1405.2681,0.4299999843.619985359787876
      ,,954.1166,777.595,0.6699999626.039380619830943
      ,,351.67438,801.5825,0.4842.63978889309751
      ,,944.1258,1397.2722,0.5119.022104912305025
      ,,374.6531,67.9646,0.5332.89444715057703
      ,,998.07587,717.6262,0.584.569747071868854
      ,,1046.0315,104.945335,0.5345.747983183865124
      ,,370.6568,748.6101,0.5628.515962595639568
      ,,387.64108,755.60645,0.6135.83067662345366
      ,,1001.07306,141.92607,0.6227.57988303092089
      ,,1015.0601,794.5861,0.6115.122614364272382
      ,,400.62906,166.91306,0.5621.28683653423964
      ,,379.64847,239.87506,0.719999971.3830530006650346
      ,,1004.0703,859.5523,0.599999963.5706956441834503
      ,,943.1267,230.87975,0.5857.877135389213784
      ,,435.59668,815.5752,0.5571.24763812784953
      ,,369.6577,989.4846,0.6361.773735105010644
      ,,1020.861,289.02774,0.5399999627.491737438140987
      ,,391.6374,308.83914,0.6812.21104173335882
      ,,1031.0453,912.5247,0.6434.47062836196429
      ,,260.75854,907.5273,0.5628.47360923435891
      ,,872.19244,1552.1915,0.5399999610.059214305253354
      ,,244.77336,1531.2025,0.5918.58797632277242
      ,,867.197,959.50024,0.5631.354061102240568
      ,,288.73267,1554.1904,0.6322.266947690258498
      ,,962.1092,901.53046,0.6840.79557454819008
      ,,305.71692,930.5153,0.585.190315825612116
      ,,939.13043,1539.1982,0.4412.819895026920054
      ,,704.34784,1615.1587,0.6320.427283758778643
      ,,122.886215,941.5096,0.4599999859.251600736217256
      ,,792.2664,976.4914,0.570.94821347117399
      ,,101.90564,1586.1738,0.5532.365465747037774
      ,,685.4453,88.95367,0.732.09422928966015
      ,,487.54858,1057.4492,0.6440.08376918928832
      ,,728.3256,1071.4419,0.6572.99310667867725
      ,,444.58835,70.963036,0.729.794853335269565
      ,,771.2858,1022.46747,0.5833.41921490977162
      ,,169.84274,1615.1587,0.574.269116806588094
      ,,785.2729,1581.1764,0.5638.219590692726754
      ,,150.57689,1058.7362,0.565.04226107862904
      ,,215.80019,1002.47784,0.5326.177459097739014
      ,,870.1943,1623.1545,0.78.99258685468049
      ,,885.1804,1008.47473,0.6125.19615403448144
      ,,199.81499,1633.1494,0.5399999644.184223722500114
      ,,378.6494,84.95575,0.7415.567505249059806
      ,,606.4385,1096.429,0.7135.96227467363245
      ,,342.6827,1054.4508,0.6838.73881799760549
      ,,582.4607,86.95471,0.7114.134738323295469
      ,,71.933395,997.48047,0.4437.43340048105476
      ,,670.3793,1619.1566,0.6814.893753516668625
      ,,644.4033,989.4846,0.5813.688777535185901
      ,,48.954674,1646.1426,0.5631.193744871523904
      ,,446.5865,1105.4242,0.5773.51973068306428
      ,,1014.06104,508.73502,0.5914.735559593653337
      ,,349.67624,499.73972,0.5133.27645888074527
      ,,1016.0592,1120.4164,0.521.67035692353302
      ,,1040.037,548.7142,0.5152.66143911347777
      ,,392.63644,1179.3857,0.5728.342408310685638
      ,,1043.0342,1199.3752,0.4742.841796931346565
      ,,378.6494,578.6986,0.489999984.87615194068311
      ,,1000.07404,634.66943,0.5399999617.835653730654812
      ,,365.66144,1280.3331,0.5515.433647091584364
      ,,1009.0657,1280.3331,0.5810.957300403165497
      ,,388.64014,630.6715,0.3999999823.664850047769534
      ,,384.64386,716.6267,0.527.085778688051663
      ,,1024.0518,1344.2998,0.5523.620427451081444
      ,,1005.0694,721.62415,0.644.571083110251894
      ,,386.642,1343.3003,0.599999967.18669662812483
      ,,503.53375,1117.418,0.5922.84766782395749
      ,,746.30896,174.90889,0.5522.46968676077348
      ,,747.30804,1180.3851,0.6450.347611172867744
      ,,512.52545,136.92868,0.6599999732.94900590872239
      ,,413.61703,245.87193,0.3299999834.904404694906454
      ,,614.4311,1223.3628,0.5633.70386951480387
      ,,424.60684,1282.332,0.6189.95805849068837
      ,,594.4496,191.90005,0.6347.27315074569575
      ,,638.4089,170.91098,0.6699999669.7164411358922
      ,,529.5097,1197.3763,0.5981.32231385059889
      ,,448.58466,216.88704,0.5921.613126608783176
      ,,736.31824,1203.3732,0.6580.82609250274685
      ,,378.6494,1026.4653,0.540.04370282335451
      ,,1004.0703,1669.1306,0.5718.71313517332764
      ,,1026.0499,1055.4503,0.5127.836922302405466
      ,,404.62534,1695.1171,0.6226.254564926201674
      ,,375.65216,418.78186,0.5826.99379287871384
      ,,620.42554,1427.2566,0.5737.40604567730902
      ,,373.65402,1438.2509,0.5827.382178005116625
      ,,579.46344,376.80374,0.6369.05569575008964
      ,,704.34784,441.7699,0.6599999748.99005077206598
      ,,441.59113,1446.2467,0.2999999835.4269105757222
      ,,714.33856,1426.2571,0.4760.66092475423587
      ,,472.56244,416.78293,0.6537.46559977339127
      ,,537.5023,436.7725,0.5321.823431999080793
      ,,696.3552,1450.2446,0.6147.888147290031526
      ,,515.52264,1448.2457,0.6936.79889168107952
      ,,661.38763,501.73868,0.3884.53377791085344
      ,,800.25903,1198.3759,0.6176.00615942193801
      ,,535.50415,173.90942,0.7467.05290419887142
      ,,729.1216,237.26648,0.659999974.783366316180152
      ,,569.4727,1151.4003,0.6599999774.30171479560272
      ,,482.5532,1573.1805,0.7105.73896386391243
      ,,1019.05646,913.5242,0.7623.84570406180202
      ,,393.63553,907.5273,0.6599999725.291659457607008
      ,,1014.06104,1574.18,0.5999999628.16037509842169
      ,,990.08325,1021.46796,0.6526.133724968280212
      ,,358.6679,1658.1364,0.6444.77741072882746
      ,,992.0814,1602.1655,0.6418.376274678156175
      ,,379.64847,1004.4768,0.669999966.978386178258744
      ,,677.3728,593.6908,0.7199999724.130309167113733
      ,,474.5606,1563.1858,0.5329.43562739895755
      ,,682.36816,1586.1738,0.6845.46281897805566
      ,,472.56244,556.71,0.4836.00977494573372
      ,,444.58835,169.9115,0.483.9332365520898858
      ,,609.4357,875.54395,0.6527.990282080169607
      ,,618.42737,131.93129,0.6149.302787279511705
      ,,454.5791,858.5528,0.539999966.152452546928827
      ,,383.64478,1050.4529,0.4453.11484495266736
      ,,969.10266,357.81363,0.5336.53728702941878
      ,,337.68732,406.78812,0.5999999651.630131385410266
      ,,987.08606,993.48254,0.6114.002633716645956
      ,,386.2841,407.98828,0.5538.12024259365842
      ,,967.10455,1062.4467,0.4899999833.640533124948405
      ,,981.0916,446.7673,0.6419.44971758530196
      ,,382.6457,1126.4133,0.559.99585396010085
      ,,412.61795,787.5898,0.3533.24557122320048
      ,,1051.0269,1414.2634,0.4299999850.602368090861766
      ,,1031.0453,749.60956,0.5351.03962051762289
      ,,406.6235,1455.2421,0.5551.46894978469171
      ,,418.6124,1495.2212,0.6141.79106383035192
      ,,1053.025,870.5466,0.4853.67406165532102
      ,,423.6078,837.5637,0.6599999749.26151966012089
      ,,965.1064,1484.2269,0.3435.589296586747395
      ,,764.2923,691.6398,0.7299999649.74997723390337
      ,,506.531,1747.09,0.5660.59111204560515
      ,,518.5199,717.6262,0.534.005790417848159
      ,,709.3432,1669.1306,0.5623.815181338494753
      ,,64.93987,1795.0651,0.5649.13094720725561
      ,,607.43756,1112.4205,0.6699999653.31660034130525
      ,,44.958374,1152.3998,0.5399999619.874107791409894
      ,,679.371,1725.1014,0.5939.442272145794355
      ,,756.29974,1113.42,0.6238.71366884876333
      ,,152.85846,1749.089,0.5649.91172809805996
      ,,750.3053,1703.1129,0.3859.29666295698448
      ,,130.87881,1120.4164,0.4899999831.258839248226163
      ,,33.968548,1209.3701,0.484.899028764816452
      ,,683.36725,1799.063,0.3438.412226302799645
      ,,647.4006,1191.3795,0.6215.419072297134058
      ,,94.91212,1823.0504,0.5360.46175938089716
      ,,751.3043,1222.3633,0.6332.211309454660345
      ,,160.85106,1808.0582,0.5359.944636043669774
      ,,95.911194,1224.3623,0.6121.262669783377035
      ,,711.3414,1850.0364,0.4727.842114632852773
      ,,220.79556,1102.4258,0.5358.535163164512284
      ,,843.21924,1796.0645,0.5263.54013382381279
      ,,874.19055,1187.3816,0.4599999895.93052022353358
      ,,199.81499,1736.0957,0.5334.09463089328987
      ,,932.1369,1722.103,0.4877.66884721651917
      ,,240.77705,1177.3867,0.4299999841.89295715036085
      ,,222.79372,1780.0729,0.5999999630.09328042574962
      ,,894.17206,1134.4092,0.6331.690837060424126
      ,,149.86124,1833.0453,0.5623.86304636538918
      ,,825.2359,1219.3649,0.6135.044710159034295
      ,,132.87697,1180.3851,0.5399999646.38438854862018
      ,,787.27106,1787.0692,0.4599999838.93231372622648
      ,,251.76688,1826.0488,0.6210.281534887458696
      ,,874.19055,1184.383,0.6323.267153038702325
      ,,864.1998,1807.0588,0.3299999818.51933797193536
      ,,254.76411,1157.3972,0.6848.93474139875686
      ,,283.73727,1123.4149,0.5629.36482121794119
      ,,925.9835,1710.1093,0.3946.71758726357166
      ,,933.136,1152.3998,0.6599999716.978781598108835
      ,,277.74283,1786.0697,0.5244.129350532280526
      ,,421.60962,1778.0739,0.4534.474972025216424
      ,,619.42645,797.5846,0.6536.762648188215884
      ,,685.3654,1750.0885,0.5830.545875024464898
      ,,419.61148,776.5955,0.7132.06058499355473
      ,,329.69473,1270.3384,0.568.57936934036907
      ,,967.10455,1722.103,0.37109.35546700856922
      ,,940.1295,1227.3607,0.5824.435240409977634
      ,,339.6855,1798.0635,0.5340.05690205250784
      ,,575.46716,1853.0348,0.4299999829.662908705444845
      ,,375.65216,832.56635,0.6227.207124577791465
      ,,420.61053,1816.0541,0.5142.18176761592538
      ,,567.47455,863.55023,0.719.45179142364129
      ,,522.5162,803.5814,0.6214.01019548381289
      ,,755.30066,1770.078,0.5233.66070066801745
      ,,698.3534,805.5804,0.6830.18381998860547
      ,,564.47736,1796.0645,0.5361.418384249294135
      ,,994.0796,1186.3821,0.5399999651.28555098320777
      ,,392.63644,1791.0671,0.5999999636.9790919214837
      ,,398.6309,1141.4055,0.5920.021640440970145
      ,,1011.06384,1682.1239,0.4275.12255867567185
      ,,445.58743,1810.0573,0.5399999615.715010173020923
      ,,675.37463,897.53253,0.6342.912405416997025
      ,,408.62164,862.5507,0.6939.99487774143535
      ,,660.38855,1828.0479,0.525.512664217730288
      ,,760.296,871.546,0.4899999837.76852782768177
      ,,516.5217,1822.051,0.383.585030118876925
      ,,481.5541,852.55597,0.6336.61047307678628
