       
     ,,394.6346,699.63556,1.39,37.495247473728206
     ,,670.3793,1000.4789,1.05,22.43090805896891
     ,,679.371,697.63666,1.3199999,35.3821541863824
     ,,366.6605,974.49243,1.03,28.302446360222003
     ,,395.63367,855.5544,0.85999995,35.717492480942816
     ,,661.38763,1126.4133,0.93,23.724805376912833
     ,,381.57513,1133.8368,1.41,24.767520023747377
     ,,670.3793,857.55334,1.25,22.383729287457108
     ,,667.3821,696.63715,1.3199999,26.021793314754717
     ,,383.64478,419.78134,1.35,24.44886737983692
     ,,382.6457,722.207,1.3199999,24.086960731057474
     ,,668.3811,410.78604,1.1999999,25.43332304407302
     ,,677.3728,678.64655,1.12,45.96333638791522
     ,,397.63184,1281.3326,1.3,38.61707106493036
     ,,386.14246,707.6314,1.2099999,26.90700585028299
     ,,690.61115,1281.9575,1.3199999,43.36347739706478
     ,,679.371,258.86517,1.25,38.97894391492965
     ,,408.62164,562.7069,1.27,49.165570760343435
     ,,381.64664,270.85892,1.18,24.345443453553465
     ,,668.3811,552.7121,1.03,26.72566116758154
     ,,686.3645,1278.3342,1.03,40.09894305885118
     ,,402.6272,1582.1759,1.27,42.83125161915193
     ,,393.63553,1290.3279,0.97999996,33.63712662621596
     ,,712.34045,1572.1812,1.1899999,64.6030418946501
     ,,369.6577,113.94065,1.18,25.925349239632848
     ,,670.3793,413.7845,1.31,25.496090797145364
     ,,388.64014,428.77667,1.28,28.774421639395324
     ,,670.3793,137.1225,1.17,22.39646950783872
     ,,658.8088,1144.9849,1.28,10.856341910103579
     ,,385.6429,1416.2623,1.36,31.179865265858396
     ,,685.3654,1425.2577,1.0699999,38.37450195263643
     ,,404.62534,1118.4175,1.29,52.461566593429154
     ,,371.65588,818.57367,1.09,41.11319944781322
     ,,681.3691,536.72046,1.11,47.12773411574116
     ,,387.64108,549.7137,1.3,34.28649981948858
     ,,698.3534,870.5466,1.04,51.89297309681958
     ,,238.77892,124.93493,1.27,26.259761423979405
     ,,499.53748,410.78604,1.04,15.85492556575583
     ,,243.77429,426.7777,1.3299999,27.785178215203732
     ,,539.5005,115.93961,1.55,41.79647506303674
     ,,825.178,1619.7332,0.93,53.314486079770575
     ,,532.7875,1262.3425,1.16,39.92060165259493
     ,,539.5005,1597.1681,1.3399999,40.344768854250695
     ,,848.2146,1271.3378,1.37,59.23141136053365
     ,,248.76965,863.55023,0.95,33.23635439169212
     ,,543.49677,1115.4191,1.26,49.95185578136296
     ,,216.79926,1128.4122,0.90999997,17.605919796519483
     ,,524.51434,863.55023,0.93,21.251902361348954
     ,,355.6707,1151.4003,1.1999999,6.9214066806216055
     ,,100.90657,1435.2524,1.05,28.933690116624668
     ,,398.6309,1385.2784,1.36,62.17825850357516
     ,,109.89824,1107.4232,0.98999995,54.07813473619009
     ,,835.2266,284.85162,1.1,43.32058100991238
     ,,500.53653,580.6975,1.18,11.244213747786
     ,,539.5005,245.87193,1.38,50.65098118065654
     ,,810.24976,573.7012,1.0,18.621285191282666
     ,,507.53006,697.63666,1.29,16.739781749915362
     ,,822.23865,1014.4716,1.41,32.709586852730965
     ,,848.2146,708.6309,1.43,56.47041902522435
     ,,521.5171,1012.47266,1.05,20.408943273101464
     ,,400.62906,566.70483,1.4,40.762464855836534
     ,,99.90749,291.848,0.95,29.594106573191247
     ,,411.61887,270.85892,1.09,52.80749046153516
     ,,73.93155,576.69965,1.04,6.97252739625634
     ,,114.893616,990.4841,1.22,44.41259863570666
     ,,377.65033,668.65173,1.31,48.66209426644627
     ,,392.63644,1004.4768,1.31,32.730292606269614
     ,,113.89455,704.633,1.06,42.928938939883636
     ,,523.51526,871.546,1.28,23.755841328021997
     ,,810.24976,1163.607,0.96999997,25.358667119629683
     ,,508.52914,1129.4117,1.26,17.195447444846636
     ,,831.23035,835.5648,1.22,45.192448838689764
     ,,534.50507,267.86047,1.37,33.62268954958852
     ,,233.78354,573.7012,1.2099999,18.164606413362932
     ,,257.76132,268.85995,0.90999997,43.7797761980009
     ,,520.51807,590.6923,1.04,26.47675770064037
     ,,544.49585,1567.1837,1.17,41.915460620645405
     ,,253.76503,1265.341,1.05,45.10284477127235
     ,,546.494,1294.8423,1.2099999,42.76902311791286
     ,,272.74747,1550.1926,1.27,63.19434319097893
     ,,229.78723,1406.2676,0.93,30.970550107797443
     ,,531.5079,1754.0864,1.01,42.263717605551626
     ,,222.79372,1729.0994,1.03,9.826269366922894
     ,,533.50604,1399.2711,0.98999995,45.57084349047904
     ,,810.24976,146.92348,1.0799999,20.31457687920659
     ,,522.5162,408.78708,1.35,25.281087112229876
     ,,826.235,415.78345,1.41,35.72691103070575
     ,,552.48846,125.9344,1.1899999,49.967087361666046
     ,,830.23126,1166.3925,1.3299999,43.32991661525714
     ,,537.5023,1405.2681,0.96999997,44.135353277421395
     ,,541.4986,1118.4175,1.37,46.550403865250566
     ,,839.22296,1435.2524,1.16,47.23956705238643
     ,,400.84146,852.19867,0.96999997,41.251428918186306
     ,,113.89455,1143.4044,1.3299999,41.974874248632865
     ,,385.6429,1133.4097,1.18,28.567035018582622
     ,,111.89639,843.5606,1.29,42.428978353865304
     ,,964.1073,860.55176,1.2099999,28.222894434204314
     ,,696.3552,1126.4133,1.3299999,52.17149974508676
     ,,983.0897,1121.4159,1.0699999,53.12080738830018
     ,,653.395,827.569,1.29,30.905563241032166
     ,,405.62442,149.9219,1.31,47.15633092868012
     ,,124.88437,408.78708,1.26,55.61511600131799
     ,,88.91767,125.9344,1.2099999,20.77946685577782
     ,,396.63275,412.785,1.2099999,38.94347966085561
     ,,411.61887,1558.1884,1.27,55.29022175236204
     ,,121.887146,1862.0302,1.06,50.04485022260548
     ,,93.91304,1585.1743,1.13,23.05758324283808
     ,,413.61703,1838.0426,1.24,60.46819416482677
     ,,948.12213,249.86986,1.5799999,34.34082274738991
     ,,631.41534,542.71735,1.4699999,31.927950225065906
     ,,703.34875,277.8553,1.37,55.503723516229876
     ,,921.1471,565.7053,1.62,15.461340559726503
     ,,950.12024,1415.2628,1.11,23.46195152001859
     ,,679.371,1722.103,1.17,31.371140858459633
     ,,704.34784,1393.2743,1.38,69.52454453477071
     ,,963.1082,1711.1088,0.97999996,29.21428325273271
     ,,664.52606,1297.8752,0.96,18.306561552886496
     ,,962.1092,1586.1738,1.04,27.358753034495145
     ,,970.10175,1301.3221,0.96,35.93215813186092
     ,,695.35614,1566.1842,1.4399999,48.80796084003179
     ,,686.3645,115.93961,1.04,44.25489430107381
     ,,962.1092,396.79333,1.03,39.175492135893485
     ,,683.36725,414.78397,1.43,37.103122324015416
     ,,969.10266,113.94065,1.14,40.92234660020803
     ,,691.2732,1440.3365,1.0,43.734667052499645
     ,,979.09344,1152.3998,1.3,43.56606677640599
     ,,687.3635,1112.4205,1.4499999,51.74038835499504
     ,,953.1175,1455.2421,1.36,27.280650637852272
     ,,117.89084,1295.3253,1.04,46.19878867193615
     ,,407.62256,1568.1832,1.17,48.623832721875935
     ,,380.64755,1258.3446,0.96,37.79398746617006
     ,,97.90935,1582.4824,0.91999996,26.29422741805474
     ,,649.3987,716.6267,1.04,2.975888173372411
     ,,972.2549,1008.9504,0.96999997,36.915095664254665
     ,,954.1166,705.63245,1.37,19.955608802557535
     ,,701.69257,990.53796,1.13,54.90236704519504
     ,,685.3654,1839.0421,1.06,46.07496095688585
     ,,969.10266,1580.177,1.26,33.1741693426938
     ,,657.3913,1576.1791,1.23,9.566201328350724
     ,,964.1073,1846.0385,1.12,34.47439187195048
     ,,800.25903,1451.2441,1.35,19.119937639675936
     ,,519.519,1735.0963,1.3399999,20.30645776425819
     ,,825.2359,1735.0963,1.11,35.723081248807105
     ,,520.51807,1385.2784,1.23,51.445473021891885
     ,,506.531,1111.4211,1.0,34.67136240851447
     ,,243.77429,1419.2607,1.35,31.442916794258018
     ,,545.49493,1417.2618,1.0699999,44.743664659889845
     ,,229.78723,1130.4113,1.2099999,20.810976076466257
     ,,532.50696,1578.178,1.4,28.507513592230545
     ,,245.77243,1831.0463,1.02,45.91471690140493
     ,,524.51434,1832.0458,1.23,39.67023546648883
     ,,227.7891,1578.178,1.23,11.790436401131782
     ,,544.49585,1555.19,1.26,46.47808740294103
     ,,839.22296,1841.0411,1.24,53.41304048044049
     ,,524.51434,1831.0463,1.26,40.52902533353961
     ,,833.2285,1560.1874,1.38,44.91191384989793
     ,,112.89547,1442.2488,1.18,41.719081953617106
     ,,386.642,1735.0963,1.3,29.686857354979022
     ,,353.3755,1397.6125,1.4499999,36.98554796535321
     ,,96.91027,1747.09,1.13,35.355734623385445
     ,,559.48193,717.6262,1.4,55.60030963842789
     ,,252.44435,990.05963,1.0799999,38.3505298225765
     ,,525.5134,994.482,1.36,22.78920748165609
       
      ,,224.79185,524.7267,1.453.28248456887569
      ,,810.24976,1159.3961,1.6329.181822846756933
      ,,242.7752,1127.4127,1.1870.73901960116717
      ,,844.2183,513.7324,1.3150.724130738213574
      ,,80.92507,738.6153,1.5449.479496974416705
      ,,708.3441,1336.304,1.2253.20612362114873
      ,,80.92507,1356.2936,1.2648.43087969772444
      ,,662.38666,709.6304,1.4113.722760103328431
      ,,436.59573,85.95523,0.9899999558.919208360257755
      ,,604.4403,1040.4581,0.8499999631.623308438551764
      ,,406.6235,1057.4492,1.1828.59372562502841
      ,,597.44684,87.954185,1.2316.650247214909648
      ,,126.882515,448.76627,1.3523.609542525933485
      ,,793.2655,1060.4476,0.9099999769.031337474847
      ,,739.3154,417.7824,1.189999931.42867751973615
      ,,129.87975,1050.4529,1.1730.87719230244702
      ,,406.6235,761.60333,1.1239.632081643043115
      ,,539.5005,1718.1051,1.2237.69209182361664
      ,,402.6272,1697.1161,1.0925.04668477992207
      ,,519.519,778.5945,1.209999912.075497374900188
      ,,236.78076,584.69543,0.8864.29187655493199
      ,,815.2451,1205.3722,1.1421.76260189064589
      ,,196.81776,1191.3795,1.0227.631517227517712
      ,,797.5514,584.8548,1.20999994.271914068045493
      ,,808.25165,1070.4425,0.8815.269396254229902
      ,,234.78261,422.7798,1.0266.2972957656806
      ,,193.82054,1038.4591,1.0335.22580298814909
      ,,824.2368,414.78397,1.2743.45372968481746
      ,,820.24054,1005.4763,0.9199999627.904804425707752
      ,,199.81499,353.8157,1.1835.506137414792015
      ,,850.21277,361.81155,1.069999958.58402994291305
      ,,152.85846,986.4862,1.2322.518742668210614
      ,,280.74005,91.9521,1.0140.16028103177633
      ,,901.1656,744.6122,1.3145.04665037510818
      ,,296.72525,708.6309,0.9899999556.70486287804325
      ,,911.1564,171.91046,0.9199999686.41120612563904
      ,,715.33765,1224.3623,1.2463.04803790989946
      ,,100.90657,605.6845,1.0270.01417748397891
      ,,117.89084,1212.3685,1.1783.76124243896487
      ,,718.3349,601.6866,0.8965.41388614444658
      ,,146.86401,121.936485,1.0548.37313906855288
      ,,744.31085,727.62103,0.9699999720.73491983283589
      ,,740.3145,96.9495,1.116.20817389479156
      ,,173.62357,733.13965,0.9371.08302102865552
      ,,820.5411,715.62726,1.0327.671445968835634
      ,,186.82701,78.95887,1.2225.870514718825508
      ,,204.81036,697.63666,1.0540.167383683007834
      ,,807.25256,88.95367,1.079999917.956915524429682
      ,,224.28001,323.02682,1.0554.05785925144197
      ,,822.23865,928.51636,0.8728.73865211608401
      ,,201.81314,917.5221,0.9531.30135191659698
      ,,826.235,282.85266,1.1540.97646372249542
      ,,894.17206,1240.354,0.8499999647.83961601795711
      ,,284.73636,568.7038,0.8345.69803442201116
      ,,261.75763,1192.3789,0.9699999723.60704264372108
      ,,903.16376,571.7022,0.8142.34063085323642
      ,,217.79834,152.92035,1.1348.237168406388506
      ,,834.2276,786.5903,0.9340.9148309369426
      ,,202.81221,791.5877,1.1230.331719169286224
      ,,834.2276,165.91359,0.9540.88520209256924
      ,,747.30804,1069.443,1.0322.997132422293557
      ,,159.85199,466.7569,0.8960.227920578831025
      ,,782.2757,451.7647,0.8858.11434943317529
      ,,138.87141,1055.4503,1.1137.05715082621703
      ,,226.79001,843.5606,1.0656.581527444930856
      ,,828.2331,254.86725,0.8499999638.39628357196601
      ,,205.80943,219.88547,1.0938.15781892061406
      ,,812.2479,825.57,0.8438.765049818886936
      ,,163.8483,499.73972,1.2262.12715156396903
      ,,767.28955,1160.3956,1.0249.504929485084205
      ,,153.85754,1134.4092,1.150.36935696589983
      ,,790.26825,537.7199,0.8169.74687698258842
      ,,784.4271,597.8037,0.7861.610521344199135
      ,,183.82979,1210.3696,0.8980.54394711609605
      ,,171.84088,590.6923,1.0468.71830582838378
      ,,789.2692,1195.3773,1.165.40853116185777
      ,,144.86586,388.7975,0.9899999543.15509840447133
      ,,776.28125,994.482,1.1451.86912576844197
      ,,168.3316,978.6232,0.8867.52384263421023
      ,,761.2951,369.80737,1.1537.39881022248451
      ,,344.99536,1001.2757,0.8334.701380836184875
      ,,970.0293,1678.6328,1.0471.41751785690988
      ,,371.65588,1638.1467,0.9699999764.23422812946373
      ,,970.10175,991.4836,0.9099999739.06778794402663
      ,,701.3506,1081.4368,1.048.22222782592068
      ,,101.90564,1704.1124,0.8969.42256822675674
      ,,737.3173,1684.1228,0.9681.88699288768854
      ,,131.8779,1055.4503,0.8998.00280982037222
      ,,161.85014,1051.4524,1.1760.25918791130417
      ,,732.3219,1733.0973,1.0646.2633220742966
      ,,723.33026,1079.4377,1.112.990516242136838
      ,,128.5776,1714.0536,0.9799999636.52368292640651
      ,,227.7891,1073.4409,0.9899999555.72306657888924
      ,,844.2183,1738.0947,0.8499999671.63919750320733
      ,,804.2553,1082.4362,1.189999919.225966857513516
      ,,234.78261,1685.1223,1.062.32797647810966
      ,,289.73172,1707.1108,1.052.06614879851913
      ,,902.2136,1110.1595,1.1359.01972385200605
      ,,328.69565,1062.4467,0.8499999687.28980849636713
      ,,894.17206,1709.1097,0.9638.341885449725595
      ,,359.667,1040.4581,0.9699999755.63786588256373
      ,,961.1101,1690.1196,1.199999929.72576184291056
      ,,344.68085,1690.1196,1.134.28108470755407
      ,,979.09344,1079.4377,0.8849.320596242180926
      ,,173.83904,315.83548,1.0670.83120831931568
      ,,801.2581,909.52625,0.9199999679.06840078996244
      ,,155.85568,932.5143,1.052.509350962870094
      ,,756.29974,299.8438,1.189999932.70842285742576
      ,,758.29785,870.5466,1.1535.55729847896384
      ,,155.85568,239.87506,0.9699999752.37373644869894
      ,,150.86032,856.55383,1.1847.451869398622485
      ,,747.389,228.95161,1.0424.80074471425508
      ,,762.2942,786.5903,1.1837.99587789882859
      ,,163.8483,141.92607,1.1566.34936711429775
      ,,777.2803,158.41748,1.1253.93124793009898
      ,,163.8483,766.6007,0.8964.90834401606557
      ,,278.7419,497.74075,1.1840.8391041319046
      ,,897.1693,1146.4028,1.069999936.343264958047
      ,,258.7604,1152.3998,0.8724.156245685814653
      ,,865.1989,515.7314,1.172.966553845725983
      ,,401.6281,487.74594,1.1334.71934676919571
      ,,626.42,1487.2253,1.1440.48253027951638
      ,,645.0762,513.9568,0.9199999658.5786905945676
      ,,434.5976,1491.2233,1.0356.131394469289276
      ,,729.3247,550.71313,1.079999982.22820986622055
      ,,499.53748,1505.216,1.0656.70715759104554
      ,,483.55228,514.7319,1.1835.05304352721015
      ,,721.3321,1494.2217,1.0967.24692459947651
      ,,569.4727,1475.2316,0.9699999752.23906320221128
      ,,780.2775,509.7345,1.0655.980733473985474
      ,,526.5125,513.7324,1.239.045139714778639
      ,,765.2914,1462.2384,1.1244.69253567853166
      ,,508.52914,1682.1239,0.9460.26940019904234
      ,,624.8941,798.72943,1.1339.26615284636293
      ,,506.531,772.5976,0.9899999560.72967757317999
      ,,660.38855,1718.1051,1.0579.97618454056379
      ,,394.6346,594.69025,1.189999918.822277501665496
      ,,635.4117,1558.1884,1.0949.677360562544806
      ,,640.40704,593.6908,0.8599999554.86184152324698
      ,,436.59573,1561.1869,0.9358.2795520730812
      ,,425.60593,853.5554,0.9699999746.487573522279604
      ,,560.481,170.91098,1.0543.00417164902702
      ,,423.6078,183.9042,1.2446.40019505131369
      ,,554.4866,885.53876,1.0545.232990294141025
      ,,903.16376,1078.4382,0.8942.37997821001872
      ,,280.24048,464.25818,1.1243.042931407736056
      ,,296.9785,1066.1207,0.9699999755.47978151916296
      ,,893.8309,445.3961,0.8931.331043900051377
      ,,240.77705,1010.4737,1.0512.993820962791597
      ,,915.4588,370.4965,0.9653.29799957296951
      ,,282.73822,340.82248,0.8599999554.52959098960851
      ,,884.18134,1026.1719,1.135.946581518653126
      ,,248.76965,904.5289,1.0125.049210579687013
      ,,879.1859,266.861,1.1543.931180631217174
      ,,300.72156,273.85736,1.069999968.11035204920276
      ,,895.17114,922.5195,1.0333.2140074949006
      ,,272.74747,843.5606,0.8335.07803324978656
      ,,921.1471,228.88078,1.1359.43072483152228
      ,,284.73636,219.88547,1.2947.07317205981026
      ,,900.1665,880.5414,1.079999943.14516503717731
      ,,292.72894,752.608,1.1663.71978056240531
      ,,875.4771,142.00824,1.0330.400695928773903
      ,,274.7456,143.92505,0.9699999741.944587379393425
      ,,922.1462,804.58093,1.1161.285719025194524
      ,,694.35706,632.6705,1.1143.62431647201937
      ,,74.93062,1264.3414,0.9799999641.45496697960513
      ,,689.3617,1301.3221,1.043.825631943853374
      ,,88.91767,623.6752,0.9199999661.58046534379913
      ,,538.5014,1578.178,1.035.545539996942864
      ,,745.3099,582.6965,1.1220.825382945209377
      ,,563.727,591.69183,0.8599999546.94721202598915
      ,,778.27936,1578.178,1.0160.947894048698146
      ,,608.43665,625.67413,1.1434.65318946792176
      ,,436.59573,1637.1473,0.9460.063683262117294
      ,,639.40796,1641.1451,0.8499999657.550452318353884
      ,,417.6133,679.646,1.0646.79241004494745
      ,,425.60593,230.87975,0.946.73141062050126
      ,,572.39734,953.50336,1.0160.323176911097
      ,,390.6383,940.51013,0.9099999716.380021971373733
      ,,542.4977,231.87923,0.9625.85959547009098
      ,,694.7685,1658.8536,0.9199999656.30657749294222
      ,,472.56244,647.66266,0.8824.54385544026566
      ,,682.36816,634.66943,0.9532.24635387849466
      ,,511.52637,1620.1561,0.8599999563.04812226048503
      ,,616.84973,208.31238,1.1142.80652666431381
      ,,404.62534,782.5924,0.9099999726.340321128917918
      ,,478.5569,217.8865,1.1136.446296007896194
      ,,625.4209,895.53357,0.9699999751.00609655630031
      ,,579.46344,622.67566,0.8599999568.76742829812976
      ,,749.3062,1603.165,0.8929.163491717462062
      ,,750.3053,645.6637,1.1226.69547612679036
      ,,559.48193,1636.1478,1.0645.540405700116054
      ,,766.29047,1272.3373,1.1641.806638126645
      ,,148.86217,655.6585,1.2245.47199580112415
      ,,796.2627,664.6538,1.0272.78461033658297
      ,,148.86217,1274.3363,1.0445.36987581367483
      ,,337.68732,1006.47577,1.079999928.63065891376551
      ,,977.0953,409.78656,0.9699999756.45284991041585
      ,,362.6642,389.79697,0.9099999753.832282649356905
      ,,971.1008,989.4846,0.9340.4038621074442
      ,,333.63834,1126.4308,0.9699999724.852228097766318
      ,,930.1388,498.74023,1.1815.818441594488679
      ,,967.10455,1142.405,1.136.267942315158486
      ,,326.6975,523.72723,0.9699999718.641383205323795
      ,,923.14526,499.73972,1.0954.87939836492847
      ,,315.70767,1059.4481,1.168.766348086979564
      ,,361.9238,427.86346,0.8854.36409062892443
      ,,917.1508,1086.4341,1.0624.561487214684835
      ,,955.11566,581.697,1.0523.684387375015753
      ,,358.6679,1189.3805,1.050.4851148417795
      ,,340.68454,573.7012,1.1531.735208763367435
      ,,973.099,1182.3842,1.0547.11249630110228
      ,,972.0999,901.53046,0.9648.74124881259647
      ,,359.667,275.85632,0.8458.469781934932925
      ,,379.84076,936.51855,1.1569.80285177866992
      ,,978.09436,288.84955,0.8950.188382756361904
      ,,299.72247,877.5429,1.0921.016698216578128
      ,,940.1295,192.89952,1.0146.409829274575735
      ,,349.67624,221.88443,1.2242.55414047954566
      ,,932.1369,837.5637,0.9799999621.945523310324734
      ,,951.1193,797.5846,1.079999920.85927482154093
      ,,348.67715,180.90578,1.0339.84453384480674
      ,,967.10455,147.92296,1.1441.63235443154863
      ,,319.70398,794.5861,0.9610.070234361475624
      ,,132.87697,921.52,0.9099999798.62427711131355
      ,,693.35803,1524.206,1.0145.53036649906505
      ,,71.933395,1578.178,0.7747.15597037330431
      ,,696.3552,904.5289,1.0347.36839103400551
      ,,149.86124,846.5591,1.2748.1334770651726
      ,,740.4984,1469.8132,1.0519.239444444608058
      ,,130.87881,1483.2274,1.189999927.514328951956674
      ,,771.2858,867.54816,1.2447.47300806286345
      ,,228.97624,882.8438,0.9361.11055090144494
      ,,837.2248,1508.2145,1.1151.76823101790573
      ,,213.80203,1509.2139,0.7999999550.30252533494123
      ,,825.2359,892.5351,0.8599999545.80922309371285
      ,,286.7345,867.54816,0.8499999645.94488602758801
      ,,910.1573,1476.2311,1.199999947.848100764845796
      ,,282.73822,1462.2384,0.9099999745.10073968106866
      ,,903.16376,870.5466,0.8499999642.13748763991862
      ,,965.1064,852.55597,1.0134.31630264781148
      ,,350.6753,1514.2113,0.7299999652.445268261454835
      ,,344.68085,870.5466,0.8835.92153974986843
      ,,963.1082,1472.2332,1.209999932.67139443542825
      ,,699.3525,1488.2249,1.079999944.52766770196403
      ,,80.92507,859.5523,1.0546.42510118352065
      ,,75.929695,1487.2253,0.8341.97201282758989
      ,,668.3811,820.5726,1.0941.00326294138596
      ,,176.83626,926.5174,1.0173.36305235167363
      ,,755.30066,1581.1764,0.9799999644.18228593903678
      ,,753.3025,910.52576,1.1133.95080059471521
      ,,129.87975,1546.1947,0.9699999726.586010713464024
      ,,204.81036,1548.1936,0.7532.336763577912755
      ,,840.22205,895.53357,1.0557.181597771172335
      ,,851.21185,1540.1978,0.9199999658.45673410513466
      ,,193.82054,941.5096,1.0624.976283193202942
      ,,693.73804,511.2122,0.938.37912433845008
      ,,83.922295,1187.3816,0.9471.65377012102981
      ,,87.918594,533.722,0.8599999556.77174407678522
      ,,660.38855,1123.4149,0.8813.036377967005583
      ,,67.937096,447.76678,1.0533.51384307579782
      ,,710.3423,1026.4653,1.1767.90030103414487
      ,,50.95282,1053.4513,0.7299999620.9991430746553
      ,,711.3414,383.8001,0.9583.21739604743287
      ,,83.922295,967.4961,1.2957.81693173663408
      ,,730.3238,345.8199,1.069999980.86945786793375
      ,,653.395,1010.4737,1.1513.143350974029895
      ,,79.925995,411.78552,0.9899999557.52033645196632
      ,,674.3756,280.85373,0.932.654439378596074
      ,,78.92692,941.5096,0.9099999746.29255105260178
      ,,70.93432,292.84747,0.9799999639.27029552862022
      ,,653.395,944.50806,0.9516.145860775544833
      ,,380.64755,304.84122,1.20999992.895859723955707
      ,,611.43384,1320.3123,0.9699999753.03851025999463
      ,,627.41907,319.8334,0.9799999642.737371737760085
      ,,431.60037,1241.3534,1.069999961.21971170509087
      ,,484.55133,1261.343,1.1338.0459019766134
      ,,677.3728,298.84433,1.0323.523182724277245
      ,,484.55133,302.84225,0.9899999536.35097010341362
      ,,724.32935,1286.33,0.8770.0149027156755
      ,,783.2748,1288.329,0.8360.61661017386716
      ,,526.5125,310.8381,0.859999959.610843680588916
      ,,542.4977,1282.332,0.7999999526.512050365511545
      ,,743.31177,307.83966,1.118.814833742737093
      ,,618.42737,377.80322,1.1531.953954797103833
      ,,376.65125,1345.2993,0.933.99394250392372
      ,,408.62164,373.8053,0.929.246051264332436
      ,,623.4227,1371.2858,1.1746.817820453251386
      ,,676.3737,1380.2811,1.079999943.16394029405823
      ,,476.55875,360.81207,0.9099999732.14660646682354
      ,,695.35614,378.8027,0.9799999639.92260451990512
      ,,487.54858,1287.3295,0.9199999667.59126820342225
      ,,572.4699,1361.291,0.9199999658.09297063435161
      ,,745.3099,368.8079,0.9799999622.186019149346492
      ,,568.47363,335.82507,0.8765.21319581846137
      ,,745.3099,1309.318,1.1439.167543904334515
      ,,73.93155,863.55023,1.0139.639014126922916
      ,,705.3469,214.88808,1.1655.15649311884254
      ,,704.34784,833.56586,0.9355.305435413587595
      ,,92.91397,254.86725,0.8599999560.66365325662119
      ,,69.93524,154.91931,1.1138.31778739348886
      ,,681.3691,783.59186,1.0626.77558040377727
      ,,83.922295,776.5955,0.9699999751.340995010878714
      ,,709.3432,168.91202,1.153.84641104934556
      ,,86.91952,99.947945,1.1752.422424417836346
      ,,682.36816,702.63403,1.1532.83021387792358
      ,,118.889915,721.62415,0.9199999684.39000678112203
      ,,702.3497,81.95731,1.069999950.385740431030975
      ,,991.08234,90.95263,0.9099999760.34241547419527
      ,,393.63553,705.63245,1.189999984.63625328699568
      ,,364.66235,122.93597,1.3558.625362521422296
      ,,968.10364,740.61426,1.1841.29383905926427
      ,,213.80203,655.6585,1.2441.42262740214724
      ,,827.2341,1270.3384,1.0433.881902467920995
      ,,823.23773,631.67096,1.1836.306771129418955
      ,,205.80943,1270.3384,0.8233.459141854147376
      ,,900.1665,679.646,0.9646.42920008401433
      ,,245.77243,1285.3306,0.9099999712.578392710746666
      ,,302.7197,654.659,1.2361.257754203642214
      ,,894.17206,1288.329,1.134.971672785497496
      ,,733.321,83.95627,1.1818.748461668690776
      ,,536.50323,1064.4456,1.3119.11396538622763
      ,,754.3016,1061.4471,1.1230.226895528249354
      ,,531.5079,82.956795,1.2222.44960070501467
      ,,616.42926,1118.4175,1.209999934.46118240689936
      ,,431.73782,122.128975,0.9370.51811271038834
      ,,410.24493,1097.0411,0.8749.23753711833442
      ,,593.4505,135.9292,1.0234.28276713061496
      ,,462.5717,147.92296,1.1825.76006728116595
      ,,701.3506,1117.418,0.9549.28728116804628
      ,,675.37463,153.91983,1.2625.253569162325125
      ,,522.5162,1108.4227,0.8978.81353080905517
      ,,350.6753,614.6798,0.9099999755.17627179560721
      ,,955.11566,1266.3405,0.9799999624.677085955878855
      ,,953.1175,674.6486,1.069999930.949594251176393
      ,,329.69473,1284.331,1.0922.039725673506535
      ,,148.86217,739.61475,0.9099999748.845370850187834
      ,,752.3034,1343.3003,1.1827.814921189652974
      ,,135.87419,1388.2769,0.9799999656.067894181175404
      ,,771.2858,745.61163,0.9452.63349245569877
      ,,811.24884,716.6267,0.9199999618.40571374478345
      ,,834.2276,1352.2957,0.9899999541.88904693136972
      ,,198.81592,1339.3024,1.0926.509477322198943
      ,,205.63504,127.38336,0.9699999742.66902901544987
      ,,919.1489,712.62885,1.2357.33932489480297
      ,,267.75208,1358.2925,0.9799999630.636153339089294
      ,,294.7271,716.6267,1.1753.44973711478089
      ,,914.15356,1330.3071,1.079999953.07312715698919
      ,,620.39935,684.6434,1.1450.075714613100644
      ,,427.60406,1713.1077,1.079999954.49544588912752
      ,,419.61148,712.62885,1.0941.080753062751874
      ,,616.42926,1663.1338,1.1438.593689313109174
      ,,403.62628,296.8454,1.209999926.37419222223565
      ,,559.48193,996.48096,1.0341.99429957556375
      ,,564.47736,312.83707,0.9199999647.279554282420335
      ,,421.60962,984.48724,0.9199999644.07438997799016
      ,,468.56613,726.6215,1.0920.70940883687262
      ,,675.37463,1685.1223,1.1220.01635473329655
      ,,704.34784,730.61945,1.0349.6918071860047
      ,,479.55597,1695.1171,0.9431.976443065000392
      ,,624.4218,277.8553,1.1748.13390762863071
      ,,498.5384,1004.4768,0.9699999750.52243478006947
      ,,634.4126,1016.4706,1.079999951.531543346984684
      ,,505.53192,299.8438,0.957.54352514858872
      ,,363.66327,715.62726,1.1253.4866550683516
      ,,985.0879,1371.2858,1.0660.829946411916175
      ,,955.11566,740.61426,0.9630.38180912198478
      ,,344.68085,1371.2858,1.1744.68725402124937
      ,,81.92415,1420.2603,1.1148.22646488290598
      ,,88.91767,811.5773,0.8258.3569556375593
      ,,685.3654,1453.243,1.0251.32664723166922
      ,,702.3497,777.595,1.1448.59456141065039
      ,,155.85568,1427.2566,0.9354.67529297407303
      ,,751.3043,776.5955,0.9630.196128945521234
      ,,140.86957,765.60126,1.1644.90469897134433
      ,,757.2988,1435.2524,1.140.4961924028745
      ,,230.51952,769.3104,0.9899999561.767809843090475
      ,,821.2396,1414.2634,0.8599999527.87693085339173
      ,,822.23865,806.5799,0.9699999732.931335863022554
      ,,196.81776,1418.2612,1.0425.240203983674288
      ,,269.75024,806.5799,0.9432.505988953484604
      ,,877.1878,1437.2513,0.7899999629.645628269894672
      ,,847.2156,800.583,0.918.310670613188673
      ,,239.77798,1391.2754,1.0520.297787104589855
      ,,341.68362,1449.2451,1.1148.960313458551255
      ,,969.10266,795.58563,1.209999937.945009953961886
      ,,343.68176,786.5903,1.2733.41130581782188
      ,,979.09344,1418.2612,1.1348.07130357799243
      ,,401.6281,119.93753,1.2329.452860105601427
      ,,1008.0666,722.6236,1.07999997.649558345135726
      ,,1008.0666,116.939095,1.0518.09688105401071
      ,,412.61795,722.6236,1.0433.13700514095105
      ,,420.61053,811.5773,1.0246.198781290698165
      ,,991.08234,175.90837,0.9799999611.391207385867116
      ,,1010.06476,782.5924,0.8412.410262882908032
      ,,442.5902,164.91411,1.0663.25665969537169
      ,,426.605,199.89589,1.079999960.90286876931335
      ,,1014.06104,867.54816,0.7415.769416647200059
      ,,1024.0518,216.88704,0.8731.965690533256964
      ,,422.17343,856.55383,1.0242.77501194735442
      ,,402.6272,939.5106,1.0925.614468737964224
      ,,1027.0491,302.84225,0.7299999626.954551193005464
      ,,403.62628,290.8485,1.0529.314664675175262
      ,,997.0768,943.50854,0.7999999515.393987157209086
      ,,271.74838,911.5252,0.9699999734.68585054106077
      ,,903.16376,1556.1895,1.1841.210313549335275
      ,,299.72247,1516.2103,1.0567.06756815055783
      ,,902.1647,903.5294,1.1446.87020578822113
      ,,362.6642,1533.2014,1.079999954.651158959636355
      ,,983.0897,911.5252,1.0454.310615562177134
      ,,391.6374,907.5273,1.2283.80412250313941
      ,,1012.0629,1574.18,0.9199999684.25847315038503
      ,,753.3025,1666.1322,0.9655.663364300147016
      ,,143.86679,1014.4716,0.9799999643.78942380152288
      ,,765.2914,978.49036,1.1645.003370764438564
      ,,140.86957,1643.1442,1.0644.764042191750654
      ,,709.5291,95.95003,1.1254.22035950436645
      ,,476.55875,1096.429,1.041.024816856660244
      ,,731.3229,1062.4467,1.375.93114067910169
      ,,480.55505,95.95003,1.332.37636048836987
      ,,834.2276,992.48303,0.8341.03544047959422
      ,,214.80112,1645.1431,1.149.99237424031402
      ,,853.21,1619.1566,0.8859.71363218582134
      ,,200.81406,996.48096,1.069999928.332388501421065
      ,,288.73267,994.482,0.947.32898789709672
      ,,881.1841,1626.153,0.8420.19065694401996
      ,,877.1878,996.48096,1.1214.723113442946275
      ,,267.75208,1627.1525,1.027.64121228947851
      ,,407.62256,107.94378,1.0129.091032080972386
      ,,638.4089,1064.4456,1.1851.949513862886576
      ,,396.63275,1080.4373,0.9699999722.085702923968448
      ,,622.4237,80.95783,1.440.895097184073755
      ,,107.423386,988.2792,1.073.5040392603211
      ,,675.37463,1590.1718,1.2234.60477785401914
      ,,678.3719,999.47943,1.319999922.95738164726171
      ,,71.933395,1567.1837,1.0663.5186595585561
      ,,423.6078,1117.418,0.9799999647.67029288728932
      ,,1029.0472,486.74646,0.7639.814619996369345
      ,,438.5939,478.75064,0.8969.06595399568636
      ,,1005.0694,1121.4159,1.1114.80680394469425
      ,,1015.0601,569.70325,1.020.05860102327432
      ,,400.62906,1212.3685,1.329999922.546638242519577
      ,,1026.0499,1205.3722,0.8499999625.564809345704482
      ,,416.61426,611.6814,0.9446.601064803095014
      ,,1029.0472,648.6621,0.7428.804068900155603
      ,,405.62442,1252.3477,1.133.614088937954094
      ,,1032.0444,1257.3451,0.8435.44054624648645
      ,,430.6013,635.6689,1.1753.80174788572973
      ,,442.5902,719.6252,1.1763.11806026252072
      ,,991.08234,1348.2977,0.9611.059206773622934
      ,,992.0814,715.62726,0.9199999610.264578372003772
      ,,413.61703,1330.3071,1.1636.2303488349601
      ,,585.4579,1148.4019,1.1369.17175803089528
      ,,745.3099,151.92087,1.2727.241086662000118
      ,,751.3043,1151.4003,1.0131.16552871167876
      ,,545.49493,161.91566,1.2429.004111374284623
      ,,428.60315,210.89015,1.0956.33314291075136
      ,,619.42645,1226.3612,1.139.522950464300976
      ,,415.61517,1220.3644,1.2439.44596677016735
      ,,633.4135,223.88339,1.0649.137795421543395
      ,,672.37744,221.88443,1.2323.683859421934635
      ,,499.53748,1197.3763,1.0951.53222687277081
      ,,467.56708,238.87558,1.2419.07077632967143
      ,,676.3737,1189.3805,0.8425.774242976886278
      ,,396.63275,1097.4283,1.0935.356663873747934
      ,,1028.0481,1725.1014,0.8846.61293703743492
      ,,997.0768,1037.4596,1.1129.24146983942283
      ,,430.6013,1697.1161,0.9699999751.99818058539957
      ,,401.6281,467.75638,1.0131.384705593565798
      ,,616.42926,1421.2598,0.8831.480369190989233
      ,,420.61053,1408.2665,0.7841.237503750356964
      ,,629.41724,405.78864,1.1358.47120371637161
      ,,702.3497,459.76053,0.9648.97197456176189
      ,,484.55133,1395.2733,0.9099999739.53484194672739
      ,,697.3543,1422.2592,1.143.215073885533755
      ,,491.54486,464.75793,0.9647.15642149947291
      ,,572.4699,446.7673,0.9354.98451624759101
      ,,796.2627,1385.2784,1.0276.4032363345048
      ,,586.457,1440.2499,1.174.71023505640161
      ,,743.31177,462.75897,1.0925.529487259013152
      ,,776.28125,1196.3768,1.0152.41453734677613
      ,,572.4699,234.87766,1.0255.08913097872776
      ,,755.30066,223.88339,1.1534.092899928951404
      ,,542.4977,1195.3773,1.1626.610286377280946
      ,,433.5985,1538.1989,0.9355.2663079864797
      ,,1035.0416,938.51117,0.7635.96313999823791
      ,,430.6013,914.5237,1.0652.97810013555394
      ,,1012.0629,1556.1895,0.7899999613.358520487315557
      ,,1023.05273,978.49036,0.7429.495633166039656
      ,,455.5782,1651.14,1.2882.78442454139582
      ,,1024.0518,1539.1982,0.9699999782.72517203494387
      ,,431.60037,986.4862,1.1453.25178356050092
      ,,735.31915,554.71106,0.8884.85222595717367
      ,,513.52454,1509.2139,0.9899999576.49289376323678
      ,,712.34045,1540.1978,1.157.59660584496729
      ,,479.90836,549.4192,1.069999946.34637478939918
      ,,482.5532,161.91566,0.9799999634.88756278658536
      ,,646.4015,888.5372,1.0166.5683534476577
      ,,625.4209,143.92503,1.2446.57161413470424
      ,,508.52914,839.5627,1.0963.25341705232657
      ,,417.6133,982.4883,1.209999940.96310820386694
      ,,1014.37335,363.02344,0.9099999719.341345194720105
      ,,430.6013,393.7949,0.9699999753.94863192107102
      ,,1017.0583,1012.47266,0.8822.323918914199794
      ,,372.65494,421.7803,1.189999924.68762559968198
      ,,1012.63245,1076.4393,0.7899999615.683958517276873
      ,,1035.0416,413.7845,0.7999999546.89347316516632
      ,,394.6346,1066.4446,0.9415.134714505096609
      ,,427.60406,856.55383,1.0481.71358466565404
      ,,1007.0675,1439.2504,1.079999928.516923838782255
      ,,1002.07214,818.57367,0.9799999628.117655500116676
      ,,412.61795,1407.267,1.0133.387380896697934
      ,,406.6235,1478.2301,1.1527.218319903462543
      ,,1017.0583,872.54553,0.9621.07991535991983
      ,,436.59573,890.53613,0.9099999764.98587800545106
      ,,1000.07404,1497.2202,1.2516.725639899665655
      ,,751.74005,696.0736,1.0237.26287405773606
      ,,537.5023,1675.1274,1.2223.519629779666946
      ,,553.4875,707.6314,1.339999938.56730613529906
      ,,777.2803,1709.1097,1.209999957.032781620231
      ,,85.92044,1753.0869,1.0151.53358977121076
      ,,681.3691,1161.395,1.1636.602750106371644
      ,,101.90564,1171.3899,1.1776.36494382689195
      ,,718.3349,1771.0775,1.069999964.50370980852938
      ,,780.2775,1145.4034,1.1556.64989561457483
      ,,166.84552,1758.0842,0.963.36532716347761
      ,,781.2766,1774.0759,1.1559.43481159748843
      ,,149.86124,1159.3961,1.1452.15734578964326
      ,,86.91952,1192.3789,1.0953.802664714870566
      ,,683.36725,1825.0494,1.0527.870890667622565
      ,,687.3635,1184.383,1.319999937.68256440906465
      ,,78.92692,1838.0426,0.8346.163491246635004
      ,,785.2729,1208.3706,1.2460.89602224177131
      ,,129.87975,1827.0483,0.9426.425145752495368
      ,,143.86679,1209.3701,1.2940.65951104734019
      ,,764.2923,1819.0525,1.1440.311255396298804
      ,,215.80019,1120.4164,1.2345.852171793380855
      ,,843.21924,1763.0817,0.8950.15297568394255
      ,,807.25256,1151.4003,1.1721.02264356088608
      ,,223.79279,1750.7102,0.7551.61851978130718
      ,,912.1554,1731.0984,1.355.775444069074105
      ,,253.2655,1177.3867,1.199999943.50774950316422
      ,,276.74374,1760.0833,1.2435.42543123803229
      ,,894.17206,1112.4205,1.1439.189043077642616
      ,,221.51819,1821.4314,0.9799999649.18674959876044
      ,,848.2146,1195.3773,0.9455.4699081747273
      ,,191.82239,1209.3701,1.1119.9266833082665
      ,,866.198,1841.0411,1.0974.34060721360906
      ,,262.7567,1825.0494,1.1321.26148842668085
      ,,911.1564,1208.3706,1.1448.810082254995265
      ,,895.17114,1844.0396,0.8437.56485725423058
      ,,238.77892,1216.3665,1.112.174442800096308
      ,,358.51398,1149.7603,0.7999999550.08689283339172
      ,,960.111,1748.0895,0.8829.821594898104564
      ,,972.0999,1140.406,1.140.89525589873428
      ,,330.69382,1786.0697,1.1635.80722742376778
      ,,525.5134,1762.0822,0.977.21546792637649
      ,,701.3506,785.5908,0.9199999646.11264767952753
      ,,686.3645,1719.1046,1.199999948.48744534022655
      ,,471.56335,810.5778,1.0430.57837748027349
      ,,390.6383,1209.3701,0.9699999780.28615121007293
      ,,960.111,1809.0577,1.0532.999069267402106
      ,,957.1138,1209.3701,0.9199999626.072652934060503
      ,,326.6975,1831.0463,1.199999917.12075857425788
      ,,647.4006,1817.0536,1.1761.48350788402333
      ,,409.62073,862.5507,1.1530.274826528185002
      ,,423.6078,1827.0483,1.079999944.13495582988289
      ,,650.02454,840.93555,0.8966.18161081991978
      ,,575.46716,809.5783,1.0561.026009507413065
      ,,746.30896,1791.0671,0.9199999640.87196851802481
      ,,769.2877,796.5851,0.9099999745.19920434606215
      ,,559.48193,1759.0837,0.9442.06136543038948
      ,,987.08606,1101.4263,1.0436.61902382516807
      ,,431.60037,1740.0936,1.1754.62250305335855
      ,,432.59946,1149.4014,0.8854.88898177929517
      ,,1012.0629,1718.1051,0.9199999640.09824731249936
      ,,492.54395,1823.0504,1.0444.11201180145088
      ,,714.33856,853.5554,1.0559.13809611335246
      ,,487.54858,859.5523,1.0639.048619018097455
      ,,709.3432,1814.0552,0.8499999655.04611031900289
      ,,790.26825,860.55176,1.1365.77665876533901
      ,,555.227,1843.04,0.9341.60503245541204
      ,,539.5005,900.53094,0.9099999746.55706087997289
