       
     ,,392.63644,709.6304,0.96,32.927665263958794
     ,,667.3821,1039.4586,0.91999996,42.17597779442562
     ,,701.3506,739.61475,0.82,59.18108006214362
     ,,365.66144,1035.4607,0.94,33.93626202434906
     ,,393.63553,878.5424,0.76,39.41243176963117
     ,,650.39777,1186.3821,0.85999995,40.453203504421005
     ,,356.66974,1171.3899,0.7,25.607367787257836
     ,,654.3941,848.55804,0.71999997,11.403292986271987
     ,,683.36725,739.61475,0.78,43.66872435044093
     ,,414.6161,457.76157,0.9,63.18001462660937
     ,,376.65125,763.6023,0.81,52.32257281011062
     ,,653.395,459.76053,0.95,34.188880132198314
     ,,680.37006,751.6085,0.97999996,49.62077538785988
     ,,398.6309,1348.2977,0.79999995,69.93547681854156
     ,,377.65033,719.6252,0.9,18.52503224289137
     ,,678.3719,1384.2789,0.72999996,99.05033215328322
     ,,716.33673,338.82352,1.04,88.87531077080732
     ,,402.6272,580.6975,0.9,43.94900069294124
     ,,407.62256,297.84488,0.9,50.18932438582567
     ,,694.35706,600.68713,0.87,55.593855685937186
     ,,661.38763,1335.3044,0.96999997,47.241097993661484
     ,,376.65125,1630.1509,0.79999995,54.744663069992605
     ,,398.6309,1285.3306,0.77,38.912070928941006
     ,,670.3793,1629.1515,0.84999996,55.83284597056632
     ,,406.6235,174.90889,1.02,59.46442069745365
     ,,685.3654,458.76105,1.05,49.69366808587264
     ,,383.64478,443.76886,0.96999997,29.57714969556791
     ,,703.34875,161.91566,1.18,60.29464058954113
     ,,688.3626,1201.3743,0.88,68.52335211290553
     ,,385.6429,1427.2566,0.84,26.514761611030558
     ,,685.3654,1443.2483,0.96999997,38.49292545649667
     ,,387.64108,1178.3862,0.76,42.578132654252805
     ,,372.65494,881.54083,0.77,26.72673277863748
     ,,694.35706,564.7059,0.85999995,46.658379799848746
     ,,392.63644,607.6835,1.05,49.851594967370836
     ,,691.35986,889.5367,0.93,53.61566994329519
     ,,242.7752,175.90837,0.75,46.410735045250576
     ,,550.4903,436.7725,0.89,47.72205087245651
     ,,250.7678,425.77823,0.88,34.76851429882481
     ,,535.50415,151.92087,0.89,34.44273588841379
     ,,821.2396,1608.1624,0.96999997,42.00860843486153
     ,,530.5088,1323.3108,0.91999996,42.571407019815105
     ,,538.5014,1606.1635,0.94,44.53680390060535
     ,,829.2322,1352.2957,0.79999995,72.57398709675424
     ,,226.79001,867.54816,0.94,14.408038780426457
     ,,549.4912,1157.3972,0.96999997,46.89719419405695
     ,,235.78168,1161.395,0.78,25.06633960186832
     ,,539.5005,866.54865,0.84999996,36.515257083541464
     ,,389.63922,1162.3945,0.97999996,33.8712870694388
     ,,116.89177,1481.2285,0.84,65.15983155923463
     ,,393.63553,1458.2405,1.18,41.46021684068499
     ,,102.90472,1151.4003,0.81,31.372988411929335
     ,,793.2655,319.8334,0.94,37.85456375166922
     ,,571.4709,569.70325,1.18,67.47153882212956
     ,,548.4921,278.85477,1.1,44.60315918136896
     ,,820.24054,603.68555,0.94,43.95729907975537
     ,,557.4838,711.62933,1.0799999,53.536339708891056
     ,,838.2239,1031.4628,1.05,54.81515786244461
     ,,811.24884,729.62,0.84999996,24.78915290180353
     ,,530.5088,1005.4763,0.81,26.73575671073941
     ,,419.61148,597.68866,0.77,65.72815612043236
     ,,108.89917,345.8199,0.97999996,73.719241007658
     ,,405.62442,297.84488,1.0699999,48.297493835349435
     ,,117.89084,599.6876,1.01,54.656417498005084
     ,,111.89639,1059.4481,0.84,69.94289574522442
     ,,380.64755,712.62885,1.06,20.693029968611185
     ,,394.6346,1058.4487,1.01,66.22700047385425
     ,,78.92692,717.6262,1.15,7.818674438748236
     ,,582.4607,887.5377,0.96,83.83649139294197
     ,,847.2156,1196.3768,1.02,74.74346097890208
     ,,533.50604,1144.4039,0.87,29.549179010326945
     ,,805.2544,867.54816,1.25,16.33542994502488
     ,,536.50323,308.83914,1.15,42.15210328787158
     ,,237.77983,587.6939,1.09,28.06128008899826
     ,,246.77151,305.8407,1.06,38.92640519569203
     ,,574.4681,587.6939,1.11,72.6555194615482
     ,,524.51434,1621.1556,0.78999996,47.78333928186075
     ,,235.78168,1344.2998,1.04,57.79086038267011
     ,,544.49585,1318.3134,1.02,49.41214302360697
     ,,206.80852,1583.1754,1.14,10.548377703808567
     ,,203.81128,1476.2311,0.88,43.954851318838706
     ,,560.481,1763.0817,0.93,69.8413101552329
     ,,212.80296,1781.0723,0.96999997,59.15871541884338
     ,,529.5097,1495.2212,0.91999996,66.32329383754846
     ,,858.2054,155.9188,0.84,68.58743260037424
     ,,562.4792,451.7647,1.14,63.903329864428486
     ,,848.2146,482.74857,0.84999996,79.87791256210397
     ,,541.4986,177.90733,1.1999999,54.7607521255104
     ,,818.2424,1190.38,0.84,51.55818895571519
     ,,562.4792,1460.2394,0.84,64.09618062089285
     ,,524.51434,1132.4102,0.85999995,24.6073593180788
     ,,772.2849,1457.241,1.1999999,30.476666946838442
     ,,399.62997,864.5497,0.93,40.16756416033989
     ,,94.91212,1186.3821,0.89,46.42927413883578
     ,,389.63922,1162.3945,0.96,33.8712870694388
     ,,107.90009,890.53613,0.85999995,48.45014573193497
     ,,977.0953,884.5393,0.91999996,48.91989877880509
     ,,663.38574,1164.3936,0.91999996,23.98007332562331
     ,,973.099,1174.3883,1.02,46.7143621065006
     ,,656.3922,874.5445,0.85999995,18.551267432076987
     ,,405.62442,173.90942,0.84,58.060954480210235
     ,,147.8631,434.77356,0.87,76.36874365616212
     ,,125.88344,182.90474,0.91999996,70.14171741101929
     ,,403.62628,461.7595,0.88,56.40916284179654
     ,,374.6531,1617.1577,0.77,41.80957028524612
     ,,82.92322,1898.0114,0.37,33.82371029183646
     ,,135.87419,1587.1733,1.0699999,64.52954731049108
     ,,367.65958,1871.0255,0.63,9.161052817418415
     ,,956.1147,303.84174,1.27,29.692793393413318
     ,,681.3691,597.68866,0.98999995,43.36078120700694
     ,,711.3414,297.84488,1.02,65.29310301828372
     ,,997.0768,602.6861,0.96999997,69.27304101441486
     ,,962.1092,1487.2253,0.97999996,59.284288903381686
     ,,665.3839,1776.075,0.77,56.80053442102625
     ,,693.35803,1457.241,0.97999996,50.96561218232671
     ,,965.1064,1722.103,0.77,29.10656661878834
     ,,680.37006,1269.3389,0.96999997,38.40186121012433
     ,,961.1101,1610.1614,0.78,40.80283889950676
     ,,979.09344,1276.3352,1.0699999,45.20809227422549
     ,,693.35803,1585.1743,1.02,45.92191092891138
     ,,713.3395,156.91827,0.90999997,68.02314615929308
     ,,973.099,431.77512,0.90999997,37.54580792806261
     ,,678.3719,450.76523,1.11,39.18887678736605
     ,,986.087,143.92503,1.2099999,50.436208196403854
     ,,698.3534,1488.2249,1.09,73.99864175283378
     ,,994.0796,1156.3977,0.97999996,59.00297473271915
     ,,709.3432,1128.4122,1.0699999,63.81471517480048
     ,,981.0916,1445.2472,1.13,46.47314244632673
     ,,77.92784,1299.3232,0.96,11.048173877135687
     ,,369.6577,1627.1525,1.06,50.0922783692275
     ,,377.65033,1305.3201,1.14,23.371748526073887
     ,,103.90379,1605.164,1.0799999,41.90145210881729
     ,,666.383,722.6236,0.84999996,20.30519486986322
     ,,965.1064,1029.4637,0.93,40.01798222752171
     ,,956.1147,749.60956,1.1999999,40.897936176207836
     ,,672.37744,1027.4648,0.97999996,35.25220442365365
     ,,677.3728,1854.0343,0.69,31.716548912130975
     ,,965.1064,1630.1509,0.91999996,59.72349434179781
     ,,685.3654,1567.1837,0.85999995,38.899439931
     ,,955.11566,1847.038,0.83,26.92521742742746
     ,,820.24054,1445.2472,0.98999995,30.397819175316435
     ,,524.51434,1723.1025,0.79999995,20.54394976249611
     ,,830.23126,1716.1062,0.97999996,38.682893823616446
     ,,531.5079,1433.2534,1.05,27.51800303720339
     ,,538.5014,1161.395,0.87,37.78033206750857
     ,,223.79279,1444.2478,0.85999995,12.874197799640802
     ,,549.4912,1452.2435,0.71,49.013025507490866
     ,,273.2771,1185.53,0.69,69.59374509159613
     ,,536.50323,1613.1598,0.74,47.8818453296088
     ,,195.8187,1860.0311,0.63,21.04548651221014
     ,,532.50696,1841.0411,0.79999995,37.889199812130315
     ,,228.78816,1611.1608,0.89,35.54115269460274
     ,,548.4921,1606.1635,0.78999996,52.656712338323764
     ,,801.2581,1854.0343,0.77,15.12913339625579
     ,,528.5106,1862.0302,0.58,24.83002611147479
     ,,814.2461,1613.1598,0.77,41.606484142796155
     ,,125.88344,1444.2478,0.9,54.849269488979985
     ,,369.6577,1711.1088,0.88,14.556457793237811
     ,,383.64478,1449.2451,0.88,28.133414320585292
     ,,90.91582,1756.0853,1.13,38.982273785116774
     ,,554.4866,719.6252,1.01,50.798982904210064
     ,,275.7447,1029.4637,0.98999995,65.75473573862654
     ,,513.52454,1021.46796,0.96999997,21.672981347848076
       
      ,,185.82794,542.71735,1.0531.206612460016707
      ,,801.2581,1152.3998,1.199999918.595455443783482
      ,,164.84737,1168.3915,0.9699999733.76999000926967
      ,,799.25995,509.7345,0.847.4757626734995215
      ,,69.93524,726.6215,1.1135.80344022011684
      ,,621.4246,1387.2775,0.7856.2685779064748
      ,,73.93155,1350.2966,0.9099999740.19495633777764
      ,,654.3941,725.6221,1.19999994.2678413296853055
      ,,435.59668,91.9521,0.9656.74419812525143
      ,,596.44775,1092.431,1.1727.773659082325544
      ,,410.6198,1074.4404,1.1732.11686664771092
      ,,617.4283,96.9495,1.2831.131411387505803
      ,,138.87141,459.76053,0.9699999738.13790262132942
      ,,750.3053,1080.4373,0.9799999629.32849293941881
      ,,750.3053,480.7496,1.0143.68578633840643
      ,,105.90195,1079.4377,1.1113.158821107618044
      ,,411.61887,792.58716,1.0932.186608711666636
      ,,527.5116,1706.1113,1.0221.133234552551244
      ,,417.6133,1695.1171,0.9199999638.86700682651997
      ,,536.50323,822.57153,1.079999937.27876308661779
      ,,187.82608,591.69183,1.069999917.37799971435899
      ,,821.2396,1232.3582,1.039.313655411194794
      ,,192.82146,1236.3561,0.8137.785862258742405
      ,,815.2451,597.68866,1.209999925.964748885201086
      ,,811.24884,1079.4377,1.1121.96375552086245
      ,,215.01193,457.36728,1.0644.13724851195393
      ,,182.83072,1094.4299,0.7429.7792685670062
      ,,835.2266,457.76157,1.2543.4908854404281
      ,,812.2479,1015.47107,1.0625.97006002225043
      ,,205.80943,373.8053,0.9333.41825467232401
      ,,841.22107,387.798,1.049.04024221338633
      ,,175.83719,1015.47107,0.8718.27829755843419
      ,,273.74652,92.951584,0.8599999533.11822311869002
      ,,866.198,751.6085,0.930.33476877650557
      ,,260.75854,741.6137,1.1327.84695354924325
      ,,922.1462,137.92816,0.9899999570.41685860218439
      ,,683.36725,1206.3717,0.8427.930034320852062
      ,,67.937096,577.6991,1.033.93655616455324
      ,,53.950047,1210.3696,0.8420.31641833292177
      ,,670.3793,599.6876,1.0921.98708387344901
      ,,134.87512,124.93493,0.8599999539.767625463232605
      ,,768.28864,752.608,1.0553.71359650074646
      ,,755.30066,122.93597,0.8838.10581580703814
      ,,109.89824,737.6158,0.8717.339433324833273
      ,,831.23035,709.6304,0.9699999739.55334563524925
      ,,191.82239,85.95523,0.9199999624.184808865550377
      ,,177.83534,732.6184,0.9312.332269846774658
      ,,833.2285,83.95627,1.069999943.03545064221455
      ,,187.82608,320.8329,1.020.31390115804358
      ,,800.25903,975.4919,0.8599999547.47548350690247
      ,,155.85568,935.51276,0.8318.06134161291723
      ,,836.2257,283.85214,1.1648.83346492888854
      ,,840.22205,1209.3701,0.9799999622.804062804055516
      ,,237.77983,585.69495,1.124.3194267098517996
      ,,278.7419,1219.3649,0.8840.09893237545052
      ,,892.1739,608.683,1.1338.919434100911815
      ,,192.82146,188.90161,1.1128.095980727486186
      ,,841.22107,815.5752,0.8353.90793891928513
      ,,186.82701,803.5814,0.9319.400691225372604
      ,,810.24976,181.90526,1.0520.84333830817755
      ,,734.32007,1083.4357,0.9619.576787918553446
      ,,121.887146,462.75897,0.9325.218232653704867
      ,,765.2914,453.76364,0.8499999641.62000240953075
      ,,132.87697,1051.4524,0.8599999533.00661692062683
      ,,225.79094,864.5497,1.0153.52965074909864
      ,,796.2627,249.86986,1.0511.700690215154314
      ,,189.82423,257.8657,1.2925.983824121962904
      ,,810.24976,895.53357,1.0339.73628619330803
      ,,134.87512,541.71783,1.141.53563287477302
      ,,738.3164,1139.4065,0.8214.35805621021789
      ,,104.90287,1141.4055,1.036.06985853232922
      ,,754.3016,505.73657,1.0631.0633469007185
      ,,740.3145,596.6892,1.1620.59257370401526
      ,,114.893616,1241.3534,0.8599999538.57443577983017
      ,,134.87512,604.68506,0.8137.857693967641914
      ,,739.3154,1238.355,0.7636.954792102847776
      ,,116.89177,394.79437,0.8722.672087579692985
      ,,760.296,1012.47266,1.0438.80123090027425
      ,,91.914894,999.47943,0.7199999711.752992227867436
      ,,760.296,353.8157,1.0142.378442084711956
      ,,346.67902,1009.4742,0.8438.10908349175144
      ,,945.1249,1659.1359,0.7999999542.859196942759546
      ,,362.6642,1608.1624,0.6853.17868248247249
      ,,943.1267,1022.46747,0.8927.541874177464383
      ,,691.35986,1062.4467,0.9899999536.088216886156815
      ,,62.94172,1715.1067,0.8439.636607894405294
      ,,669.3802,1720.1041,1.069999935.43569738675372
      ,,83.922295,1061.4471,0.8249.67992112953434
      ,,137.87234,1101.4263,0.9799999649.00308563911606
      ,,759.29694,1676.127,0.9699999736.60837271247799
      ,,761.2951,1064.4456,0.8436.85241495534039
      ,,118.889915,1724.1019,0.7139.70580163427853
      ,,182.83072,1071.4419,0.8911.451902745565757
      ,,782.2757,1722.103,0.7999999536.37793982771578
      ,,840.22205,1083.4357,0.9099999749.69674491916873
      ,,201.81314,1697.1161,0.9799999630.850111713180713
      ,,258.7604,1711.1088,0.7629.245433841341526
      ,,904.16284,1102.4258,0.9355.013217911828114
      ,,268.75116,1075.4398,0.9199999628.68006403424387
      ,,864.1998,1687.1212,0.919999961.7415212974007261
      ,,352.67346,1068.4435,0.9642.21821893383417
      ,,960.111,1668.1311,0.7534.55061193702879
      ,,323.7003,1695.1171,0.8499999615.240316895806975
      ,,925.1434,1089.4326,0.9799999623.797303542892173
      ,,169.84274,329.82822,0.9099999769.99934851528724
      ,,755.30066,952.5039,0.8139.04955980753249
      ,,126.882515,919.52106,1.0325.04722381099977
      ,,788.27014,315.83548,1.1464.31260515884945
      ,,773.284,846.5591,1.050.47123616862929
      ,,108.89917,239.87506,1.20999995.5715194243298365
      ,,142.86772,867.54816,1.0640.181965202339455
      ,,751.3043,232.87871,0.9527.38741617606718
      ,,753.3025,794.5861,0.9529.090889042855043
      ,,146.86401,178.90681,0.9544.37257984596646
      ,,756.29974,170.91098,0.8599999531.8310314245237
      ,,126.882515,797.5846,1.024.432222330266764
      ,,264.75485,487.74594,0.9099999735.448100366027326
      ,,895.17114,1167.392,0.8145.65633763041171
      ,,252.76596,1125.4138,0.8599999515.121274100815688
      ,,893.173,497.74075,1.199999934.95287778795564
      ,,376.65125,504.7371,0.7810.170044014955348
      ,,607.43756,1478.2301,0.9899999521.06024445689232
      ,,614.4311,516.73083,1.0528.02003722895354
      ,,374.6531,1523.2067,0.942.98082844155644
      ,,679.371,513.7324,1.1523.88330934168088
      ,,465.5689,1498.2196,0.9524.603496240882418
      ,,478.5569,493.74283,1.1236.527749669628065
      ,,671.37836,1485.2264,1.1116.566878343429376
      ,,555.48566,1495.2212,0.8499999640.738478055248706
      ,,759.29694,528.7246,1.2337.59210381590918
      ,,553.4875,516.73083,0.8936.05656531440586
      ,,713.3395,1486.2258,1.0212.54361956074288
      ,,508.52914,1650.1405,0.7170.70523449638848
      ,,610.4348,789.58875,1.2923.95215498377904
      ,,444.58835,794.5861,1.06999995.656624429007305
      ,,612.4329,1709.1097,1.079999933.75644201487567
      ,,405.62442,584.69543,0.9799999626.15175697390946
      ,,613.432,1540.1978,0.8228.49324085813461
      ,,617.4283,564.7059,1.3836.19085513064324
      ,,401.6281,1542.1968,0.7899999623.30215519957565
      ,,392.63644,850.557,0.7299999615.891610683293674
      ,,549.4912,179.9063,1.2333.64117371663565
      ,,391.6374,181.90526,0.9417.355306675809338
      ,,535.50415,868.5476,0.8499999620.149655861791036
      ,,864.1998,1086.4341,0.7720.00642510302935
      ,,262.7567,418.78186,1.0134.14244968810658
      ,,252.76596,1068.4435,0.8499999611.43236591754272
      ,,886.17944,456.7621,1.319999926.22118600439773
      ,,246.77151,1002.47784,0.919999967.250365682037203
      ,,874.19055,394.79437,1.1621.710667141170973
      ,,255.76318,359.8126,1.1321.952403215021615
      ,,893.173,1020.4685,0.8938.31949337988897
      ,,261.75763,917.5221,0.9423.040962498965694
      ,,894.17206,308.83914,1.1331.700355921016122
      ,,228.78816,308.83914,0.8712.782179795988108
      ,,895.17114,928.51636,1.0232.671146672950165
      ,,265.75394,889.5367,0.7138.6064207359169
      ,,883.18225,237.8761,1.1520.691659149848252
      ,,261.75763,242.8735,1.079999920.72435985768103
      ,,898.1684,866.54865,0.9699999736.358188479976825
      ,,241.77614,806.5799,0.916.082265891440823
      ,,902.1647,171.91046,1.0339.73784841566864
      ,,244.77336,171.91046,0.989999954.065122122456246
      ,,896.1702,819.5731,0.9444.48517172046854
      ,,663.38574,634.66943,0.8819.496513232252795
      ,,48.954674,1295.3253,0.7899999626.177892821491433
      ,,685.3654,1279.3336,0.9330.429825207627605
      ,,58.94542,668.65173,0.6829.29943714630717
      ,,556.48474,1541.1973,0.8139.85906980080663
      ,,773.284,571.7022,1.150.19029969867403
      ,,527.5116,586.6944,0.8599999510.508864833826971
      ,,731.3229,1549.1931,0.849999966.829774143478421
      ,,639.40796,648.6621,1.0353.04697473317183
      ,,366.6605,1610.1614,0.8599999515.30965713053086
      ,,590.4533,1620.1561,0.754.286187664610116
      ,,387.64108,650.6611,0.969999978.346189883595805
      ,,417.6133,233.87819,1.2338.392521016585114
      ,,545.49493,948.506,1.209999934.40865629238466
      ,,363.66327,925.51794,0.7416.115045869899323
      ,,555.48566,245.87193,0.9538.69438607537597
      ,,689.3617,1611.1608,0.7899999634.64792476003725
      ,,477.55783,658.6569,1.329.702949556847077
      ,,699.3525,662.65485,1.1245.01289515583045
      ,,467.56708,1622.155,1.0119.41423933008128
      ,,613.432,248.87038,1.1628.8596206275377
      ,,401.6281,771.5981,1.1529.1021618320528
      ,,479.55597,235.87714,1.031.166530761099974
      ,,581.4616,937.5117,0.8310.32455615702162
      ,,490.5458,648.6621,0.7199999727.226052430398553
      ,,762.2942,1616.1582,1.0137.86667095246775
      ,,758.29785,640.6663,1.0435.809645818282064
      ,,536.50323,1589.1722,0.9434.9462497395423
      ,,742.3127,1282.332,0.8919.882063660918813
      ,,138.87141,634.66943,0.8739.61143824432676
      ,,753.3025,688.6413,0.9346.214464707642314
      ,,129.87975,1296.3248,0.9799999634.883574863887084
      ,,304.71786,986.4862,0.9512.439322422903894
      ,,943.1267,389.79697,1.017.663229639901164
      ,,317.70584,405.78864,1.0530.16203409060004
      ,,956.1147,938.51117,1.0563.91842341708643
      ,,319.70398,1149.4014,0.9616.672169870005217
      ,,943.1267,542.71735,1.1830.518830054460068
      ,,952.1184,1134.4092,1.1520.647243055305346
      ,,354.6716,496.74127,0.9199999647.60780080936941
      ,,947.12305,452.76416,0.9799999617.22926627671931
      ,,284.73636,1079.4377,0.9099999728.82967983592838
      ,,344.68085,456.7621,0.2435.98839911398411
      ,,997.0768,1098.4279,1.3172.93628990003869
      ,,966.10547,612.6809,1.2945.26658669445305
      ,,303.71878,1214.3674,0.9311.972933844767764
      ,,330.69382,557.70953,0.9899999532.75573847503407
      ,,960.111,1202.3738,1.069999928.689918938176163
      ,,981.0916,955.5023,1.1856.466391825459375
      ,,324.69934,302.84225,0.9514.943756943364896
      ,,312.71045,907.5273,1.069999921.088882285976283
      ,,922.1462,286.8506,1.1422.66919197275679
      ,,295.7262,837.5637,1.0426.44741245339168
      ,,989.08417,246.87141,1.0958.18949149003022
      ,,340.68454,211.88963,1.339999940.23950875687704
      ,,981.0916,867.54816,1.2650.24043175720431
      ,,927.14154,765.60126,1.1225.277332846041283
      ,,282.73822,136.92868,1.0642.79728117564352
      ,,934.1351,155.9188,1.189999913.834478276474801
      ,,338.6864,800.583,1.329.93560202466497
      ,,69.93524,925.51794,1.1235.560497891137835
      ,,641.4061,1577.1785,1.1331.060179557756047
      ,,80.92507,1565.1848,0.8149.00306815183469
      ,,665.3839,943.50854,1.1117.97075735614041
      ,,117.89084,857.55334,1.1714.521904249380647
      ,,739.3154,1504.2166,1.2427.96375923275779
      ,,122.886215,1464.2373,0.7299999625.304161693170755
      ,,775.28217,856.55383,1.050.86755582483195
      ,,152.85846,854.5549,1.079999920.254491329479098
      ,,793.2655,1444.2478,1.1236.25295567897567
      ,,216.79926,1490.2238,0.8745.353891072921165
      ,,808.25165,871.546,1.2519.045149705169795
      ,,223.79279,848.55804,1.320.81518272434156
      ,,894.17206,1485.2264,1.1632.02278101245383
      ,,260.75854,1466.2363,0.9899999523.96547282791523
      ,,869.1952,868.5476,1.3611.255433130277424
      ,,960.111,855.5544,0.9328.881802801143827
      ,,323.7003,1526.2051,1.209999947.573119928556636
      ,,376.65125,867.54816,1.0966.63902803491483
      ,,930.1388,1479.2295,1.221.8620075254792727
      ,,671.37836,1446.2467,0.9337.7546089744884
      ,,81.92415,876.54346,1.2450.39374260933851
      ,,89.91675,1496.2207,0.8757.6034414843003
      ,,665.3839,892.5351,1.1634.4820129217412
      ,,125.88344,931.51483,0.8322.58555978656314
      ,,741.3136,1511.2129,1.141.81626290426402
      ,,749.3062,939.5106,1.5327.140043801822458
      ,,123.88529,1562.1863,1.0924.010452192607744
      ,,187.82608,1567.1837,1.1223.400909026320072
      ,,805.2544,931.51483,0.9312.13486712035856
      ,,795.2637,1552.1915,1.20999993.2178973230527794
      ,,204.81036,898.532,1.044.0686020255039
      ,,690.3608,557.70953,0.9199999655.51880493103639
      ,,72.93247,1142.405,0.9539.047846947352404
      ,,87.918594,537.7199,0.7858.2469778479915
      ,,674.3756,1156.3977,0.8928.160304396016475
      ,,74.93062,450.76523,1.3140.772018882437195
      ,,650.39777,1082.4362,0.9416.733018191124437
      ,,97.90935,1076.4393,1.0164.18360893970559
      ,,698.3534,430.77563,1.1645.31247367677253
      ,,73.93155,984.48724,0.8741.52323313522154
      ,,680.37006,389.79697,1.1728.20157819210244
      ,,660.38855,1031.4628,0.9634.31279013855009
      ,,70.93432,393.7949,1.1140.33079263689175
      ,,647.4006,332.82663,1.1426.59020260829213
      ,,51.951897,940.51013,0.8421.185182652245775
      ,,65.93895,326.82977,0.8599999536.90593005567079
      ,,634.4126,937.5117,0.8222.93228319283308
      ,,377.65033,315.83548,1.098.53823770229808
      ,,636.4107,1275.3357,0.7849.94445214682157
      ,,622.4237,303.84174,1.0236.1094939506091
      ,,423.6078,1273.3368,1.0444.10809003672438
      ,,467.56708,1319.3129,0.8849.62229498991274
      ,,658.3904,317.83444,0.9610.731029579206195
      ,,481.5541,311.8376,1.199999933.33749662355929
      ,,656.3922,1296.3248,1.1122.842260518940098
      ,,742.3127,1279.3336,1.118.743606384576363
      ,,547.49304,299.8438,1.069999930.95480249348262
      ,,516.5217,1268.3394,1.15.252548626625154
      ,,751.3043,315.83548,1.339999928.070480263116732
      ,,621.4246,355.81467,1.340.590789649776966
      ,,375.65216,1353.2952,1.2211.460430926034112
      ,,413.61703,392.7954,1.0237.808893971584325
      ,,593.4505,1335.3044,1.0110.004273707073414
      ,,689.3617,1328.3081,0.8499999636.71544925077978
      ,,413.61703,365.80948,1.1836.48435963136668
      ,,700.3515,401.7907,1.329999951.49055465497632
      ,,470.5643,1345.2993,0.8122.24116747237396
      ,,523.51526,1351.2961,0.8910.656240545056084
      ,,747.30804,365.80948,0.9699999725.18916702220796
      ,,547.49304,345.8199,1.209999942.90515130818911
      ,,724.32935,1350.2966,1.07.798498294312851
      ,,98.90842,852.55597,1.0364.7816618435324
      ,,674.3756,232.87871,1.0419.694862050236107
      ,,665.3839,844.5601,1.117.91345094569796
      ,,72.93247,262.8631,1.1645.50401600774616
      ,,78.92692,176.90785,1.0345.04028551685781
      ,,670.3793,812.5768,1.0126.62286728445828
      ,,73.93155,800.583,0.9640.70029617564752
      ,,691.35986,162.91515,0.8936.45943085691729
      ,,88.91767,118.93805,1.189999957.45645831252385
      ,,694.35706,722.6236,1.0438.87329730395139
      ,,75.929695,728.6205,1.1542.037137418501764
      ,,674.3756,92.951584,1.1820.328975683290892
      ,,952.1184,87.954185,0.9324.13537276808469
      ,,334.6901,725.6221,1.0224.53878788992138
      ,,325.69843,112.94118,0.9699999719.641156424509987
      ,,969.10266,702.63403,1.2542.069999137745626
      ,,179.8335,641.6658,1.2713.08283885423299
      ,,811.24884,1271.3378,1.2617.880060904679194
      ,,811.24884,668.65173,1.0123.997912928130656
      ,,167.84459,1271.3378,1.025.1330394727576305
      ,,853.21,655.6585,1.489.812230451565727
      ,,235.78168,1260.3435,1.189999914.345471522056775
      ,,249.76874,645.6637,1.0610.72879644308007
      ,,885.1804,1268.3394,1.0223.260131121954256
      ,,765.2914,148.92244,1.2463.31405441526149
      ,,535.50415,1085.4347,1.079999926.12799278398515
      ,,743.31177,1088.4331,1.0528.89539262437363
      ,,483.55228,87.954185,1.1436.19178615511386
      ,,602.4422,1163.394,1.1232.12835763996253
      ,,376.65125,149.9219,0.9519.784266171505728
      ,,392.63644,1153.3993,0.8422.2024957425622
      ,,611.43384,156.91827,1.1427.928410319290336
      ,,460.57355,170.91098,1.2612.15571516314998
      ,,662.38666,1171.3899,1.329999936.54463631985916
      ,,654.3941,180.90578,1.3111.459265003286044
      ,,451.58188,1162.3945,1.1127.070533560408293
      ,,314.70862,664.6538,1.339999912.861863402492975
      ,,928.1406,1273.3368,0.909999973.3633372183649866
      ,,979.09344,644.66425,1.1248.23416877243113
      ,,338.6864,1271.3378,1.1828.269214118105364
      ,,96.91027,743.6127,1.0223.073680821004253
      ,,714.33856,1347.2982,1.0911.237335795953452
      ,,169.84274,1331.3065,1.067.2804099646056
      ,,747.30804,737.6158,1.209999927.927144051495535
      ,,820.24054,711.62933,1.0628.504149043573168
      ,,804.2553,1359.292,0.9319.941105688540667
      ,,184.82886,1346.2988,1.079999912.900845726238776
      ,,209.80574,96.9495,1.0237.47431528960246
      ,,880.185,733.61786,1.319999921.438321824384843
      ,,278.7419,1360.2915,1.1641.27345010248239
      ,,264.75485,711.62933,1.2225.26298106894691
      ,,860.2035,1371.2858,1.1428.877228250957057
      ,,585.4579,700.6351,1.0120.89093757146259
      ,,395.63367,1676.127,0.9619.739336509511855
      ,,400.62906,704.633,1.0527.03577194422568
      ,,599.44495,1700.1145,1.2218.07476954077444
      ,,405.62442,308.83914,1.079999926.158719959000994
      ,,546.494,1030.4633,1.2543.90022110629448
      ,,536.50323,309.83862,1.1719.14659481538174
      ,,398.6309,1016.4706,1.0326.94204694588769
      ,,447.58557,714.6278,1.136.932763375002277
      ,,661.38763,1707.1108,1.1420.475577568434193
      ,,676.3737,749.60956,1.135.012274575559
      ,,498.5384,1683.1233,1.0650.22943526200163
      ,,627.41907,312.83707,0.8341.26565588852141
      ,,461.57263,1000.4789,0.9699999713.407738068385921
      ,,619.42645,975.4919,1.199999939.604400347298764
      ,,482.5532,307.83966,0.8499999634.05488605452597
      ,,333.69104,694.6382,1.0435.48776576140687
      ,,955.11566,1379.2816,1.0243.71025926359509
      ,,981.0916,721.62415,0.9899999549.591769159543716
      ,,342.6827,1347.2982,1.0932.53843320843967
      ,,70.93432,1413.2639,0.7999999536.47699230151952
      ,,69.93524,780.59344,1.1736.793969475076345
      ,,673.3765,1441.2493,0.9699999734.70719088220889
      ,,702.3497,810.5778,1.1450.97068242072164
      ,,126.882515,1421.2598,1.0125.337620855377885
      ,,727.32654,815.5752,1.0425.233999633654534
      ,,119.88899,799.58356,0.9418.73793155706516
      ,,726.32745,1413.2639,0.942.5398792134416692
      ,,198.81592,808.57886,1.079999931.927615385719992
      ,,796.2627,1433.2534,1.069999921.92814809127403
      ,,839.22296,800.583,1.2646.82153615688422
      ,,172.83997,1403.269,1.128.237974897343676
      ,,280.74005,779.59393,1.0640.72743447288856
      ,,862.20166,1438.2509,1.1226.752518063250736
      ,,908.1591,806.5799,1.0248.40783139067429
      ,,266.75302,1415.2628,1.079999925.53182085978445
      ,,309.71323,1439.2504,1.0627.76151720758907
      ,,945.1249,783.59186,1.115.276116186136983
      ,,326.6975,807.57935,1.069999923.538550767929017
      ,,938.13135,1408.2665,1.057.377697920930104
      ,,415.61517,80.95783,1.041.063390780087886
      ,,1014.06104,745.61163,1.1627.663559693943796
      ,,1030.0463,113.94065,1.0132.459711218137095
      ,,393.63553,716.6267,1.0914.95199428569452
      ,,403.62628,796.5851,0.9624.88183485450564
      ,,1022.05365,167.91254,1.189999921.612030540700502
      ,,1007.0675,818.57367,0.8928.831632556143298
      ,,405.62442,131.93129,1.329999945.759079149997255
      ,,380.64755,223.88339,1.339999914.661585738932533
      ,,988.0851,878.5424,1.1222.732001711415887
      ,,1025.0509,211.88963,1.0936.205779596728654
      ,,391.6374,865.5492,1.0613.561304931490035
      ,,396.63275,951.5044,1.128.683328616210332
      ,,1026.0499,289.84903,0.9331.054074055967636
      ,,418.6124,308.83914,1.3539.1353144938943
      ,,997.0768,947.5065,1.1319.31228395066506
      ,,268.75116,951.5044,1.0235.66269578983803
      ,,879.1859,1560.1874,1.0619.81513922543649
      ,,246.77151,1571.1816,0.8222.313278769699522
      ,,903.16376,933.5138,1.2540.97168887718697
      ,,322.7012,1574.18,0.8727.531334711550294
      ,,935.13416,940.51013,1.069999912.547922189273134
      ,,332.69196,929.51587,0.8599999522.215194844345245
      ,,966.10547,1569.1827,0.9639.81141409317509
      ,,738.3164,1624.154,0.9514.928542929172039
      ,,129.87975,1004.4768,0.8727.286751412902735
      ,,758.29785,1022.46747,1.069999942.01986722540561
      ,,115.89269,1643.1442,0.7899999627.58466420868503
      ,,688.3626,126.93388,1.0442.17465272822417
      ,,446.5865,1080.4373,1.014.06800034096779
      ,,673.3765,1087.4336,0.8427.527904475082078
      ,,481.5541,88.95367,1.435.01273834722409
      ,,814.2461,1002.47784,0.8321.33493236793543
      ,,188.82516,1621.1556,0.7999999516.539752946271896
      ,,801.2581,1606.1635,0.914.573222113354369
      ,,186.82701,1005.4763,1.2216.397710263029865
      ,,260.75854,996.48096,0.9419.28548679914604
      ,,869.1952,1595.1692,1.1824.272459612984278
      ,,911.1564,999.47943,1.339999948.69661888397957
      ,,250.7678,1631.1504,1.1715.681984239280602
      ,,411.61887,102.94638,1.3632.21189732238163
      ,,610.4348,1094.4299,1.1236.78255597909839
      ,,393.63553,1084.4352,0.9799999622.836021397104872
      ,,595.44867,86.95471,0.9799999616.234331337100876
      ,,88.91767,1002.47784,1.069999954.64487050478894
      ,,674.3756,1615.1587,1.1619.169063859841486
      ,,685.3654,1003.47736,0.9430.4577074895624
      ,,81.92415,1598.1676,0.8451.59899469088262
      ,,371.65588,1169.3909,1.079999934.78679591795802
      ,,1019.05646,522.7277,0.9420.298707538842276
      ,,424.60684,533.722,0.9899999549.03174380946845
      ,,1001.07306,1105.4242,1.189999930.081264651838566
      ,,1010.06476,616.6788,1.1234.52992196582384
      ,,407.62256,1216.3665,0.9330.523614759396708
      ,,988.0851,1170.3904,1.0636.29870909331897
      ,,403.62628,577.6991,1.1824.813866080208783
      ,,1022.05365,657.6575,1.0922.162114704296506
      ,,378.6494,1286.33,1.0912.858120733695309
      ,,994.0796,1241.3534,0.9199999632.781488259752415
      ,,407.62256,634.66943,1.2733.29875974006529
      ,,424.60684,721.62415,1.079999945.10701288070675
      ,,1031.0453,1350.2966,0.8499999631.524626516586583
      ,,1025.0509,746.61115,0.9799999635.11860558215916
      ,,410.6198,1364.2894,0.9637.98976050455888
      ,,526.5125,1142.405,0.7899999611.35362523040942
      ,,738.3164,176.90785,1.0215.677032738367956
      ,,731.3229,1133.4097,0.789999967.135903908575524
      ,,551.4894,151.92087,0.9199999638.26622308912876
      ,,392.63644,241.87402,1.113.562824098752602
      ,,610.4348,1210.3696,1.0524.644023340408662
      ,,401.6281,1222.3633,0.9328.438533590798045
      ,,603.4413,242.8735,1.117.496704046231518
      ,,693.35803,242.8735,1.1138.109816935954036
      ,,448.58466,1236.3561,0.9099999731.856191585357458
      ,,467.56708,236.87662,1.3919.13606073798663
      ,,704.34784,1205.3722,1.1648.85562535932088
      ,,411.61887,1099.4274,0.8845.99818610776711
      ,,966.10547,1704.1124,1.0138.1962891219934
      ,,1011.06384,1078.4382,1.319999915.941021532530941
      ,,420.61053,1659.1359,1.1149.94597338212059
      ,,386.642,449.76575,1.178.318938493386629
      ,,601.4431,1419.2607,1.0416.838224734474014
      ,,423.6078,1439.2504,1.2252.111225227153426
      ,,608.43665,454.76312,0.9623.812220721112066
      ,,686.3645,435.773,1.199999932.360961208454086
      ,,462.5717,1402.2697,1.209999916.828893036331568
      ,,649.3987,1432.254,1.1721.63228552979966
      ,,492.54395,463.75845,1.4147.67850918520391
      ,,545.49493,462.75897,1.1632.88751213685819
      ,,741.3136,1421.2598,0.9519.44093938163087
      ,,541.4986,1411.2649,0.8923.999747804049928
      ,,746.30896,443.76886,1.2621.877558838927474
      ,,750.3053,1224.3623,1.209999932.56416043301194
      ,,548.4921,227.8813,1.2632.76077918150069
      ,,735.31915,236.87662,1.0610.940266859912645
      ,,501.5356,1229.3596,1.1229.544242818820027
      ,,384.64386,1555.19,0.789999967.6703798797474185
      ,,1001.07306,940.51013,1.2212.023795716332591
      ,,386.642,900.53094,0.8828.866523639239382
      ,,1000.07404,1537.1993,0.8599999512.308032413304748
      ,,997.0768,992.48303,0.969999976.073580950649198
      ,,387.64108,1621.1556,1.07999998.563273352364067
      ,,1025.0509,1638.1467,0.8331.444249000572487
      ,,434.5976,985.4867,1.0656.39206071280752
      ,,656.3922,604.68506,0.9421.20383808936995
      ,,478.5569,1552.1915,0.9430.17715438064206
      ,,684.36633,1540.1978,0.7530.328154637343378
      ,,488.54764,592.6913,1.2541.088842882238716
      ,,501.5356,167.91254,1.2453.05936669228683
      ,,590.4533,873.545,0.9314.590757003094323
      ,,606.4385,188.90161,1.079999927.820233100407158
      ,,504.53284,868.5476,1.3856.75859417478813
      ,,419.61148,1027.4648,1.150.068180972974346
      ,,1012.0629,355.81467,1.0323.697769900199784
      ,,407.62256,414.78397,1.329999947.503056317284475
      ,,1003.0712,989.4846,0.958.417692313777758
      ,,454.5791,432.7746,1.069999976.149900647799
      ,,1024.0518,1073.4409,1.0624.55324089214235
      ,,991.08234,454.76312,0.9799999613.209762553986165
      ,,403.62628,1057.4492,1.1725.768083198993963
      ,,424.60684,796.5851,1.0345.51544171075464
      ,,1002.07214,1375.2837,1.069999936.250415770226354
      ,,1004.0703,865.5492,1.075.13407151100604
      ,,388.64014,1416.2623,1.1510.306399842283973
      ,,380.64755,1482.228,0.989999952.074356579421869
      ,,1014.06104,840.5622,1.0123.292533983766035
      ,,390.6383,862.5507,1.1511.548538734201097
      ,,981.0916,1418.2612,0.8265.1947075216624
      ,,708.3441,756.6059,1.0438.64500633580287
      ,,558.4829,1674.128,0.9643.10925567284827
      ,,525.5134,721.62415,1.268.014389319290677
      ,,771.2858,1684.1228,1.069999946.90755940169666
      ,,93.91304,1753.0869,0.9699999759.510994755634364
      ,,686.3645,1139.4065,0.9631.110740545432126
      ,,72.93247,1165.393,0.9699999748.68924976526763
      ,,645.4024,1739.0942,0.9520.12267303647153
      ,,752.3034,1149.4014,1.031.08500251942208
      ,,101.90564,1766.0801,0.789999969.711842348995273
      ,,719.334,1765.0807,0.8310.015784151505892
      ,,124.88437,1142.405,0.9799999622.471552298219862
      ,,53.950047,1219.3649,0.8599999524.479963560351823
      ,,664.3848,1803.0609,0.8824.134058223139228
      ,,675.37463,1223.3628,1.0127.40083989280747
      ,,85.92044,1808.0582,0.8854.29803998000108
      ,,751.3043,1209.3701,0.8499999627.243158428994096
      ,,96.91027,1837.0432,0.7613.291737892588234
      ,,145.86494,1214.3674,0.943.49890488405995
      ,,726.32745,1825.0494,0.681.882177567366325
      ,,210.80481,1124.4143,1.0939.87669787577696
      ,,791.26733,1756.0853,0.812.2708481039360136
      ,,802.2572,1157.3972,0.923.58339867190357
      ,,173.83904,1760.0833,1.043.8252724585753004
      ,,875.18964,1737.0952,0.8223.1856109391546
      ,,268.75116,1127.4127,0.8599999528.425865078661335
      ,,231.78539,1766.0801,0.9799999613.643739916821113
      ,,927.14154,1143.4044,1.199999965.12302665425833
      ,,196.81776,1842.0405,0.8429.409908270772885
      ,,813.247,1214.3674,0.8322.075112289225338
      ,,160.85106,1184.383,0.9899999523.246273625650375
      ,,794.2646,1779.0734,0.7299999646.43293120441121
      ,,272.74747,1814.0552,0.8833.277442778516566
      ,,883.18225,1196.3768,1.1822.220292058647875
      ,,852.21094,1804.0603,0.8599999523.78077849799191
      ,,263.7558,1179.3857,0.8833.55661641489662
      ,,350.6753,1127.4127,0.9099999740.98119406930482
      ,,929.1397,1757.0848,0.979999962.431667714561715
      ,,962.1092,1140.406,0.8430.999863256609043
      ,,365.66144,1712.1083,0.7999999570.80543318155043
      ,,439.59296,1772.077,0.9517.94377813030182
      ,,693.35803,792.58716,0.9699999737.91552232835935
      ,,628.41815,1754.0864,1.0127.18918607521868
      ,,469.56522,785.5908,1.079999921.62968730810172
      ,,325.69843,1192.3789,1.0319.439985727418662
      ,,972.0999,1820.052,0.7540.96381017739308
      ,,953.1175,1144.4039,1.0463.86590279027819
      ,,333.69104,1798.0635,0.7899999635.92474295565505
      ,,610.4348,1831.0463,0.7424.569012891364377
      ,,374.6531,860.55176,1.174.959694472442716
      ,,420.61053,1823.0504,0.8499999641.18344967541101
      ,,608.43665,883.5398,0.9799999632.54424920045379
      ,,554.4866,791.5877,1.1337.002562554617015
      ,,726.32745,1761.0828,0.894.933691273372497
      ,,785.2729,798.58405,1.1561.308202782083384
      ,,509.52823,1767.0796,0.7999999513.246767831007157
      ,,1020.0555,1074.4404,0.9099999764.11464701772867
      ,,403.62628,1710.1093,1.1352.289376399576916
      ,,394.6346,1122.4154,0.9699999720.006577192049324
      ,,981.0916,1754.0864,0.9419.557883233634044
      ,,478.5569,1823.0504,0.930.156538068798802
      ,,665.3839,879.5419,0.8922.346549108879163
      ,,461.57263,878.5424,0.8599999523.09778000161218
      ,,670.3793,1838.0426,0.7899999619.460463186155415
      ,,753.3025,870.5466,1.0430.84817901566651
      ,,529.5097,1844.0396,0.7122.08954385010839
      ,,537.5023,862.5507,0.9699999720.233627273577902
