       
     ,,387.64108,780.59344,1.5,72.10212444792751
     ,,668.3811,1127.4127,1.55,127.05801686524129
     ,,716.33673,741.6137,1.9799999,73.70499097619451
     ,,406.6235,1121.4159,1.42,128.19480027776757
     ,,366.6605,916.52264,1.9499999,58.90044158329869
     ,,676.3737,1210.3696,1.5699999,70.34569648190092
     ,,391.6374,1179.3857,1.39,45.994915328470455
     ,,676.19366,923.8811,1.3,71.66032738718458
     ,,657.3913,758.60486,1.26,45.582780088185245
     ,,399.62997,499.73972,2.02,83.71427907737042
     ,,415.61517,771.5981,1.5,80.06613970989143
     ,,687.3635,469.7553,1.43,58.85587727238508
     ,,674.3756,820.5726,1.9599999,109.78791221489269
     ,,383.64478,1349.2972,1.78,63.837592518054834
     ,,427.60406,753.6075,1.7199999,78.35216843891554
     ,,658.3904,1359.292,1.63,70.06668392121485
     ,,701.3506,298.84433,1.76,55.94655009409096
     ,,371.65588,635.6689,1.51,66.69529210622962
     ,,357.66882,308.83914,1.29,26.940191537736656
     ,,679.371,630.6715,1.65,68.30204859935786
     ,,691.35986,1335.3044,1.81,62.71020915187183
     ,,367.65958,1639.1462,1.4699999,61.624117078240424
     ,,361.66513,1321.3118,1.8,31.35601136675886
     ,,713.3395,1587.1733,1.06,65.9802810615913
     ,,409.62073,194.89848,2.1499999,75.49605288130573
     ,,680.37006,484.74753,1.77,67.07527555192368
     ,,379.64847,471.75427,1.4699999,49.7947361060132
     ,,672.37744,145.924,1.53,25.63297410903284
     ,,691.35986,1225.3618,1.48,90.43437204441696
     ,,378.6494,1505.216,1.9799999,73.61732876399851
     ,,693.35803,1470.2343,1.37,58.05404527540221
     ,,390.6383,1191.3795,1.9499999,54.75405282676353
     ,,393.63553,867.54816,1.88,34.9644974067829
     ,,665.3839,569.70325,1.49,17.386443816226492
     ,,375.65216,639.6668,1.5,71.40346224458871
     ,,691.35986,927.5169,1.64,81.93093473302734
     ,,275.7447,213.8886,1.99,96.58419599219968
     ,,575.46716,467.75638,1.7199999,82.77167702630977
     ,,244.77336,475.7522,1.99,57.47336294190341
     ,,566.47546,159.9167,1.43,66.20819755766149
     ,,855.2081,1632.1499,1.52,83.23148206730525
     ,,505.53192,1349.2972,1.4599999,59.31702620970804
     ,,529.5097,1638.1467,1.4399999,65.3327940577578
     ,,872.19244,1310.3175,1.8399999,82.72622954615187
     ,,257.76132,900.53094,1.8399999,59.606117845594135
     ,,540.4995,1208.3706,1.76,72.26552969601507
     ,,251.76688,1179.3857,1.6999999,48.927264546439915
     ,,521.5171,920.52057,1.92,64.92819083902258
     ,,384.64386,1206.3717,1.75,65.20784067186754
     ,,126.882515,1465.2368,1.81,63.1492608573636
     ,,389.63922,1529.2035,1.6999999,99.710521869982
     ,,124.88437,1213.368,1.54,85.64583793413772
     ,,847.2156,304.84122,2.08,59.75350239029435
     ,,525.5134,639.6668,1.55,72.91290599444221
     ,,521.5171,333.8261,1.8399999,54.70643656260001
     ,,832.22943,583.696,1.5899999,42.496907010586376
     ,,525.5134,764.60175,1.28,54.98512736370401
     ,,821.2396,1036.4602,1.66,45.193598518578
     ,,836.2257,768.5997,1.8399999,70.26405380911339
     ,,530.5088,1104.4248,1.5799999,105.79960544743369
     ,,367.65958,629.67206,1.3399999,60.161645833664004
     ,,133.87604,298.84433,1.51,64.12780579703804
     ,,374.6531,273.85736,1.36,16.76353507303892
     ,,109.89824,639.6668,1.63,79.30788622364167
     ,,115.89269,1058.4487,1.61,71.50543778077143
     ,,398.6309,781.5929,1.24,77.85335687703231
     ,,386.642,1069.443,1.36,72.51450475502305
     ,,140.86957,767.6002,1.1999999,87.26970226537368
     ,,556.48474,893.5346,1.76,63.38261867345093
     ,,802.2572,1192.3789,1.86,47.49961200747013
     ,,514.5236,1223.3628,1.61,78.07527346460927
     ,,836.2257,905.5283,1.9499999,64.92191063516147
     ,,537.5023,338.82352,1.49,65.96451673135367
     ,,269.75024,578.6986,1.6899999,54.4495595321593
     ,,270.7493,303.84174,1.36,58.94528875550341
     ,,534.50507,632.6705,1.66,69.70040893719705
     ,,525.5134,1609.1619,1.18,37.86673233548843
     ,,246.77151,1379.2816,1.38,94.43565598872756
     ,,522.5162,1307.3191,1.3,25.35349388120157
     ,,228.78816,1627.1525,1.22,50.78879787388901
     ,,266.75302,1453.243,1.4499999,54.27857616154621
     ,,558.4829,1735.0963,0.95,56.03481886979204
     ,,232.78445,1779.0734,1.8399999,59.49022453637187
     ,,573.469,1494.2217,1.76,91.93797828587509
     ,,825.2359,174.90889,1.88,49.66780900466596
     ,,533.50604,456.7621,1.6999999,42.62525558871364
     ,,861.2026,460.76,1.2099999,77.44194444969642
     ,,551.4894,152.92035,1.77,49.778087745004825
     ,,825.2359,1233.3575,1.22,93.46638749512942
     ,,499.53748,1501.218,1.1999999,67.36598556600524
     ,,542.4977,1150.4008,1.4,38.748394511788256
     ,,824.2368,1480.229,1.35,56.358966759286375
     ,,389.63922,867.54816,1.87,31.139215306938787
     ,,108.89917,1205.3722,1.23,69.90426288335428
     ,,400.62906,1180.3851,1.8299999,53.22647568107042
     ,,143.86679,863.55023,2.0,72.08079279745053
     ,,990.08325,937.5117,1.38,96.16190285349131
     ,,664.3848,1232.3582,1.4499999,87.89876767194315
     ,,950.12024,1173.3888,1.5799999,30.81439907700061
     ,,676.3737,892.5351,1.3199999,44.69609255285875
     ,,386.642,197.89693,1.4599999,65.55484667507436
     ,,96.91027,466.7569,1.25,47.766580751970544
     ,,88.91767,150.92139,1.64,21.287786021309376
     ,,393.63553,480.7496,1.43,64.25626693323441
     ,,390.6383,1664.1332,1.12,91.42007574277557
     ,,97.90935,1903.0088,0.5,45.17681659346442
     ,,121.887146,1615.1587,1.03,62.20527053763604
     ,,392.63644,1841.0411,0.94,41.08627861587532
     ,,969.10266,348.81833,1.15,74.56859422955748
     ,,648.39966,623.6752,1.2099999,53.67665877880065
     ,,649.3987,286.8506,1.64,5.048216939563334
     ,,971.1008,629.67206,1.43,69.23021587945428
     ,,951.1193,1480.229,1.5,48.63861379840911
     ,,652.39594,1753.0869,1.14,31.396185611768733
     ,,655.3932,1502.2175,1.3199999,68.61698433492961
     ,,974.0981,1753.0869,1.12,49.17174180364766
     ,,699.3525,1362.2904,1.39,88.67344413152487
     ,,969.10266,1585.1743,1.13,33.87118229366674
     ,,955.11566,1333.3055,1.13,47.3368618145444
     ,,683.36725,1613.1598,1.5899999,49.87036298783548
     ,,654.3941,127.933365,1.65,11.925674357883645
     ,,952.1184,441.7699,1.42,22.549783789008938
     ,,675.37463,453.76364,1.39,38.989618573523245
     ,,971.1008,150.92139,1.42,37.40361622769774
     ,,658.3904,1540.1978,1.8299999,106.70484032664733
     ,,935.13416,1189.3805,1.49,43.38913313547287
     ,,650.39777,1185.3826,1.53,39.455493570792456
     ,,950.12024,1436.252,1.73,14.298686987799494
     ,,114.893616,1328.3081,1.4599999,57.50976625207041
     ,,408.62164,1653.1389,1.31,89.49816129105758
     ,,429.60223,1351.2961,1.5699999,92.74528590165286
     ,,134.87512,1601.166,1.36,67.00705377267711
     ,,715.33765,779.59393,1.6899999,94.00490782028017
     ,,971.1008,1029.4637,1.52,44.568212529057575
     ,,948.12213,827.569,1.51,114.21408386518144
     ,,686.3645,1121.4159,1.31,125.42723246399001
     ,,691.35986,1865.0286,0.96,43.37074395016097
     ,,970.10175,1580.177,1.22,34.17116314736765
     ,,670.3793,1642.1447,1.25,67.93650259958892
     ,,980.0925,1889.0161,0.69,49.73824092558072
     ,,848.2146,1522.2072,1.3,104.59724234469789
     ,,500.53653,1762.0822,1.4,40.23151305150349
     ,,853.21,1755.0858,1.1999999,69.57972386076571
     ,,550.4903,1479.2295,1.26,64.86181103594564
     ,,555.48566,1201.3743,1.64,75.61139040902442
     ,,259.7595,1480.229,1.26,63.6554306547152
     ,,528.5106,1538.1989,1.28,107.04284828509735
     ,,268.75116,1168.3915,1.35,57.306746550162714
     ,,537.5023,1604.1644,1.54,42.508619486603685
     ,,246.77151,1860.0311,1.0699999,31.34507238109228
     ,,527.5116,1863.0297,1.05,23.698482647868715
     ,,254.76411,1645.1431,1.1999999,77.5296583901331
     ,,547.49304,1601.166,1.2099999,49.27787517407715
     ,,826.235,1880.0208,0.76,36.99480649162471
     ,,537.5023,1863.0297,0.91999996,33.63373756022625
     ,,816.2442,1649.141,1.62,75.15864517547539
     ,,95.911194,1486.2258,1.23,57.4393812516237
     ,,362.6642,1761.0828,1.54,39.173466252888275
     ,,401.6281,1465.2368,1.61,52.04458159983513
     ,,126.882515,1762.0822,1.9399999,67.96079356825246
     ,,495.54117,780.59344,1.89,67.12852395784432
     ,,276.74374,1048.4539,1.31,76.47066948793879
     ,,543.49677,1061.4471,1.63,71.37196461550393
       
      ,,182.83072,542.71735,1.1230.04899966756908
      ,,828.2331,1197.3763,1.319999970.95822406559499
      ,,215.80019,1182.3842,1.329999963.820295650790214
      ,,816.2442,602.6861,1.0991.0718742018512
      ,,78.92692,761.60333,1.2859.85004866161215
      ,,693.35803,1416.2623,1.7482.91026352964185
      ,,86.91952,1421.2598,1.189999994.609230511771
      ,,666.383,762.6028,1.5642.51915310059393
      ,,367.65958,124.93493,1.8827.152557535250878
      ,,595.44867,1136.4081,1.3670.47849658853751
      ,,400.62906,1142.405,1.1578.79092968060789
      ,,563.4783,119.93753,1.689999930.130011225834654
      ,,125.88344,492.74335,1.2852.277644871141234
      ,,746.30896,1130.4113,1.2867.52983959164719
      ,,742.3127,494.7423,1.5252.36503347878565
      ,,100.90657,1125.4138,1.3858.970873069611876
      ,,402.6272,860.55176,1.4973.77069896635308
      ,,561.4801,1739.0942,1.4267.79538954212782
      ,,369.6577,1756.0853,1.4169.28793312803563
      ,,545.49493,829.56793,1.469999948.06266383676731
      ,,203.81128,591.69183,1.6132.36514092715551
      ,,820.24054,1301.3221,1.14100.4469209980645
      ,,184.82886,1246.3508,1.189999943.62903509770775
      ,,809.2507,615.6793,1.5535.82725732954048
      ,,813.247,1137.4076,1.1373.60591748170215
      ,,159.85199,455.7626,1.3816.287823651822645
      ,,187.82608,1139.4065,1.6674.49997064376284
      ,,785.2729,500.7392,1.599999955.84849352888362
      ,,886.17944,1061.4471,1.4499999112.59980635066567
      ,,175.83719,392.7954,1.5116.633617186829923
      ,,823.23773,402.7902,1.589999939.69265520935265
      ,,184.82886,1049.4534,1.579999953.396191721797614
      ,,243.77429,103.94586,1.414.128724709095384
      ,,884.18134,797.5846,1.4379.11349986928155
      ,,259.7595,764.60175,1.569999946.80992933774929
      ,,892.1739,116.939095,1.4133.92320042829033
      ,,705.3469,1298.3237,1.38106.24315608169564
      ,,69.93524,625.67413,1.1355.084606506301895
      ,,76.92877,1258.3446,1.1168.55247715456939
      ,,656.3922,615.6793,1.069999932.191687758244456
      ,,122.886215,104.945335,1.4919.88935260083541
      ,,732.3219,774.59656,1.353.66960537621851
      ,,707.34503,139.92712,1.719999942.997570219956614
      ,,122.886215,735.6168,1.2423.98145082087923
      ,,785.9324,769.4959,1.4148.588850740673955
      ,,162.84921,121.936485,1.709999923.508734507705263
      ,,222.79372,752.608,1.6459.13682257319385
      ,,820.24054,136.92868,1.5645.18965824836138
      ,,177.83534,355.81467,1.469999948.6083624654974
      ,,820.24054,1036.4602,1.29111.22258015339197
      ,,170.84181,962.49866,1.4234.03906990810618
      ,,805.2544,312.83707,1.449999912.909301732742623
      ,,881.1841,1273.3368,1.171.32740604512524
      ,,252.76596,609.68243,1.2928.5033633945931
      ,,268.75116,1280.3331,1.5280.58094868560829
      ,,879.1859,613.68036,1.2934.48584866351129
      ,,166.84552,161.91566,1.549.46019482908009
      ,,847.2156,844.5601,1.4876.2093147703623
      ,,174.83812,810.5778,1.1720.21350171845636
      ,,811.24884,227.8813,1.2361.01965046050287
      ,,739.3154,1178.3862,1.35112.8628615857825
      ,,104.90287,461.7595,1.329999916.319898628248144
      ,,755.30066,486.74646,1.4851.4776754060679
      ,,114.893616,1100.4269,1.1135.78893205752789
      ,,216.79926,854.5549,1.189999944.57441341354966
      ,,785.2729,257.8657,1.569999921.040803236793717
      ,,170.84181,270.85892,1.069999932.401375151483656
      ,,836.2257,884.5393,1.2349.52224754402914
      ,,130.87881,497.74075,1.2332.10096335638169
      ,,755.30066,1200.3748,1.3171.81514153517195
      ,,81.92415,1168.3915,1.209999939.33658333618316
      ,,766.29047,552.7121,1.4356.626914486523056
      ,,751.3043,604.68506,1.3534.16545546876128
      ,,91.914894,1244.3519,1.209999941.50169756290805
      ,,115.89269,601.6866,1.1422.007514257962434
      ,,772.2849,1234.357,1.5656.34573274195323
      ,,130.87881,387.798,1.2729.618311768388352
      ,,744.31085,1041.4575,1.7448.21548902913014
      ,,134.87512,1027.4648,1.1543.3853678777641
      ,,718.3349,439.77094,1.4863.57058818669927
      ,,301.72064,1027.4648,1.2331.22449337101464
      ,,961.1101,1687.1212,1.319999974.73707060216425
      ,,355.6707,1684.1228,1.1379.66644842919358
      ,,949.1212,1046.455,1.5152.02975080953604
      ,,673.3765,1143.4044,1.4278.95479612294206
      ,,91.914894,1708.1104,1.1661.00210370555944
      ,,702.3497,1727.1005,1.599999961.344016464824776
      ,,73.93155,1131.4106,1.1575.94892254469966
      ,,103.90379,1100.4269,1.0933.92928274573671
      ,,740.3145,1751.0879,1.6165.52494709848109
      ,,783.2748,1131.4106,1.487.56635523791745
      ,,137.87234,1716.1062,1.0444.71881979961908
      ,,192.82146,1110.4216,1.1448.394950855010165
      ,,819.24146,1735.0963,1.5254.111288712230206
      ,,839.22296,1151.4003,1.0996.42948098067073
      ,,214.80112,1718.1051,0.9552.211653834008125
      ,,243.77429,1733.0973,1.2245.65397313457085
      ,,902.1647,1120.4164,1.579999966.9347630361092
      ,,253.76503,1105.4242,1.1640.81083022099637
      ,,906.16095,1740.0936,1.2968.35472352461326
      ,,331.69287,1113.42,1.439999951.484253019990106
      ,,963.1082,1730.0989,1.3653.04473201123312
      ,,310.7123,1692.1187,1.544.623529533203941
      ,,964.1073,1116.4185,1.469999959.624561658208656
      ,,136.87326,324.8308,1.137.60493997445242
      ,,774.2831,1006.47577,1.4892.51257058983924
      ,,125.88344,944.50806,1.0927.518651475851737
      ,,712.34045,322.83185,1.3619.568344947469996
      ,,762.2942,907.5273,1.589999961.11481523648938
      ,,90.91582,246.87141,1.315.114305497265143
      ,,159.85199,887.5377,1.3962.941722853836204
      ,,870.1943,262.8631,0.45147.71723762147658
      ,,742.3127,266.861,1.24523.9419184289245
      ,,100.90657,202.89432,1.3633.49487015470693
      ,,728.3256,198.89641,1.579999929.644294493691678
      ,,120.88807,832.56635,1.189999945.518373747291065
      ,,231.78539,548.7142,0.9899999535.566604174999235
      ,,889.1767,1241.3534,1.4399999109.16312141924992
      ,,234.78261,1177.3867,1.339999942.421934921574575
      ,,868.1961,524.7267,1.511.706011292254704
      ,,383.64478,536.72046,1.1722.603715635156586
      ,,639.40796,1549.1931,1.2986.70637926067164
      ,,574.4681,527.72516,1.5217.87937232312864
      ,,428.60315,1568.1832,1.35100.49610775570741
      ,,658.3904,555.7106,1.449999941.31180808779911
      ,,473.56152,1568.1832,1.2991.1944534973228
      ,,458.5754,522.7277,1.449999913.008046636285641
      ,,681.3691,1547.1941,1.1271.53538396790542
      ,,544.49585,1489.2244,1.329999928.370591197131642
      ,,748.3071,560.70795,1.1551.98032062364214
      ,,537.5023,551.71265,1.589999942.247767245002265
      ,,772.2849,1538.1989,1.374.9169901265739
      ,,476.55875,1740.0936,1.439999959.61025872163696
      ,,618.42737,845.5596,1.599999963.6467840576468
      ,,461.57263,832.56635,1.819999944.05077868610695
      ,,605.4394,1755.0858,1.5270.18933693965644
      ,,381.64664,590.6923,1.357.505833917647089
      ,,596.44775,1608.1624,1.559.49982796421745
      ,,590.4533,615.6793,1.5332.42124864346646
      ,,413.61703,1630.1509,1.6587.57017951074836
      ,,412.61795,878.5424,1.6238.20225620555653
      ,,562.4792,171.91046,1.319999945.04372973589496
      ,,344.68085,197.89693,1.1644.930600487437964
      ,,512.52545,910.52576,1.7551.26767004522114
      ,,872.19244,1105.4242,1.2240.1127956198742
      ,,264.75485,472.75375,1.5635.82673923110465
      ,,263.7558,1132.4102,1.0669.56629396944476
      ,,883.18225,477.75116,1.8938.31308921747677
      ,,205.80943,1070.4425,1.7681.20606869283633
      ,,870.1943,384.79956,1.3111.317445451341083
      ,,260.75854,377.80322,1.6219.30258899214405
      ,,881.1841,1022.46747,1.3831.184441517372285
      ,,245.77243,938.51117,1.209999910.88472209664517
      ,,888.1776,311.8376,1.4226.041398218972674
      ,,258.7604,300.8433,1.339999918.499551091686016
      ,,862.20166,926.5174,1.412.004926225811879
      ,,261.75763,865.5492,1.3821.14153023790177
      ,,882.18317,251.8688,1.2923.793948577753035
      ,,257.76132,266.861,0.9699999732.69214715484423
      ,,861.2026,942.5091,1.599999983.01923292898255
      ,,287.73358,830.5674,1.579999961.17956544250507
      ,,891.17487,190.90057,1.459999935.780336502129146
      ,,252.76596,200.89536,1.079999933.35551228843181
      ,,893.173,817.57416,1.2640.91260597233381
      ,,661.38763,690.64026,1.2438.59201443149104
      ,,73.93155,1340.3019,1.189999977.57150390521123
      ,,643.40424,1374.2842,1.17101.50743020045581
      ,,77.92784,668.65173,1.3846.334176175865075
      ,,572.4699,1631.1504,1.3598.43006277616475
      ,,756.29974,615.6793,1.189999945.240826860033046
      ,,520.51807,602.6861,1.079999919.422023887803974
      ,,735.31915,1641.1451,1.192.28155854326091
      ,,616.42926,674.6486,1.337.23334545902433
      ,,398.6309,1671.1296,1.5155.99883762020484
      ,,618.42737,1715.1067,1.73101.74580721079431
      ,,393.63553,666.6528,1.4820.00285216323769
      ,,382.6457,226.88182,1.3612.036505393718722
      ,,576.46625,1003.47736,1.2695.38669853521891
      ,,417.6133,975.4919,1.3660.505053824171014
      ,,534.50507,232.87871,1.2417.910086317722744
      ,,678.3719,1668.1311,1.6754.647686690196174
      ,,476.55875,678.64655,1.7338.35277151575168
      ,,659.38947,712.62885,1.4860.254509934441515
      ,,474.5606,1696.1166,1.4381.8748333304334
      ,,571.4709,213.8886,1.6528.8373973889877
      ,,396.63275,819.5731,1.2633.745777307753904
      ,,471.56335,232.87871,1.459999923.73851818176784
      ,,630.41626,1013.4721,1.319999995.64986580511206
      ,,544.49585,675.6481,1.449999935.56134278307713
      ,,749.3062,1658.1364,1.2546.75883515230757
      ,,745.3099,643.66473,1.699999922.607804960461436
      ,,558.4829,1681.1244,1.6174.84258883626745
      ,,747.30804,1304.3207,1.5238.342158612780565
      ,,96.91027,650.6611,1.166.841504905724793
      ,,740.3145,678.64655,1.5630.55717092610416
      ,,128.88066,1310.3175,1.1144.71807933194505
      ,,352.67346,1033.4617,1.3655.424205843537074
      ,,979.09344,365.80948,1.2548.77933204364177
      ,,303.71878,398.7923,1.459999923.300889669747253
      ,,967.10455,1051.4524,1.6364.64166516333779
      ,,299.72247,1144.4039,1.469999913.97980924014282
      ,,910.1573,523.72723,1.579999923.25195084050731
      ,,926.14246,1166.3925,1.331.35358222303718
      ,,318.7049,541.71783,1.528.42764175344912
      ,,951.1193,468.75586,1.339999930.42618705836651
      ,,303.71878,1152.3998,1.2786.16703075244975
      ,,322.7012,454.76312,0.9615.319098516563649
      ,,961.1101,1086.4341,1.5535.69490282888554
      ,,963.1082,626.6736,1.2653.507360526678355
      ,,291.7299,1217.366,1.5522.75632157716627
      ,,302.7197,596.6892,1.599999915.313012873596186
      ,,965.1064,1242.3529,1.0950.61848972298887
      ,,959.11194,995.4815,1.2672.44957790791184
      ,,297.72433,305.8407,1.1712.882969601451416
      ,,330.69382,973.4929,1.549.31686419194122
      ,,948.12213,329.82822,1.2927.836028900770632
      ,,310.7123,890.53613,1.189999931.036858987776466
      ,,942.1277,241.87402,1.6211.15041408379326
      ,,273.74652,280.85373,1.3856.07723780739774
      ,,897.1693,842.56116,1.339999938.28211809419663
      ,,978.09436,846.5591,1.5472.89482213955718
      ,,294.7271,160.91618,1.1117.95733576686743
      ,,955.11566,211.88963,1.3548.52401956585698
      ,,310.7123,835.5648,1.6445.065319455792924
      ,,78.92692,950.50494,1.2449.57790434622821
      ,,713.3395,1580.177,1.365.47124262471081
      ,,67.937096,1608.1624,1.2267.52267089630286
      ,,664.3848,958.50073,1.699999931.288721460455445
      ,,115.41911,885.7294,1.328.81050355765652
      ,,737.3173,1549.1931,1.169.87866497112758
      ,,111.89639,1476.2311,1.43999999.41929392592195
      ,,732.3219,925.51794,1.566.4797043073046
      ,,165.84644,882.54034,1.6523.981813579260194
      ,,820.24054,1527.2046,1.689999953.81798182707906
      ,,215.80019,1522.2072,1.3860.11982002080952
      ,,818.2424,923.519,1.3768.63391982826106
      ,,227.7891,884.5393,1.6228.547431536372446
      ,,881.1841,1527.2046,1.2750.30321693314847
      ,,252.76596,1523.2067,1.1844.16764776511199
      ,,895.17114,913.5242,1.1663.13489124967109
      ,,961.1101,893.5346,1.569999945.11222595549021
      ,,300.72156,1541.1973,1.829999961.47988280556324
      ,,310.7123,873.545,1.6314.04658751507151
      ,,921.1471,1518.2092,1.7339.10458493379511
      ,,674.3756,1541.1973,1.599999963.56450833992048
      ,,69.93524,895.53357,1.0550.53785188717331
      ,,70.93432,1533.2014,1.0264.06948429406086
      ,,702.3497,881.54083,1.2251.775379435541524
      ,,112.89547,956.5018,1.469999929.53597762835291
      ,,722.3312,1667.1317,1.67117.65170590173236
      ,,737.3173,968.49554,1.4941.99913465874675
      ,,84.92137,1541.1973,1.1420.349467721062403
      ,,118.889915,1592.1707,1.2668.5187996234096
      ,,778.27936,1000.4789,1.1773.5705605251107
      ,,819.24146,1609.1619,1.364.97815535073192
      ,,197.81683,963.49817,1.1543.19506786420842
      ,,665.3839,499.73972,1.0217.763943693719536
      ,,53.950047,1177.3867,0.9699999746.182264106719536
      ,,68.93617,525.7262,1.2236.21984895829143
      ,,686.3645,1148.4019,1.5233.45258368722767
      ,,73.93155,433.77408,1.1541.138112503268154
      ,,651.39685,1146.4028,1.699999980.0081145992597
      ,,77.92784,1099.4274,1.2454.49944003688128
      ,,659.38947,451.7647,1.177.373908417241288
      ,,72.93247,1023.4669,1.046.382494555010574
      ,,670.3793,371.80634,1.5215.602026659446318
      ,,699.3525,1033.4617,1.469999956.71226968398069
      ,,72.93247,379.8022,1.4338.57407611070363
      ,,656.3922,333.8261,1.319999926.34122537110477
      ,,67.937096,951.5044,1.0640.58622343514691
      ,,52.950974,318.83392,0.9521.65401214019159
      ,,662.38666,962.49866,1.434.68911569485027
      ,,344.68085,309.83862,1.2234.89760108797917
      ,,623.4227,1332.306,1.7569.43656925333869
      ,,571.4709,326.82977,1.1424.484982805096326
      ,,367.65958,1336.304,1.6563.9103466122921
      ,,522.382,1324.2267,1.469999989.6200271443921
      ,,636.4107,342.82144,1.709999940.14978707582872
      ,,440.59204,320.8329,1.1115.50166628181577
      ,,727.32654,1322.3113,1.1586.84234312826992
      ,,751.3043,1301.3221,1.6338.633448095464225
      ,,501.5356,324.8308,1.423.56307734851591
      ,,537.5023,1356.2936,1.599999985.17552183147167
      ,,759.29694,302.84225,1.589999935.10728342218648
      ,,575.46716,390.79645,1.6818.058568845633122
      ,,396.63275,1388.2769,1.319999948.87792619744553
      ,,367.65958,395.79385,1.569999922.63732368349659
      ,,621.4246,1390.2759,1.4359.179927322638264
      ,,682.36816,1404.2686,1.3667.35913143941283
      ,,462.5717,362.81104,1.2219.63160970207218
      ,,662.38666,373.8053,1.527.395097981109555
      ,,479.55597,1376.2832,1.3545.88875721474794
      ,,566.47546,1378.2821,1.3860.65439030190653
      ,,738.3164,369.80737,1.469999915.352014108863184
      ,,530.5088,397.79282,1.6824.95220657549159
      ,,753.3025,1405.2681,1.459999969.06094123367185
      ,,74.93062,878.5424,1.144.690587743773136
      ,,639.40796,238.87558,1.3916.096423337507403
      ,,652.39594,876.54346,1.3117.32381732576664
      ,,71.933395,242.8735,1.1837.688017099998625
      ,,57.946346,174.90889,0.9424.062153739221447
      ,,678.3719,858.5528,1.2571.79349683326299
      ,,70.93432,793.5867,0.9799999636.56483418342744
      ,,683.36725,182.90474,1.1630.923624929214707
      ,,56.947273,125.9344,0.7899999633.923279696261424
      ,,683.36725,761.60333,1.0248.83503680854823
      ,,71.933395,730.61945,1.038.52821539883065
      ,,667.3821,112.94118,1.017.20368336400937
      ,,911.1564,174.90889,1.577.13978269493079
      ,,306.716,723.6231,1.20999994.338918912700746
      ,,318.7049,107.94378,1.6411.078363956775899
      ,,928.1406,763.6023,1.469999942.2361058583668
      ,,195.8187,679.646,1.135.78640305497352
      ,,816.2442,1325.3097,1.3156.58217858972482
      ,,799.25995,696.63715,1.3944.511399282185266
      ,,186.82701,1266.3405,1.2816.016314956069184
      ,,855.2081,682.6444,1.6731.013815866454745
      ,,223.79279,1314.3154,1.2744.49095122388119
      ,,241.04161,646.8582,1.69999995.660375868596311
      ,,882.18317,1343.3003,1.172.52246508595684
      ,,722.3312,120.93701,1.3520.551769808174125
      ,,515.52264,1142.405,1.6775.93078038016111
      ,,737.3173,1112.4205,1.2447.67576971077379
      ,,539.5005,102.94638,1.1822.136085081332993
      ,,632.4144,1191.3795,1.5172.32326831301293
      ,,398.6309,150.92139,1.1126.66750493646128
      ,,407.62256,1171.3899,1.3945.59564333495311
      ,,614.4311,180.90578,1.0430.170144350837326
      ,,467.56708,199.89589,1.3535.88124210311059
      ,,652.39594,1220.3644,1.5684.92112924387416
      ,,656.3922,173.90942,1.394.4987843464242205
      ,,470.5643,1208.3706,1.709999976.13776001153502
      ,,371.65588,721.62415,1.6392.29403888771232
      ,,936.13324,1238.355,1.319999935.449108710893235
      ,,941.1286,685.6429,1.319999934.51319562335037
      ,,327.6966,1362.2904,1.4990.44036113382877
      ,,90.91582,736.61633,1.1219.66888860149744
      ,,766.2348,1377.3091,1.209999954.34579938117429
      ,,112.89547,1407.267,1.1165.44490021996623
      ,,761.2951,804.58093,1.209999990.86430055343719
      ,,830.23126,774.59656,1.6364.56338013237065
      ,,854.20905,1399.2711,1.819999983.11767593123837
      ,,202.81221,1367.2878,1.5639.15695571751338
      ,,183.82979,107.94378,1.2313.556324963483855
      ,,893.173,759.6044,1.448.91599261496001
      ,,256.76227,1391.2754,1.579999951.107490225525474
      ,,271.74838,730.61945,1.2731.59317868963511
      ,,887.1785,1397.2722,1.3160.07516515832659
      ,,607.43756,782.5924,0.8964.58067576943617
      ,,397.63184,1756.0853,0.8599999570.94159974600667
      ,,391.6374,726.6215,1.0613.173694115332522
      ,,615.4302,1769.0786,1.086.55648569359643
      ,,412.61795,317.83444,1.0434.6929291877701
      ,,550.4903,1028.4644,1.4345.245451714448436
      ,,510.52728,290.8485,1.4918.052448056752908
      ,,421.60962,1034.4612,1.1656.029893560846304
      ,,439.59296,752.608,1.332.35801747312101
      ,,693.35803,1764.0812,1.2685.42778961016589
      ,,681.3691,762.6028,0.9548.56591465079974
      ,,456.57724,1746.0906,1.329999959.14471592637949
      ,,612.4329,350.81726,1.199999950.48664715057469
      ,,445.58743,1031.4628,1.2734.08742723111472
      ,,636.4107,974.49243,1.189999954.95840911041557
      ,,473.56152,318.83392,1.1527.50523178018714
      ,,331.69287,743.6127,1.2330.628548765145712
      ,,935.13416,1368.2874,1.2626.042171297556404
      ,,924.1443,769.5991,1.189999948.65831852952312
      ,,329.69473,1358.2925,1.6624.85639156184295
      ,,84.92137,1438.2509,1.0657.07821752617676
      ,,85.92044,809.5783,1.1254.84563391244441
      ,,643.40424,1465.2368,0.8955.08133030435212
      ,,662.38666,842.56116,1.199999952.51466601103236
      ,,110.897316,1443.2483,1.3732.59868503645571
      ,,709.3432,822.57153,1.2435.472691010366866
      ,,128.88066,824.5705,1.0542.48501646633168
      ,,718.3349,1421.2598,1.6711.54389380880874
      ,,194.81961,815.5752,1.6633.56978458530595
      ,,820.24054,1460.2394,1.6255.593017608581064
      ,,823.23773,795.58563,1.2730.16946066291905
      ,,143.86679,1446.2467,1.1645.024372473644675
      ,,259.95706,791.4691,1.4218.482486719121322
      ,,886.17944,1436.252,1.319999934.254564970410094
      ,,870.1943,830.5674,1.3840.79947342449725
      ,,248.76965,1459.24,1.459999948.29031504324393
      ,,351.67438,1423.2587,1.542.82050451735177
      ,,954.1166,810.5778,1.6730.24282412085579
      ,,310.7123,821.5721,1.469999931.072807854658727
      ,,912.1554,1448.2457,1.719999941.52664464333926
      ,,349.67624,121.936485,1.2636.72845791726931
      ,,1038.0388,723.6231,1.0937.59880943615526
      ,,984.0888,147.92296,1.459999950.18231027413654
      ,,396.63275,760.6038,1.589999942.69238777552408
      ,,371.65588,818.57367,1.1829.148946371994107
      ,,989.08417,194.89848,1.6527.846080242179344
      ,,1021.05457,789.58875,1.2920.57475505236342
      ,,332.69196,189.9011,1.5451.06072463338353
      ,,390.6383,255.86673,1.3120.63165419448354
      ,,1031.0453,887.5377,1.0141.462372721760474
      ,,990.08325,223.88339,1.2317.948645061237933
      ,,400.62906,870.5466,1.5623.842479574414742
      ,,392.63644,955.5023,1.189999930.028176982575037
      ,,1022.05365,352.81622,1.459999950.18087189555152
      ,,371.65588,354.8152,1.2447.96099396870233
      ,,1002.07214,944.50806,1.2716.085071114732557
      ,,247.77058,939.5106,1.189999912.670989716711897
      ,,878.1869,1593.1702,1.346.402175667467404
      ,,264.75485,1575.1796,1.3534.644310296443116
      ,,898.1684,952.5039,1.6242.99327840712947
      ,,318.7049,1606.1635,1.0157.25440691911667
      ,,940.1295,968.49554,1.1840.91591537917996
      ,,333.69104,941.5096,1.1326.590855108963552
      ,,944.1258,1604.1644,1.2956.1035687520213
      ,,751.3043,1678.126,1.2765.37376171522554
      ,,121.935616,997.57513,1.1118.43576864363833
      ,,770.2868,1020.4685,1.2451.22483479904781
      ,,117.89084,1620.1561,1.2914.485820515043967
      ,,687.3635,111.941696,0.9633.85552630659827
      ,,442.5902,1150.4008,1.2884.10863579888165
      ,,710.3423,1087.4336,1.0258.701717082632925
      ,,447.58557,90.95263,1.07999999.591062046134839
      ,,814.2461,998.4799,1.589999920.76922357672823
      ,,179.8335,1613.1598,0.959.071824920265085
      ,,820.24054,1665.1327,1.3153.75559758925543
      ,,194.81961,988.48517,1.459999924.071398066832916
      ,,268.75116,1030.4633,1.579999942.769171192356616
      ,,887.1785,1667.1317,1.2254.535065138095675
      ,,904.16284,1055.4503,0.7299999671.37248539430398
      ,,258.7604,1634.1488,1.069999923.298212161589205
      ,,409.62073,91.9521,1.4331.31013855603726
      ,,609.4357,1117.418,1.0655.845207953439925
      ,,397.63184,1099.4274,1.3937.58956036822103
      ,,587.45605,104.945335,1.524.546982216693628
      ,,60.943573,1029.4637,1.1641.4842567104626
      ,,685.3654,1695.1171,1.199999982.2320976039144
      ,,722.3312,989.4846,0.967.3101219517155
      ,,72.93247,1636.1478,1.319999942.290669475598094
      ,,386.642,1183.3837,1.2648.41336286819556
      ,,1026.0499,561.70746,1.1753.67814168718956
      ,,407.62256,545.71576,1.599999942.01549629743738
      ,,1028.0481,1144.4039,0.9199999628.95129631189192
      ,,995.0786,614.6798,1.2431.647621692556772
      ,,379.64847,1226.3612,1.2321.86171020111988
      ,,1007.0675,1185.3826,1.0320.214062256749283
      ,,399.62997,615.6793,1.2237.95687798765468
      ,,988.0851,663.65436,1.329999916.68981318981046
      ,,389.63922,1305.3201,1.4333.3964153280492
      ,,1022.05365,1269.3389,1.079999921.95164801093683
      ,,425.60593,692.6392,1.1361.130299668304815
      ,,410.6198,719.6252,1.3131.17623514847061
      ,,1017.0583,1378.2821,1.1239.427603558889146
      ,,1003.0712,761.60333,1.1540.185675218175575
      ,,423.6078,1376.2832,1.2955.5589937203598
      ,,566.47546,1202.3738,0.9582.8896761874079
      ,,730.3238,189.9011,1.2421.216058160504353
      ,,782.2757,1211.369,0.7199999795.36319521553338
      ,,528.5106,185.90317,1.2219.755952691952892
      ,,410.6198,254.86725,0.9699999735.1614778451687
      ,,635.4117,1253.3472,1.2769.12596087756353
      ,,423.6078,1218.3654,1.146.23575541925901
      ,,607.43756,268.85995,1.4336.879646414010864
      ,,641.4061,249.86986,1.6618.108310138045272
      ,,486.5495,1233.3575,1.069999947.75481395260511
      ,,457.57632,242.8735,1.2710.075078589279153
      ,,674.3756,1263.3419,1.2961.79530800401224
      ,,401.6281,1052.4518,1.4926.21079545508439
      ,,1007.0675,1750.0885,1.2262.93212673093871
      ,,984.0888,1075.4398,1.3918.688168804474994
      ,,390.6383,1712.1083,1.5327.011647836256966
      ,,400.62906,437.77197,1.209999922.497989554642245
      ,,654.3941,1442.2488,1.689999974.53252167169153
      ,,397.63184,1413.2639,1.6318.21743324880305
      ,,619.42645,474.75272,1.3844.0439857459063
      ,,684.36633,479.75012,1.319999944.79214264967945
      ,,490.5458,1466.2363,1.3669.0211235289507
      ,,679.371,1457.241,1.3851.59514834211899
      ,,446.5865,448.76627,1.58999993.7855020052431687
      ,,526.5125,459.76053,1.3116.869737734163824
      ,,751.3043,1496.2207,1.199999988.8598288191108
      ,,487.54858,1452.2435,1.3950.5679995697235
      ,,700.3515,458.76105,1.2627.550051881505272
      ,,797.2618,1253.3472,1.189999987.63744870813417
      ,,501.5356,258.86517,1.7925.87666719425731
      ,,758.29785,302.84225,1.079999972.67888622033551
      ,,525.5134,1281.3326,1.2977.24940025351785
      ,,405.62442,1600.1665,1.3757.00508702819925
      ,,1024.0518,965.49713,1.0243.85741697836734
      ,,444.58835,963.49817,1.4273.90104820291631
      ,,1017.0583,1539.1982,1.1219.50136237637022
      ,,984.0888,1032.4623,1.4138.62238114647707
      ,,400.62906,1668.1311,1.439999953.94148277118203
      ,,1026.0499,1658.1364,0.9199999647.15759959890271
      ,,439.59296,1052.4518,1.1781.43010374517941
      ,,694.35706,653.65955,1.2580.2012010854888
      ,,481.5541,1631.1504,1.449999988.08723132674588
      ,,672.37744,1591.1713,1.339999944.95934080723959
      ,,465.5689,609.68243,1.069999931.254879593040755
      ,,485.5504,188.90161,1.341.82290971099951
      ,,661.38763,886.53827,1.1379.61925496070127
      ,,587.45605,174.90889,1.295.492734211209822
      ,,460.57355,851.55646,1.069999914.452349742253238
      ,,394.6346,1025.4658,1.1331.79848451631113
      ,,989.08417,386.79852,1.515.374680713744025
      ,,370.6568,384.79956,1.112.127856513067634
      ,,1038.0388,1031.4628,1.050.62245086636383
      ,,407.62256,445.76782,1.1828.12383385359945
      ,,1047.0305,1031.4628,0.8958.24685960153212
      ,,950.12024,443.76886,1.4150.40949452844192
      ,,400.62906,1107.4232,1.2546.05591037323261
      ,,403.62628,839.5627,1.699999954.673799429183376
      ,,1014.06104,1396.2727,1.2720.390492518495197
      ,,1001.07306,767.6002,1.0422.90694945389315
      ,,394.6346,1448.2457,1.2439.74047060816036
      ,,398.6309,1514.2113,1.0338.76135892835823
      ,,985.0879,905.5283,1.3548.54008020365297
      ,,410.6198,894.53406,1.1746.859661680054074
      ,,998.07587,1467.2357,1.1713.48397586937393
      ,,777.2803,714.6278,1.599999953.225785971497444
      ,,562.4792,1726.101,1.4259.27192228198045
      ,,589.4542,754.60693,1.2579.205298753188
      ,,707.34503,1741.0931,1.2756.271818465707156
      ,,85.92044,1748.0895,1.152.103729301813054
      ,,679.371,1156.3977,1.2231.725973057807607
      ,,86.91952,1167.392,1.561.3588088638173
      ,,648.39966,1805.0598,0.9899999549.07616970948708
      ,,769.2877,1167.392,1.6654.98215571225897
      ,,113.89455,1761.0828,1.6211.359943661640058
      ,,748.3071,1784.0708,1.1236.42702900976389
      ,,126.882515,1187.3816,1.1656.90730685011825
      ,,80.92507,1246.3508,1.0462.50423395332902
      ,,642.4052,1838.0426,0.9799999618.132576779945783
      ,,659.38947,1287.3295,1.1382.92073728688135
      ,,82.92322,1851.0359,0.9554.74385472175071
      ,,742.3127,1243.3524,1.1442.7411041685948
      ,,127.88159,1839.0421,0.927.889978076740952
      ,,128.88066,1246.3508,1.3848.94558132835181
      ,,742.3127,1868.027,0.6699999646.10678364431614
      ,,212.80296,1178.3862,1.1658.851997511559524
      ,,829.2322,1837.0432,1.079999988.11354985690626
      ,,834.2276,1231.3586,1.0699999104.15189276549576
      ,,194.81961,1766.0801,1.324.288740478355948
      ,,897.1693,1782.0718,1.069999943.07989041336435
      ,,244.77336,1181.3846,1.189999946.00125441470079
      ,,224.79185,1795.0651,1.209999942.02887382531346
      ,,893.173,1169.3909,1.1245.71019932778874
      ,,176.83626,1837.0432,1.1412.330810870069136
      ,,797.2618,1278.3342,1.439999973.92999585857923
      ,,197.81683,1226.3612,1.2533.44928083583323
      ,,804.2553,1847.038,0.9524.07406450935866
      ,,248.76965,1847.038,1.0522.731734358420717
      ,,881.1841,1257.3451,1.0556.050858615936434
      ,,872.19244,1846.0385,0.922.710602906872076
      ,,254.76411,1271.3378,1.209999968.14120659081836
      ,,340.68454,1144.4039,1.0931.470405524899974
      ,,972.0999,1781.0723,1.1247.45681510042889
      ,,963.1082,1145.4034,1.2933.12336709191477
      ,,297.72433,1764.0812,1.3114.855701412644171
      ,,441.59113,1806.0593,1.0150.03857869313408
      ,,695.35614,817.57416,1.2248.182174323768294
      ,,689.3617,1815.0546,1.3167.64060523058629
      ,,488.54764,773.59705,1.1843.46864573332201
      ,,304.71786,1203.3732,1.535.890911092264546
      ,,949.1212,1841.0411,1.1423.495408229070943
      ,,959.11194,1231.3586,1.1538.52020025354154
      ,,323.7003,1840.0416,1.2619.639410871172192
      ,,577.46533,1864.029,0.8239.5741472417765
      ,,415.61517,939.5106,1.2387.78385430649448
      ,,399.62997,1867.0276,0.8746.149284111008456
      ,,619.42645,899.5315,1.3851.83311495915499
      ,,515.52264,809.5783,1.1319.18050512233715
      ,,789.2692,1831.0463,1.1398.75321877938025
      ,,723.33026,867.54816,1.2377.05703566551013
      ,,543.49677,1828.0479,0.9576.12441698156545
      ,,1008.0666,1127.4127,1.2411.075079083032515
      ,,397.63184,1777.0743,0.927.423839531597206
      ,,390.6383,1189.3805,1.5155.0197182532651
      ,,1024.0518,1756.0853,0.9099999723.55540807611869
      ,,470.5643,1853.0348,0.9099999735.28452948088072
      ,,691.35986,911.5252,1.0563.186644253356526
      ,,485.5504,903.5294,1.459999957.5440960240808
      ,,679.371,1845.039,1.1830.847908876410397
      ,,734.32007,867.54816,1.439999912.69671490846116
      ,,540.4995,1831.0463,1.0323.65879521132524
      ,,550.4903,860.55176,1.319999933.007056605300804
