     ,,390.6383,754.60693,0.9,50.86874118603434
     ,,710.3423,1012.47266,0.57,63.2157974515378
     ,,622.4237,761.60333,0.61,54.039097688082194
     ,,385.6429,1016.4706,0.57,29.44412921375137
     ,,402.6272,875.54395,0.59999996,46.096290131099465
     ,,697.3543,1163.394,0.61,52.329729177241056
     ,,387.64108,1169.3909,0.65,36.209973978201106
     ,,697.3543,855.5544,0.62,49.41486487668226
     ,,667.3821,738.6153,0.63,31.330141976762718
     ,,402.6272,418.78186,0.59,43.234008450603476
     ,,408.62164,719.6252,0.72999996,48.94595856091759
     ,,678.3719,428.77667,0.82,30.498548193801593
     ,,686.3645,706.63196,0.63,39.06562495225144
     ,,406.6235,1311.317,0.61,51.26564523717174
     ,,386.642,748.6101,0.68,43.67671700909086
     ,,691.35986,1287.3295,0.64,43.442024424994294
     ,,660.38855,296.8454,0.74,19.335511540527985
     ,,395.63367,598.6882,0.62,45.74679661816619
     ,,387.64108,296.8454,0.56,31.375393170744914
     ,,699.3525,577.6991,0.82,51.926419953930946
     ,,675.37463,1301.3221,0.59,29.62366469156431
     ,,410.6198,1569.1827,0.5,51.3819954370932
     ,,417.6133,1282.332,0.63,58.12135096140774
     ,,646.4015,1580.177,0.64,2.700846922133666
     ,,379.64847,161.91566,0.89,30.951919361843633
     ,,728.3256,427.7772,0.77,80.34528018404282
     ,,447.58557,429.77615,0.68,87.66693580691515
     ,,689.3617,173.90942,0.71999997,54.774779579724786
     ,,687.3635,1169.3909,0.63,45.78886207728056
     ,,406.6235,1475.2316,0.64,62.23980505782184
     ,,691.35986,1442.2488,0.72999996,44.137513564509334
     ,,406.6235,1147.4023,0.95,46.644589748280794
     ,,405.62442,849.5575,0.65,46.39896124032785
     ,,707.34503,553.7116,0.74,61.53977963136388
     ,,371.65588,561.70746,0.78,14.304749962796892
     ,,724.32935,843.5606,0.61,77.68310665383697
     ,,277.74283,132.93076,0.78999996,61.95057783147494
     ,,557.4838,438.77145,0.77,54.98754080139699
     ,,234.78261,464.75793,0.84999996,43.06929134138251
     ,,543.49677,169.9115,0.84999996,50.777339691913504
     ,,834.2276,1566.1842,0.53999996,43.84955236625695
     ,,555.48566,1272.3373,0.64,54.431098812271145
     ,,574.4681,1578.178,0.72999996,70.46830336966833
     ,,845.2174,1319.3129,0.64,60.756370508927766
     ,,235.78168,857.55334,0.79999995,19.786719172260792
     ,,534.50507,1136.4081,0.78999996,31.977553935738477
     ,,251.76688,1148.4019,0.71999997,35.84743148790249
     ,,536.50323,870.5466,0.71999997,34.840733214609855
     ,,367.65958,1164.3936,0.66999996,19.924657209468773
     ,,92.91397,1469.2347,0.59999996,40.974152449865365
     ,,402.6272,1447.2462,0.65999997,44.63787831293961
     ,,105.90195,1171.3899,0.65,42.355503266709746
     ,,847.2156,262.8631,0.71999997,58.437837610729346
     ,,513.52454,592.6913,0.71999997,24.609168337605137
     ,,531.5079,297.84488,0.7,31.744972857393233
     ,,869.1952,568.7038,0.53,77.2060721011165
     ,,551.4894,718.6257,0.68,47.714128279074586
     ,,789.2692,1009.4742,0.65,7.9574194768020305
     ,,847.2156,719.6252,0.77,55.501374189853905
     ,,549.4912,995.4815,0.56,45.95585960523169
     ,,403.62628,578.6986,0.74,44.48503395949316
     ,,128.88066,282.85266,0.76,56.88705149703556
     ,,392.63644,293.84695,0.63,34.72013551566522
     ,,92.91397,591.69183,0.65,30.131873841587176
     ,,128.88066,1015.47107,0.62,58.45407860938877
     ,,414.6161,733.61786,0.65,58.0325559530832
     ,,403.62628,1026.4653,0.7,50.01804604047622
     ,,135.87419,701.6345,0.66999996,65.06010583397754
     ,,552.48846,847.55853,0.55,49.59995377637515
     ,,822.23865,1143.4044,0.58,30.349840877314573
     ,,508.52914,1149.4014,0.64,5.66413689079432
     ,,816.2442,825.57,0.62,40.49056358078445
     ,,515.52264,241.87402,0.35999998,41.74763850609113
     ,,229.78723,609.68243,0.66999996,42.009324269754316
     ,,259.7595,290.8485,0.53999996,44.6451474633894
     ,,539.5005,571.7022,0.77,35.54127439043188
     ,,543.49677,1596.1686,0.66999996,43.47518513859205
     ,,234.78261,1327.3087,0.56,41.76992507358731
     ,,559.48193,1275.3357,0.66999996,57.38716620074181
     ,,273.74652,1556.1895,0.65,61.72811873157053
     ,,261.75763,1452.2435,0.69,49.26040037032891
     ,,554.4866,1733.0973,0.62,51.6918158449019
     ,,255.76318,1720.1041,0.52,39.80835474900984
     ,,544.49585,1443.2483,0.66999996,41.53847279685193
     ,,821.2396,145.924,0.71999997,30.294311762956085
     ,,521.5171,454.76312,0.42,33.67737602478397
     ,,825.2359,426.7777,0.61,33.244998721850216
     ,,539.5005,178.90681,0.71999997,54.16319919370144
     ,,814.2461,1150.4008,0.53,22.67719885397753
     ,,552.48846,1430.255,0.61,48.63287122902905
     ,,563.4783,1152.3998,0.81,59.82158445174531
     ,,842.22015,1439.2504,0.61,50.49386293311067
     ,,398.6309,868.5476,0.71,40.0449457012803
     ,,102.90472,1157.3972,0.7,32.93930861671622
     ,,408.62164,1148.4019,0.7,48.68093142257834
     ,,74.93062,871.546,0.75,13.85940818134356
     ,,942.1277,878.5424,0.78,21.436873054320934
     ,,684.36633,1160.3956,0.64,39.11194620775137
     ,,957.1138,1122.4154,0.42999998,31.65476855443648
     ,,719.334,845.5596,0.42,72.41064574786208
     ,,428.60315,134.92972,0.77,68.67181911803246
     ,,93.91304,433.77408,0.82,23.251185423392066
     ,,101.90564,140.92659,0.61,30.048497659787206
     ,,406.6235,450.76523,0.63,52.792686199235845
     ,,415.61517,1596.1686,0.48,58.50764712574418
     ,,134.87512,1872.0249,0.53999996,63.16312550538029
     ,,96.91027,1546.1947,0.69,40.39923956365284
     ,,367.65958,1871.0255,0.55,9.161052817418415
     ,,980.0925,279.85425,0.56,44.144709663108216
     ,,656.3922,557.70953,0.68,14.882364828655783
     ,,708.3441,269.85944,0.7,61.55327493045023
     ,,971.1008,514.7319,0.65999997,65.47239252580378
     ,,963.1082,1446.2467,0.41,29.74621152078029
     ,,690.3608,1737.0952,0.62,44.970002139755074
     ,,690.3608,1445.2472,0.71,43.828471542669625
     ,,978.09436,1750.0885,0.45999998,50.60532640461426
     ,,688.3626,1256.3456,0.53,52.55245179363241
     ,,977.0953,1603.165,0.53999996,48.18818206345374
     ,,958.11285,1287.3295,0.64,22.27352811233958
     ,,656.3922,1585.1743,0.62,11.040834964237101
     ,,689.3617,131.93129,0.71,41.80453328736445
     ,,958.11285,411.78552,0.53999996,26.287443464638873
     ,,649.3987,439.77094,0.61,13.841783220374024
     ,,971.1008,139.92712,0.64,35.15369225522569
     ,,690.3608,1458.2405,0.5,48.80611006766553
     ,,973.099,1141.4055,0.62,37.38241561571343
     ,,669.3802,1140.406,0.53,22.09989160289237
     ,,981.0916,1430.255,0.56,45.24686310417926
     ,,96.91027,1300.3228,0.53,26.96443646924234
     ,,389.63922,1593.1702,0.64,33.29590620143457
     ,,374.6531,1259.3441,0.65,33.977886139973464
     ,,157.85384,1589.1722,0.45999998,86.57771156492268
     ,,686.3645,711.62933,0.7,38.43767773661769
     ,,967.10455,1023.4669,0.59999996,37.79314541270245
     ,,935.13416,720.62463,0.7,6.680977468133287
     ,,664.3848,1015.47107,0.71,21.211606580761455
     ,,680.37006,1862.0302,0.5,32.61257784158331
     ,,980.0925,1517.2097,0.68,75.097334651184
     ,,705.3469,1556.1895,0.59999996,61.35445890508157
     ,,965.1064,1880.0208,0.5,32.3073225605506
     ,,822.23865,1440.2499,0.57,30.87777152585427
     ,,543.49677,1727.1005,0.58,39.82473085816911
     ,,837.2248,1702.1134,0.63,49.40403407012448
     ,,543.49677,1426.2571,0.68,40.2485684861175
     ,,536.50323,1143.4044,0.78,32.60670663512453
     ,,245.77243,1439.2504,0.58,30.231836835661237
     ,,540.4995,1449.2451,0.53,39.55537831658012
     ,,247.77058,1133.4097,0.78999996,34.174354055663365
     ,,555.48566,1594.1697,0.58,53.96509360508576
     ,,245.77243,1832.0458,0.62,45.15846449577457
     ,,555.48566,1843.04,0.58,56.37315545562135
     ,,212.80296,1589.1722,0.71,11.620671994876686
     ,,526.5125,1577.1785,0.56,22.52749703530261
     ,,827.2341,1871.0255,0.59,35.59066526813835
     ,,525.5134,1864.029,0.53999996,21.603522999873196
     ,,828.2331,1567.1837,0.55,37.81308041892603
     ,,77.92784,1437.2513,0.7,6.760956364526239
     ,,397.63184,1726.101,0.63,37.854628310824694
     ,,398.6309,1426.2571,0.71,39.39921906344164
     ,,129.87975,1736.0957,0.5,59.57141750714949
     ,,518.5199,744.6122,0.76,33.88116212387314
     ,,243.77429,1001.4784,0.52,27.779189494135395
     ,,522.5162,989.4846,0.61,22.349126814503347
       
      ,,183.82979,511.73346,0.7811.662668962452305
      ,,815.2451,1139.4065,0.7199999722.093230138864833
      ,,237.77983,1109.4221,0.7470.29589032587069
      ,,851.21185,529.72406,0.5559.68609540351417
      ,,54.94912,751.6085,0.7299999636.396284127235496
      ,,653.395,1340.3019,0.599999963.0434642799617935
      ,,88.91767,1365.2888,0.6699999658.996721785546264
      ,,672.37744,730.61945,0.6419.183647206274117
      ,,386.642,116.939095,0.7199999717.92350325682981
      ,,626.42,1085.4347,0.6599999744.18288821680748
      ,,401.6281,1053.4513,0.7825.688949092557007
      ,,637.4098,80.95783,0.8254.53167005339808
      ,,159.85199,460.76,0.6158.38162935710878
      ,,736.31824,1095.4294,0.5931.250334815377474
      ,,789.2692,455.7626,0.3765.57723448105457
      ,,136.87326,1089.4326,0.5999999640.4929555273373
      ,,383.64478,811.5773,0.6821.480933292067018
      ,,506.531,1697.1161,0.5814.58725462719812
      ,,387.64108,1714.1072,0.5727.824793540178803
      ,,561.4801,775.596,0.7546.436821466556395
      ,,216.79926,582.6965,0.8599999544.30654221906994
      ,,817.2433,1219.3649,0.5928.012638967429776
      ,,180.83257,1221.3639,0.7118.810169710955712
      ,,831.23035,552.7121,0.7999999548.69778250972013
      ,,829.2322,995.4815,0.5399999679.50103751705983
      ,,218.79741,444.76834,0.8499999646.30319006554839
      ,,199.81499,1085.4347,0.6133.2359910401101
      ,,857.2063,453.76364,0.7164.24002085042045
      ,,868.1961,967.4961,0.7680.49684860541329
      ,,241.77614,369.80737,0.7569.59866804816879
      ,,822.23865,414.78397,0.6547.87036573401386
      ,,204.81036,1029.4637,0.6699999645.449319124008504
      ,,310.7123,110.942215,0.7569.99559856465648
      ,,939.13043,748.6101,0.5981.28456835518357
      ,,295.7262,727.62103,0.6954.570572706140105
      ,,917.1508,133.93024,0.7764.06475339514283
      ,,688.3626,1219.3649,0.6136.06820528611299
      ,,68.93617,577.6991,0.7634.921346691851625
      ,,51.951897,1242.3529,0.5941.68226403318621
      ,,691.35986,594.69025,0.6337.565295328489086
      ,,160.85106,98.94846,0.5557.372042228999604
      ,,731.3229,738.6153,0.6418.42511800690756
      ,,756.29974,106.9443,0.7832.4461503166057
      ,,127.88159,740.61426,0.6830.980911385434734
      ,,846.2165,736.61633,0.5354.840970274757915
      ,,222.79372,103.94586,0.7450.41162441407552
      ,,189.82423,730.61945,0.6119.577879755087636
      ,,780.2775,89.95315,0.5916.913600607983398
      ,,183.82979,321.83237,0.6418.26967003088489
      ,,841.22107,947.5065,0.5551.36678255479986
      ,,220.79556,959.50024,0.7157.388818750272065
      ,,835.2266,294.84644,0.7743.60302518190732
      ,,876.1887,1215.367,0.5317.47774391802407
      ,,272.74747,576.69965,0.7131.978883830706184
      ,,286.7345,1193.3784,0.6446.581641363115715
      ,,904.16284,580.6975,0.3941.756991487716185
      ,,210.80481,173.90942,0.7738.5577677610354
      ,,853.21,829.56793,0.571.35537852750777
      ,,242.7752,760.6038,0.6876.370061690593
      ,,808.25165,188.90161,0.8124.372805323665926
      ,,732.3219,1054.4508,0.5114.365416617310464
      ,,124.88437,428.77667,0.6127.147024152675915
      ,,751.3043,463.75845,0.5332.43212541910215
      ,,145.86494,1072.4414,0.6942.77953748181046
      ,,191.82239,883.5398,0.7630.84260699314782
      ,,828.2331,222.88391,0.6938.08214803599122
      ,,192.82146,242.8735,0.8499999620.786754285749645
      ,,802.2572,850.557,0.5812.516617602254492
      ,,139.87048,513.7324,0.6699999636.378582144085776
      ,,762.2942,1139.4065,0.5399999637.99554517163088
      ,,154.85661,1123.4149,0.752.75936832911617
      ,,765.2914,523.72723,0.6241.82198796429293
      ,,810.24976,534.7215,0.7199999798.65273957493125
      ,,120.88807,1216.3665,0.5221.051311241460173
      ,,127.88159,584.69543,0.5999999624.410880409385904
      ,,748.3071,1228.3602,0.5999999633.70593327855882
      ,,115.89269,370.80685,0.7813.63784211619787
      ,,760.296,1028.4644,0.7899999647.33018480621897
      ,,157.85384,1014.4716,0.4856.9418592431897
      ,,751.3043,363.81052,0.8129.656274797798645
      ,,340.68454,991.4836,0.6530.77829972044149
      ,,922.1462,1568.1832,0.5999999651.178819392976294
      ,,346.67902,1631.1504,0.5838.32693034786575
      ,,963.1082,993.48254,0.5831.8625050745763
      ,,658.3904,1065.4451,0.489999983.076878658418807
      ,,59.944496,1683.1233,0.4525.818171238582824
      ,,682.36816,1718.1051,0.5840.72555145748117
      ,,28.973173,1092.431,0.5226.513471032024377
      ,,95.911194,1066.4446,0.697.589008511366355
      ,,749.3062,1681.1244,0.525.61243115275819
      ,,756.29974,1099.4274,0.6845.775924573584454
      ,,153.85754,1667.1317,0.5954.320799995878204
      ,,205.80943,1045.4554,0.6139.40040163213234
      ,,847.2156,1723.1025,0.4564.44302841404448
      ,,844.2183,1054.4508,0.5352.12994673999383
      ,,174.83812,1703.1129,0.6215.787017414484305
      ,,243.77429,1718.1051,0.6230.689488517931643
      ,,901.1656,1043.4565,0.6445.01142784491595
      ,,255.76318,1088.4331,0.5999999626.162941763730053
      ,,935.13416,1732.0978,0.5285.23310591192582
      ,,363.66327,1100.4269,0.6563.06636467973929
      ,,1004.0703,1707.1108,0.5675.17336826113932
      ,,333.69104,1716.1062,0.6836.82579372639757
      ,,951.1193,1025.4658,0.5645.48320312232827
      ,,83.922295,321.83237,0.7724.263208573361126
      ,,709.3432,964.4976,0.6339.05838174406653
      ,,167.84459,878.5424,0.5281.46156160830546
      ,,733.321,346.81937,0.6840.29667895941891
      ,,759.29694,850.557,0.6835.92775924222417
      ,,147.8631,248.87038,0.745.55907360269442
      ,,157.85384,907.5273,0.6972.53247120677865
      ,,777.2803,244.87245,0.6699999653.16357216980506
      ,,799.25995,814.57574,0.7178.54101739612636
      ,,131.8779,184.90369,0.7832.28898759345952
      ,,739.3154,183.9042,0.7420.663448109917223
      ,,103.90379,833.56586,0.7443.06774991199475
      ,,234.78261,521.7283,0.639.867687849771894
      ,,923.14526,1129.4117,0.5660.950101535039146
      ,,253.76503,1097.4283,0.5339.99852364631254
      ,,901.1656,509.7345,0.5938.95815374039009
      ,,404.62534,482.74857,0.7140.48995030218244
      ,,614.4311,1493.2223,0.6230.692059649476608
      ,,659.38947,519.7293,0.6273.07680774270862
      ,,427.60406,1528.204,0.6367.74710859717982
      ,,695.35614,500.7392,0.7542.16481485706335
      ,,445.58743,1484.2269,0.644.730015322774497
      ,,483.55228,491.74387,0.7541.7911920358126
      ,,714.33856,1503.217,0.5563.0717078579014
      ,,546.494,1500.2186,0.5935.063904508468745
      ,,790.26825,513.7324,0.5665.77272854317108
      ,,552.48846,539.7189,0.6843.12985214967349
      ,,761.2951,1504.2166,0.5243.77618786653432
      ,,504.53284,1702.1134,0.6557.907083929688994
      ,,601.4431,762.6028,0.6599999731.647296850120625
      ,,481.5541,794.5861,0.8233.305711450125024
      ,,603.4413,1721.1035,0.4837.632477622614076
      ,,410.6198,588.69336,0.6231.550177198276003
      ,,604.4403,1560.1874,0.7199999720.88240130854896
      ,,625.4209,578.6986,0.7199999739.21593676675013
      ,,443.58926,1549.1931,0.6699999664.08999865467369
      ,,394.6346,832.56635,0.5999999630.894631764580254
      ,,554.4866,145.924,0.8943.86153775124256
      ,,427.60406,179.9063,0.6849.216786320037876
      ,,543.49677,873.545,0.8129.54815294600149
      ,,866.198,1108.4227,0.5742.08551339391999
      ,,291.7299,449.76575,0.7450.41069666829798
      ,,274.7456,1069.443,0.7999999533.37561223030221
      ,,907.16003,444.76834,0.7644.666027109301105
      ,,267.75208,1013.4721,0.7630.729133602470725
      ,,897.1693,377.80322,0.7299999634.69379700754761
      ,,277.74283,400.79126,0.6143.630355364081744
      ,,895.17114,933.5138,0.6571.84454135585459
      ,,271.74838,983.48773,0.6462.75838837320946
      ,,912.1554,329.82822,0.7999999554.44453652537679
      ,,265.75394,312.83707,0.7524.834204822308884
      ,,868.1961,943.50854,0.6599999716.053100751744715
      ,,230.78632,890.53613,0.7832.83328443157506
      ,,929.1397,213.8886,0.6871.03922934599524
      ,,258.7604,250.86934,0.7721.234928287473572
      ,,858.2054,890.53613,0.5831.331857151282108
      ,,311.71136,773.59705,0.6172.21734969429815
      ,,906.16095,191.90005,0.6549.07179424333728
      ,,295.7262,192.89952,0.6959.05944413143248
      ,,886.17944,824.5705,0.6241.49114012186354
      ,,697.3543,681.64496,0.551.00207637413629
      ,,88.91767,1202.3738,0.4189.55569334628709
      ,,662.38666,1307.3191,0.7199999734.513142778467376
      ,,88.91767,655.6585,0.5654.50925713959663
      ,,551.4894,1541.1973,0.6934.988760236966755
      ,,732.3219,589.6929,0.789999969.976660905709666
      ,,549.4912,578.6986,0.8132.34951218425364
      ,,769.2877,1596.1686,0.6564.68304347867308
      ,,591.4524,680.6455,0.7128.577890094815714
      ,,440.59204,1601.166,0.7199999763.50357855875172
      ,,647.4006,1643.1442,0.7999999565.69790522667226
      ,,415.61517,650.6611,0.9199999636.161960709771286
      ,,409.62073,221.88443,0.7999999534.399642384463796
      ,,531.5079,947.5065,0.723.610726639467657
      ,,397.63184,971.494,0.8246.66100198179664
      ,,564.47736,232.87871,0.7847.31248141608551
      ,,710.3423,1580.177,0.6566.90536914523545
      ,,492.54395,675.6481,0.749.75642996733196
      ,,685.3654,669.6512,0.5734.4398936801264
      ,,481.5541,1625.1536,0.7533.71711662536465
      ,,611.43384,227.8813,0.6827.100793747086954
      ,,400.62906,800.583,0.7623.41162476040439
      ,,484.55133,233.87819,0.8836.34638320004644
      ,,612.4329,912.5247,0.7299999630.45859579356399
      ,,564.47736,693.63873,0.6362.44411355898002
      ,,769.2877,1652.1395,0.5656.013905171071755
      ,,761.2951,652.66003,0.7299999636.795452999825734
      ,,555.48566,1597.1681,0.543.565588106772616
      ,,713.3395,1287.3295,0.5999999617.771084392845495
      ,,149.86124,622.67566,0.7755.12581574793917
      ,,755.30066,677.64703,0.6239.762468602691015
      ,,142.86772,1288.329,0.6442.06799416917563
      ,,331.69287,1006.47577,0.7823.015260483188552
      ,,987.08606,389.79697,0.6557.15434662437203
      ,,349.67624,367.8084,0.7199999740.128810458079165
      ,,945.1249,977.49084,0.6524.207511093778667
      ,,342.6827,1168.3915,0.7146.017129039562526
      ,,958.11285,532.72253,0.732.25375559780765
      ,,940.1295,1188.381,0.6553.58046990645125
      ,,347.67807,550.71313,0.751.899903887783424
      ,,926.14246,447.76678,0.859999955.817352478309426
      ,,326.6975,1093.4304,0.7831.426212622205036
      ,,355.6707,430.77563,0.7999999547.50997472280886
      ,,955.11566,1033.4617,0.6140.610721837381064
      ,,880.185,598.6882,0.7153.51551200945266
      ,,362.6642,1207.3711,0.7552.24316716142892
      ,,362.6642,579.69806,0.7899999652.30258206321597
      ,,971.1008,1225.3618,0.7144.75981598090648
      ,,980.0925,942.5091,0.7750.57161876828445
      ,,362.6642,287.85007,0.6555.742490051938105
      ,,343.68176,936.5122,0.6599999734.13538980412622
      ,,950.12024,333.8261,0.7732.24557988267416
      ,,348.67715,893.5346,0.6951.14537709287925
      ,,967.10455,236.87662,0.7135.64154291200389
      ,,374.6531,241.87402,0.6864.24177092877464
      ,,934.1351,867.54816,0.638.468555072092986
      ,,974.0981,834.5653,0.5999999661.28905328798559
      ,,325.69843,181.90526,0.7419.61842404135528
      ,,996.0777,186.90265,0.766.88147155101227
      ,,305.71692,834.5653,0.4899999844.324137890917555
      ,,55.948196,960.4997,0.6538.5227932286025
      ,,702.3497,1508.2145,0.5999999662.44506371533978
      ,,107.90009,1568.1832,0.6699999675.7405878985995
      ,,719.334,955.5023,0.6969.31019268987562
      ,,127.88159,879.5419,0.6599999731.561663079496547
      ,,785.2729,1482.228,0.6960.79745074159226
      ,,111.89639,1465.2368,0.5117.420223472800597
      ,,750.3053,892.5351,0.8499999641.91933817537735
      ,,183.82979,862.5507,0.6811.73332837124953
      ,,820.24054,1499.2191,0.7832.64141184424288
      ,,220.79556,1499.2191,0.7451.79639652033534
      ,,833.2285,880.5414,0.6444.95658687368949
      ,,275.7447,869.5471,0.6599999735.68814077826083
      ,,892.1739,1534.2009,0.6961.35413056528309
      ,,289.73172,1489.2244,0.6149.01441991980619
      ,,891.17487,875.54395,0.7532.8581208440601
      ,,927.14154,845.5596,0.8114.60588062551924
      ,,361.66513,1504.2166,0.6256.39455172688567
      ,,326.6975,875.54395,0.7522.798410115576218
      ,,985.0879,1493.2223,0.5955.07738815044693
      ,,701.3506,1482.228,0.5945.88313752690438
      ,,67.937096,868.5476,0.8134.63955203288044
      ,,69.93524,1527.2046,0.5399999658.62572018111988
      ,,679.371,903.5294,0.6850.08405955585356
      ,,139.87048,935.51276,0.6237.04039435842457
      ,,783.2748,1539.1982,0.7199999759.67077182522665
      ,,728.3256,951.5044,0.7199999723.320324948641396
      ,,174.83812,1546.1947,0.6599999771.41465037833028
      ,,181.83163,1559.1879,0.6813.451176698102788
      ,,851.21185,950.50494,0.761.764678689265686
      ,,834.2276,1607.1628,0.6470.59561412585093
      ,,235.78168,932.5143,0.4599999863.40887269833201
      ,,712.34045,502.73816,0.7658.04462181765166
      ,,74.93062,1170.3904,0.6953.40387225203074
      ,,103.90379,512.7329,0.8169.42628562581936
      ,,719.334,1155.3982,0.7566.86341047355288
      ,,62.94172,454.76312,0.6599999729.91215175056916
      ,,662.38666,1113.42,0.6347.422743260080104
      ,,53.950047,1084.4352,0.5726.457040950071413
      ,,699.3525,461.7595,0.7546.76976454546266
      ,,76.92877,1014.4716,0.6245.697226729728825
      ,,701.3506,396.79333,0.7850.140758616607314
      ,,693.35803,1001.4784,0.6599999738.06649733484056
      ,,80.92507,404.78915,0.6854.36509469212515
      ,,705.3469,328.82874,0.754.21836189727506
      ,,73.93155,937.5117,0.7140.44821549917368
      ,,69.93524,317.83444,0.6936.9114758388175
      ,,739.3154,941.5096,0.5984.81907504230843
      ,,406.6235,297.84488,0.7199999728.790725286185765
      ,,592.4514,1285.3306,0.7113.243173867458237
      ,,637.4098,281.85318,0.6957.00496558581742
      ,,456.57724,1281.3326,0.6477.47419698822772
      ,,443.58926,1257.3451,0.7716.884796604797685
      ,,665.3839,309.83862,0.7299999610.156813330799665
      ,,486.5495,311.8376,0.7538.2959405240498
      ,,743.31177,1303.3212,0.5792.73730924482648
      ,,694.35706,1307.3191,0.7145.30262755298951
      ,,522.5162,313.83655,0.828.081698054723095
      ,,563.4783,1294.3258,0.6550.474900992950836
      ,,778.27936,269.85944,0.6699999665.64321284657066
      ,,628.41815,374.80478,0.7199999741.952416247913376
      ,,412.61795,1347.2982,0.6833.463734625881266
      ,,400.62906,404.78915,0.7199999735.308828420019566
      ,,633.4135,1354.2946,0.6548.37343550482944
      ,,699.3525,1341.3014,0.7299999643.86885559518816
      ,,475.55966,345.8199,0.7540.90837006156929
      ,,691.35986,383.8001,0.7736.59537400500121
      ,,487.54858,1347.2982,0.6599999739.34227757751347
      ,,567.47455,1366.2883,0.6555.347449170465
      ,,737.3173,380.80167,0.8413.51991383679557
      ,,544.49585,389.79697,0.8730.09294295406365
      ,,731.3229,1310.3175,0.7432.897790633405016
      ,,71.933395,882.54034,0.7999999543.95584776481742
      ,,661.38763,243.87297,0.847.970762212525989
      ,,709.3432,880.5414,0.3999999857.80856346095681
      ,,75.929695,271.8584,0.6553.19024708374252
      ,,53.950047,160.91618,0.6921.259967464063983
      ,,731.3229,759.6044,0.5981.87581124613615
      ,,76.92877,811.5773,0.6247.375647997332585
      ,,708.3441,180.90578,0.6954.06100597081438
      ,,124.88437,120.93701,0.792.66609729997319
      ,,687.3635,754.60693,0.6145.94946465738177
      ,,43.959297,755.60645,0.6135.39389657832879
      ,,696.3552,101.9469,0.7440.88083775801194
      ,,922.1462,135.9292,0.5236.64317290922013
      ,,367.65958,737.6158,0.7159.388009396228504
      ,,385.6429,89.95315,0.6575.87946749010506
      ,,926.14246,720.62463,0.719999975.428585739325271
      ,,218.79741,665.65326,0.5748.12959915753884
      ,,833.6617,1273.9867,0.540.16463099295127
      ,,832.22943,680.6455,0.5999999647.87628272336558
      ,,188.82516,1304.3207,0.6134.877288337601485
      ,,897.1693,695.6377,0.7855.34276753454999
      ,,249.76874,1307.3191,0.6599999734.81526956170708
      ,,271.74838,631.67096,0.7136.72619742488399
      ,,901.1656,1286.33,0.5840.73862414284781
      ,,727.32654,66.96512,0.5333.653790290650655
      ,,547.49304,1057.4492,0.7431.32888777439241
      ,,759.29694,1070.4425,0.6235.01956741859836
      ,,602.4422,68.96408,0.6599999790.60734788190689
      ,,602.4422,1158.3966,0.7627.89996986038503
      ,,428.60315,202.89432,0.7159.38265514567009
      ,,418.6124,1145.4034,0.6540.346718710234505
      ,,612.4329,184.90369,0.6599999730.16272568605667
      ,,515.52264,166.91306,0.7199999767.07255099346446
      ,,688.3626,1148.4019,0.6335.30451814658776
      ,,671.37836,176.90785,0.8117.5213724555306
      ,,531.5079,1123.4149,0.783.88299172141043
      ,,330.69382,679.646,0.733.833346783196134
      ,,988.0851,1273.3368,0.7299999656.58531837725087
      ,,949.1212,668.65173,0.6323.90367626036282
      ,,319.70398,1273.3368,0.589.205426407637084
      ,,110.897316,729.62,0.7410.984288980010284
      ,,741.3136,1387.2775,0.5347.830100818151834
      ,,128.88066,1360.2915,0.6130.995411992556537
      ,,785.2729,702.63403,0.8599999563.63386395117288
      ,,838.2239,722.6236,0.6944.73798875809694
      ,,807.25256,1355.2941,0.7299999618.783534341886448
      ,,225.79094,1365.2888,0.757.959075708664805
      ,,211.8039,81.95731,0.7999999543.458339915186286
      ,,901.1656,680.6455,0.7556.250486723098746
      ,,302.7197,1364.2894,0.6564.98176965412415
      ,,300.72156,719.6252,0.7899999659.25122635856475
      ,,921.1471,1359.292,0.7299999661.00371071903295
      ,,615.4302,706.63196,0.7199999732.52712319611857
      ,,410.6198,1689.1202,0.4831.16196198728943
      ,,411.61887,735.6168,0.6835.08427274863184
      ,,619.42645,1698.1155,0.6599999734.595370605816306
      ,,394.6346,319.8334,0.8419.523559597455222
      ,,556.48474,1054.4508,0.4169.01597143465838
      ,,546.494,342.82144,0.6345.697454548492225
      ,,397.63184,989.4846,0.7899999619.824474893052063
      ,,466.568,752.608,0.5835.97441102536594
      ,,721.3321,1660.1353,0.5399999671.29301300560059
      ,,675.37463,788.58923,0.6869.97118196971783
      ,,478.5569,1681.1244,0.6130.725636350920563
      ,,630.41626,285.8511,0.7199999748.96235837803657
      ,,485.5504,1019.469,0.7443.074005596387295
      ,,630.41626,971.494,0.7451.03870044129054
      ,,487.54858,290.8485,0.7142.45072444243835
      ,,324.69934,762.6028,0.7543.486320455684535
      ,,983.0897,1393.2743,0.772.38458475597919
      ,,969.10266,788.58923,0.3999999876.90855194488549
      ,,351.67438,1341.3014,0.6699999641.19181981632019
      ,,97.90935,1408.2665,0.5999999663.49173969568658
      ,,65.93895,786.5903,0.7199999731.681122642509077
      ,,715.33765,1343.3003,0.7299999690.72895886064916
      ,,678.3719,740.61426,0.7854.879053362907754
      ,,152.85846,1433.2534,0.6599999753.939491236356545
      ,,792.2664,799.58356,0.7768.3724979842595
      ,,141.86864,795.58563,0.6838.70421124237747
      ,,779.27844,1406.2676,0.6699999655.02777470119146
      ,,189.82423,822.57153,0.6699999636.45150649822902
      ,,816.2442,1416.2623,0.6823.237437200118332
      ,,884.18134,763.6023,0.7194.58642152721251
      ,,197.81683,1396.2727,0.7899999629.543401444429087
      ,,264.75485,814.57574,0.5933.472819341892034
      ,,928.1406,1431.2545,0.7999999568.54876057633743
      ,,895.17114,767.6002,0.6439.89741212073647
      ,,288.73267,1441.2493,0.6555.82063830142447
      ,,365.66144,1409.266,0.8255.20665753516152
      ,,963.1082,776.5955,0.6699999634.531345760096166
      ,,339.6855,837.5637,0.6155.378573384744
      ,,965.1064,1416.2623,0.6133.942139630083524
      ,,414.6161,68.96408,0.6447.198028522936504
      ,,1010.06476,760.6038,0.4299999840.256594522785655
      ,,999.07495,109.94273,0.689.549658900325817
      ,,391.6374,731.61896,0.5915.802200499075932
      ,,422.6087,822.57153,0.6353.730285400478536
      ,,1018.0574,183.9042,0.7299999622.7099643168614
      ,,1028.0481,751.6085,0.6847.659676393779414
      ,,400.62906,200.89536,0.7199999737.8431692258253
      ,,425.60593,219.88547,0.8749.72179882895401
      ,,1049.0287,880.5414,0.4752.89398042552465
      ,,1052.0259,242.8735,0.5751.711156822159985
      ,,396.63275,885.53876,0.6431.169665634165234
      ,,454.5791,923.519,0.6699999675.24414948957863
      ,,1044.0333,310.8381,0.5643.66111934583971
      ,,416.61426,305.8407,0.5737.151331272192614
      ,,1027.0491,912.5247,0.5930.984880725623583
      ,,248.76965,952.5039,0.6225.08057763801144
      ,,900.1665,1570.1821,0.6699999642.971106253089275
      ,,262.7567,1560.1874,0.6423.792182149677924
      ,,867.197,949.50543,0.6521.524176865719333
      ,,367.65958,1517.2097,0.6365.64967300296587
      ,,921.1471,902.5299,0.727.95761732089701
      ,,353.67252,944.50806,0.7546.04480430928833
      ,,938.13135,1456.2415,0.6893.49401570519596
      ,,756.29974,1646.1426,0.6342.13473414834257
      ,,115.89269,974.49243,0.6426.13287260988872
      ,,800.25903,1039.4586,0.6586.60229067472633
      ,,113.89455,1622.155,0.5511.018431661738138
      ,,707.34503,116.939095,0.6954.388888068723276
      ,,478.5569,1110.4216,0.7753.22148043000366
      ,,724.32935,1119.417,0.6286.81985309877129
      ,,466.568,115.93961,0.7899999623.76623733652172
      ,,838.2239,992.48303,0.6245.00439017871452
      ,,211.8039,1640.1458,0.5844.87019795540387
      ,,864.1998,1616.1582,0.6699999670.7386022451243
      ,,184.82886,1002.47784,0.5613.295851179578994
      ,,287.73358,985.4867,0.7199999747.76885570398915
      ,,900.1665,1605.164,0.7199999739.95767762749069
      ,,869.1952,998.4799,0.536.766521779031956
      ,,268.75116,1597.1681,0.5834.60745660258151
      ,,444.58835,77.9594,0.8468.88085298772663
      ,,617.4283,1047.4545,0.6536.322046058683654
      ,,432.59946,1066.4446,0.753.09948570799755
      ,,620.42554,95.95003,0.7134.229290355211425
      ,,47.955597,1026.4653,0.5931.938120612476403
      ,,692.35895,1600.1665,0.5941.1667233156191
      ,,689.3617,1019.469,0.5999999640.36398204899112
      ,,76.92877,1648.1416,0.5951.75736888886126
      ,,454.5791,1151.4003,0.7876.74431595592846
      ,,1001.07306,427.7772,0.7686.72470218712094
      ,,390.6383,556.71,0.6443.654871526534244
      ,,1012.0629,1075.4398,0.6461.16311460266134
      ,,993.0805,592.6913,0.7511.812222712941981
      ,,413.61703,1253.3472,0.759.582026566418214
      ,,1004.0703,1197.3763,0.537.968288626123703
      ,,388.64014,665.65326,0.6282.66014825251591
      ,,1014.06104,639.6668,0.6118.670631045738226
      ,,422.6087,1261.343,0.6244.79009431585856
      ,,1031.0453,1257.3451,0.6134.554242167232616
      ,,401.6281,666.6528,0.6426.266981224461627
      ,,413.61703,713.6283,0.6335.01336597153501
      ,,1007.0675,1253.3472,0.5289.394404632382
      ,,971.1008,765.60126,0.8353.00218947998505
      ,,465.5689,1305.3201,0.793.7560897229144
      ,,599.44495,1168.3915,0.7188.2996242659182
      ,,770.2868,173.90942,0.8145.99863538490715
      ,,747.30804,1137.4076,0.6522.88767793101908
      ,,573.469,172.90994,0.5399999656.07277426552415
      ,,421.60962,235.87714,0.6942.19122466250548
      ,,598.44586,1243.3524,0.4599999840.64743436763867
      ,,443.58926,1201.3743,0.5564.1654420421917
      ,,648.39966,238.87558,0.6261.90079761905654
      ,,697.3543,222.88391,0.6844.67264733863554
      ,,499.53748,1209.3701,0.5951.26930812489232
      ,,458.5754,260.86414,0.6224.528930525269264
      ,,710.3423,1191.3795,0.6856.38992220040841
      ,,394.6346,1089.4326,0.7827.4765616999555
      ,,1027.0491,1697.1161,0.7199999728.236897904462275
      ,,1046.0315,1062.4467,0.5345.71155829929801
      ,,400.62906,1707.1108,0.5999999628.827455086293284
      ,,409.62073,441.7699,0.730.350813703002405
      ,,631.41534,1421.2598,0.745.96347651231613
      ,,419.61148,1434.2529,0.5546.115362888574516
      ,,610.4348,470.7548,0.6934.79482467953899
      ,,699.3525,424.77875,0.6248.50165081602018
      ,,485.5504,1419.2607,0.6699999637.85448948100649
      ,,672.37744,1408.2665,0.8717.184402325825765
      ,,491.54486,434.77356,0.7899999644.36120567582839
      ,,541.4986,484.74753,0.7999999546.00327248411876
      ,,784.2738,1377.2826,0.768.87480357418158
      ,,572.4699,1401.2701,0.7555.91369216709559
      ,,781.2766,421.7803,0.761.53216698905098
      ,,770.2868,1206.3717,0.7445.82504462650748
      ,,545.49493,246.87141,0.6929.21980338241344
      ,,751.3043,242.8735,0.7199999727.15877726613946
      ,,524.51434,1204.3727,0.789999967.01549867126513
      ,,409.62073,1576.1791,0.7299999640.23718907894435
      ,,1026.0499,948.506,0.7732.45054777534227
      ,,421.60962,947.5065,0.746.20028047139139
      ,,1058.0204,1583.1754,0.3999999866.65304459650109
      ,,1041.0361,1017.47003,0.5999999645.188275371169006
      ,,423.6078,1579.1775,0.6359.09108853373446
      ,,1037.0398,1659.1359,0.5854.648239467635605
      ,,427.60406,950.50494,0.6367.24980569971167
      ,,650.39777,594.69025,0.7299999612.298553134472494
      ,,470.5643,1523.2067,0.6834.32452216069356
      ,,754.3016,1552.1915,0.4899999898.83822888583204
      ,,476.55875,589.6929,0.7728.73403728051272
      ,,465.5689,177.90733,0.7299999619.02710956444862
      ,,619.42645,838.56323,0.6339.019219877625815
      ,,593.4505,179.9063,0.7812.51401010159555
      ,,466.568,823.57104,0.7640.21619313140583
      ,,402.6272,1014.4716,0.5399999628.686287543767577
      ,,1037.0398,366.80893,0.6599999737.80308798850259
      ,,386.642,378.8027,0.729999967.504037889287053
      ,,1059.0194,1001.4784,0.4258.65448717716039
      ,,441.59113,441.7699,0.762.20306688060815
      ,,1026.0499,1051.4524,0.6229.651800054169573
      ,,1018.0574,452.76416,0.5819.00077290751044
      ,,401.6281,1107.4232,0.7446.522716265395964
      ,,410.6198,764.60175,0.6140.48656913506715
      ,,1037.0398,1404.2686,0.5537.24849546277487
      ,,1008.0666,753.6075,0.7137.66047120919634
      ,,406.6235,1400.2706,0.7529.356145133733726
      ,,394.6346,1486.2258,0.6699999616.181521617777545
      ,,1057.0212,854.5549,0.4899999856.73715627664633
      ,,401.6281,855.5544,0.5622.477127810772103
      ,,1029.0472,1468.2352,0.3931.07039710664728
      ,,768.28864,769.5991,0.7565.04590707639387
      ,,516.5217,1708.1104,0.4299999820.633555355948413
      ,,586.457,724.62256,0.7869.02763296957423
      ,,737.3173,1706.1113,0.4822.597904153270196
      ,,78.92692,1762.0822,0.5944.77623790937248
      ,,698.3534,1128.4122,0.7743.4355822136385
      ,,73.93155,1137.4076,0.5539.477664222035266
      ,,675.37463,1778.0739,0.5929.333124307283708
      ,,765.2914,1139.4065,0.7640.97801274532465
      ,,109.89824,1775.0754,0.6519.646486070411058
      ,,770.2868,1784.0708,0.5999999653.44698770274122
      ,,157.85384,1145.4034,0.8155.248689264274255
      ,,123.88529,1215.367,0.7899999690.04343892486433
      ,,675.37463,1778.0739,0.5651.42217937073392
      ,,720.333,1199.3752,0.8765.03523679232578
      ,,76.92877,1826.0488,0.5142.432321447434994
      ,,780.2775,1232.3582,0.6462.34748802430642
      ,,102.90472,1852.0354,0.6126.542076715020553
      ,,164.84737,1197.3763,0.5999999661.75958102414407
      ,,762.2942,1882.0198,0.567.9918066139252
      ,,210.80481,1137.4076,0.7538.35227954642559
      ,,858.2054,1787.0692,0.5771.56300346239577
      ,,838.2239,1136.4081,0.5344.73309491774684
      ,,183.82979,1760.0833,0.5999999611.882920322794687
      ,,909.1582,1760.0833,0.4746.79559395299235
      ,,307.7151,1155.3982,0.7999999569.14026296833322
      ,,269.75024,1768.0791,0.5330.53116255565135
      ,,897.1693,1151.4003,0.5838.14157445125123
      ,,185.82794,1847.038,0.6125.328204095203347
      ,,783.2748,1216.3665,0.6815.664222756895457
      ,,220.79556,1205.3722,0.7448.303437769229845
      ,,858.2054,1814.0552,0.5865.70974531604203
      ,,284.73636,1821.0515,0.5543.46460329142732
      ,,921.1471,1182.3842,0.6262.67848361148997
      ,,895.17114,1830.0468,0.3732.98600490456209
      ,,281.73914,1218.3654,0.7199999742.5609698507184
      ,,332.69196,1147.4023,0.6525.182308841814194
      ,,957.1138,1769.0786,0.5628.53570923736135
      ,,974.0981,1128.4122,0.4543.18371429862179
      ,,308.71414,1770.078,0.6413.694942603233903
      ,,452.58093,1780.0729,0.7199999723.923513388138087
      ,,682.36816,787.5898,0.8127.0253141468557
      ,,616.42926,1782.0718,0.4846.69516571150932
      ,,498.5384,767.6002,0.8455.0294514035659
      ,,337.68732,1226.3612,0.7834.88642329172152
      ,,925.1434,1798.0635,0.3299999828.163265847209814
      ,,932.1369,1168.3915,0.5399999636.11413708281862
      ,,339.6855,1819.0525,0.6129.889178073101135
      ,,595.44867,1814.0552,0.6214.527996628228601
      ,,431.60037,886.53827,0.5658.69852458234871
      ,,432.59946,1840.0416,0.5855.054620125184165
      ,,599.44495,880.5414,0.7524.704481050862686
      ,,588.45514,797.5846,0.6599999771.30794665166552
      ,,747.30804,1791.0671,0.4741.41369298728891
      ,,716.33673,856.55383,0.5566.55635068490363
      ,,524.51434,1742.0927,0.6599999716.024128869321522
      ,,1036.0406,1094.4299,0.5854.312873941792446
      ,,387.64108,1739.0942,0.4819.215560610475517
      ,,429.60223,1128.4122,0.6550.60108994403466
      ,,1042.0352,1794.0656,0.3756.003034592607605
      ,,494.54208,1857.0327,0.4855.80488850056065
      ,,652.39594,849.5575,0.710.415787176455641
      ,,502.5347,844.5601,0.7656.06200733126654
      ,,693.35803,1847.038,0.5243.55587780784264
      ,,762.2942,855.5544,0.7199999737.999587567000546
      ,,519.519,1840.0416,0.5614.68111624129498
      ,,543.49677,880.5414,0.8233.44505265565351
