       
     ,,380.64755,662.65485,0.44,55.34118035843772
     ,,655.3932,994.482,0.52,10.544175672368656
     ,,626.42,711.62933,0.53999996,21.709841023616256
     ,,355.6707,993.48254,0.56,9.554581498911375
     ,,390.6383,832.56635,0.55,39.81929896036626
     ,,704.34784,1125.4138,0.48,59.99058154886081
     ,,332.69196,1143.4044,0.59,27.431119769316442
     ,,657.3913,858.5528,0.57,9.407551785065362
     ,,647.4006,707.6314,0.69,6.396738786952302
     ,,349.67624,409.78656,0.63,19.22122981592016
     ,,380.64755,678.64655,0.59999996,40.94127715732776
     ,,666.383,412.785,0.62,22.640023313617547
     ,,682.36816,698.6361,0.64,37.64598074391846
     ,,378.6494,1271.3378,0.62,26.38331911251849
     ,,348.67715,690.64026,0.58,25.95928232309235
     ,,657.3913,1291.3274,0.66999996,9.484641209853855
     ,,681.3691,254.86725,0.57,43.00792571987525
     ,,374.6531,576.69965,0.53999996,16.11206976541099
     ,,342.6827,235.87714,0.62,49.266694012063496
     ,,655.3932,562.7069,0.59,10.38500888604834
     ,,659.38947,1266.3405,0.59999996,26.258218383390226
     ,,376.65125,1559.1879,0.62,25.122904721593155
     ,,344.68085,1251.3483,0.59999996,41.576831747922064
     ,,681.3691,1556.1895,0.57,39.86471406720358
     ,,359.667,117.93857,0.57,20.064195560008802
     ,,665.3839,418.78186,0.65,18.822909080635434
     ,,356.66974,425.77823,0.65,3.3376372400484637
     ,,682.36816,97.94898,0.62,52.77551254831463
     ,,671.37836,1120.4164,0.53999996,34.656443719445015
     ,,390.6383,1409.266,0.56,39.37609636241187
     ,,665.3839,1428.2561,0.57,18.308268981439447
     ,,381.64664,1115.4191,0.64,37.46692316617612
     ,,384.64386,846.5591,0.58,27.17010182035966
     ,,673.3765,556.71,0.64,28.64596972787059
     ,,366.6605,552.7121,0.71,18.526568415583856
     ,,669.3802,851.55646,0.58,22.33006220573179
     ,,227.7891,126.93388,0.55,16.169157209724062
     ,,542.4977,426.7777,0.71,38.50553530721879
     ,,230.78632,386.79852,0.65999997,41.89738585388001
     ,,508.52914,91.9521,0.62,46.270098306620305
     ,,821.2396,1601.166,0.59999996,37.304421895664426
     ,,510.52728,1246.3508,0.71,44.134515455686326
     ,,499.53748,1569.1827,0.65999997,9.882216914327712
     ,,790.26825,1313.3159,0.72999996,23.380140942242875
     ,,221.79463,810.5778,0.64,47.77489855722381
     ,,487.54858,1149.4014,0.77,16.799356763381283
     ,,211.8039,1144.4039,0.63,4.489403359885712
     ,,501.5356,843.5606,0.56,14.648182215341695
     ,,430.6013,1101.4263,0.62,83.49466625372561
     ,,72.93247,1395.2733,0.55,38.7379091106676
     ,,373.65402,1449.2451,0.68,20.465725512607428
     ,,101.90564,1124.4143,0.55,36.88210190034135
     ,,843.21924,278.85477,0.59,51.31571749187917
     ,,521.5171,556.71,0.65999997,21.987995646745272
     ,,507.53006,257.8657,0.69,24.39110776982016
     ,,826.235,543.7168,0.69,43.16064166033342
     ,,528.5106,690.64026,0.62,33.85923814811917
     ,,796.2627,972.49347,0.59999996,29.812848386550794
     ,,839.22296,702.63403,0.58,48.57152753464203
     ,,537.5023,971.494,0.64,45.310267101716384
     ,,379.64847,550.71313,0.61,27.532625483355805
     ,,68.93617,269.85944,0.63,12.52119532728323
     ,,364.66235,266.861,0.66999996,15.840678345939079
     ,,86.91952,551.71265,0.65,23.601256355291614
     ,,98.90842,951.5044,0.5,57.21773382040069
     ,,355.6707,704.633,0.68,10.31909595376332
     ,,373.65402,977.49084,0.65,28.055855269698192
     ,,85.92044,694.6382,0.57,23.846563758808102
     ,,506.531,866.54865,0.64,8.915454129215574
     ,,808.25165,1126.4133,0.52,25.451005868016864
     ,,522.5162,1128.4122,0.78,25.537782089461036
     ,,817.2433,835.5648,0.72999996,33.772190130522596
     ,,509.52823,262.8631,0.58,19.919395719904333
     ,,244.77336,554.71106,0.53999996,32.58309399913743
     ,,218.79741,262.8631,0.56,19.340282057443783
     ,,540.4995,557.70953,0.53999996,38.51324340781813
     ,,534.50507,1575.1796,0.53999996,30.635174192829922
     ,,231.78539,1265.341,0.58,29.27878935899092
     ,,504.53284,1296.3248,0.62,6.347233912576371
     ,,233.78354,1556.1895,0.63,28.141680971304236
     ,,221.79463,1428.2561,0.59999996,8.15905057907971
     ,,531.5079,1705.1119,0.57,32.27831669163619
     ,,209.80574,1721.1035,0.66999996,6.258796750685341
     ,,539.5005,1415.2628,0.66999996,40.141832053818895
     ,,817.2433,143.92503,0.52,25.929317723010023
     ,,539.5005,389.79697,0.58,50.704480068244486
     ,,841.22107,394.79437,0.59999996,58.279540583167034
     ,,528.5106,113.94065,0.58,34.345636924110444
     ,,822.23865,1137.4076,0.48,31.435732251912718
     ,,555.48566,1398.2717,0.45999998,62.66803198627933
     ,,523.51526,1131.4106,0.63,24.365849433123127
     ,,800.25903,1445.2472,0.62,13.953887126758504
     ,,354.6716,845.5596,0.64,13.533518896693888
     ,,85.92044,1136.4081,0.55,16.90513465214085
     ,,358.6679,1126.4133,0.63,19.63191555820918
     ,,74.93062,823.57104,0.56,34.55345816717286
     ,,986.087,821.5721,0.53,61.93301418788753
     ,,662.38666,1157.3972,0.65999997,18.354085946160403
     ,,938.13135,1145.4034,0.63,2.21326090247553
     ,,644.4033,841.56165,0.77,16.82722803034701
     ,,396.63275,135.9292,0.64,36.69123459030287
     ,,76.92877,399.79178,0.72999996,26.667652014624394
     ,,91.914894,117.93857,0.66999996,28.26772110448206
     ,,393.63553,412.785,0.58,36.13841321946226
     ,,379.64847,1556.1895,0.65999997,29.355787341244362
     ,,84.92137,1809.0577,0.62,58.38992120937963
     ,,69.93524,1589.1722,0.59,11.361434791258333
     ,,355.6707,1860.0311,0.53,7.373628941543194
     ,,917.1508,285.8511,0.63,19.238572572279047
     ,,681.3691,515.7314,0.59,63.706970773429966
     ,,685.3654,211.88963,0.74,79.44581775842848
     ,,975.09717,565.7053,0.58,39.33233784074864
     ,,966.10547,1408.2665,0.55,39.60496593084298
     ,,650.39777,1698.1155,0.63,24.00457558199209
     ,,692.35895,1414.2634,0.55,48.551503896687095
     ,,938.13135,1712.1083,0.59999996,10.11873703876841
     ,,685.3654,1244.3519,0.71999997,58.99085383261588
     ,,957.1138,1557.189,0.64,29.646086556127678
     ,,981.0916,1274.3363,0.55,47.73473592444574
     ,,658.3904,1567.1837,0.64,14.99840051000854
     ,,673.3765,105.94482,0.57,40.88401703811477
     ,,953.1175,434.77356,0.64,19.234965636549674
     ,,659.38947,418.78186,0.62,13.484118826749011
     ,,983.0897,109.94273,0.63,54.81470675349664
     ,,674.3756,1421.2598,0.59,29.29140476910219
     ,,946.12396,1170.3904,0.59,26.40805356684654
     ,,638.4089,1125.4138,0.65999997,22.710802774731764
     ,,978.09436,1400.2706,0.47,53.94075993077423
     ,,68.93617,1264.3414,0.56,25.84084401498196
     ,,376.65125,1577.1785,0.48999998,16.671499055468807
     ,,379.64847,1268.3394,0.7,29.24458611344946
     ,,79.925995,1564.1853,0.42,15.926934898731526
     ,,651.39685,696.63715,0.65,17.69201212593263
     ,,940.1295,995.4815,0.57,7.716454293146954
     ,,964.1073,694.6382,0.65999997,34.130634873379044
     ,,656.3922,1014.4716,0.57,15.03231494547733
     ,,662.38666,1840.0416,0.51,29.67849561795119
     ,,935.13416,1597.1681,0.69,19.187636456485837
     ,,681.3691,1591.1713,0.65,35.874471217183206
     ,,943.1267,1857.0327,0.58,11.454352186897037
     ,,839.22296,1429.2556,0.76,47.460691868377964
     ,,504.53284,1705.1119,0.71999997,16.896465227863423
     ,,787.27106,1709.1097,0.64,13.730319454662059
     ,,505.53192,1411.2649,0.77,22.78666040953088
     ,,530.5088,1132.4102,0.59999996,29.78925562530111
     ,,215.80019,1425.2577,0.62,8.744592740370555
     ,,488.54764,1416.2623,0.71999997,23.524465183113197
     ,,240.77705,1154.3987,0.63,26.161808996022017
     ,,515.52264,1545.1952,0.64,34.76962548957682
     ,,202.81221,1823.0504,0.56,44.928661800809394
     ,,496.54025,1825.0494,0.59,41.6244677933584
     ,,238.77892,1583.1754,0.62,23.359450076300124
     ,,506.531,1592.1707,0.82,14.394909998389448
     ,,797.2618,1829.0474,0.62,37.32537591204394
     ,,528.5106,1821.0515,0.48999998,51.19704016560642
     ,,839.22296,1533.2014,0.66999996,65.09163704214178
     ,,88.91767,1400.2706,0.53,37.73430809562814
     ,,389.63922,1700.1145,0.71,36.84370309283358
     ,,386.642,1383.2795,0.72999996,57.29189325309599
     ,,80.92507,1685.1223,0.59999996,37.94233251179275
     ,,513.52454,717.6262,0.65,10.191480026621416
     ,,221.79463,980.4893,0.61,22.277503521861735
     ,,526.5125,956.5018,0.68,50.76319668054167
       
      ,,182.83072,511.73346,0.7299999610.694741765247691
      ,,795.2637,1129.4117,0.599999966.338565277963595
      ,,197.81683,1129.4117,0.6326.038604601039477
      ,,800.25903,493.74283,0.5621.829903892456773
      ,,31.970398,705.63245,0.5116.067922930634285
      ,,684.36633,1327.3087,0.5932.61963053662547
      ,,71.933395,1279.3336,0.4873.42513795934441
      ,,657.3913,713.6283,0.578.09572278953345
      ,,378.6494,85.95523,0.5114.569619420297597
      ,,587.45605,1067.444,0.669999961.343547323378378
      ,,353.67252,1055.4503,0.6128.091892468653093
      ,,574.4681,73.96148,0.5929.138637909099188
      ,,115.89269,454.76312,0.6415.472047975910845
      ,,762.2942,1051.4524,0.5840.67961707712565
      ,,761.2951,410.78604,0.6450.58595340549005
      ,,99.90749,1046.455,0.5620.364427049784585
      ,,367.65958,759.6044,0.6699999633.08678854926706
      ,,519.519,1702.1134,0.5714.752214906592785
      ,,390.6383,1670.1301,0.5520.63430015122009
      ,,506.531,778.5945,0.5916.188272954830882
      ,,183.82979,549.7137,0.5935.63536507666368
      ,,826.235,1205.3722,0.7199999732.74660265614813
      ,,182.83072,1158.3966,0.5647.246657576957745
      ,,842.22015,532.72253,0.5970.37047976435883
      ,,784.2738,1084.4352,0.5620.16912004567557
      ,,156.85477,419.78134,0.5930.10353322750367
      ,,193.82054,1028.4644,0.5643.603620718034264
      ,,800.25903,421.7803,0.6124.663911090993427
      ,,793.2655,998.4799,0.611.007586707097628
      ,,174.83812,371.80634,0.645.243785821666182
      ,,816.2442,383.8001,0.6423.887032322451244
      ,,196.81776,977.49084,0.4431.491585454569698
      ,,241.77614,72.962,0.5927.539386472754686
      ,,878.1869,725.6221,0.7116.219431879799288
      ,,228.78816,687.64185,0.6536.16580473105843
      ,,863.20074,98.94846,0.691.702441990829471
      ,,677.3728,1193.3784,0.5924.537911205616204
      ,,42.96022,557.70953,0.5627.14265058102918
      ,,53.950047,1162.3945,0.5399999646.38075903905003
      ,,689.3617,527.72516,0.6265.2491169771613
      ,,120.88807,73.96148,0.5999999631.72755956270638
      ,,750.3053,717.6262,0.6126.094435484385432
      ,,704.34784,70.963036,0.6535.75670350556399
      ,,94.91212,705.63245,0.5918.042477521551636
      ,,809.2507,701.6345,0.5725.351940473801196
      ,,157.85384,71.96252,0.6232.07644098766726
      ,,184.82886,694.6382,0.5329.556013025643427
      ,,787.27106,78.95887,0.5722.4236485391683
      ,,151.85939,296.8454,0.6523.228330016371903
      ,,845.2174,914.5237,0.4899999853.57263933315869
      ,,176.83626,887.5377,0.6141.19115849396289
      ,,830.23126,251.8688,0.6266.66344941611959
      ,,859.20447,1221.3639,0.4899999817.182880218565288
      ,,226.79001,569.70325,0.5620.167653309478325
      ,,246.77151,1186.3821,0.6218.86923134518595
      ,,909.1582,577.6991,0.4599999847.01742653724651
      ,,214.80112,153.91983,0.4245.079110260105615
      ,,822.23865,775.596,0.5532.373427783514536
      ,,153.85754,777.595,0.5999999622.673353278775433
      ,,782.2757,119.93753,0.6250.81754997983078
      ,,751.3043,1064.4456,0.5626.882938404946906
      ,,119.88899,421.7803,0.6128.83093909997795
      ,,760.296,405.78864,0.5399999653.463516290953315
      ,,119.88899,1028.4644,0.6241.41629297547962
      ,,146.86401,879.5419,0.5632.54044180416156
      ,,784.2738,182.90474,0.6556.35561818827883
      ,,168.84366,205.89276,0.6332.81159633000921
      ,,808.25165,866.54865,0.6316.349144131392702
      ,,110.897316,477.75116,0.6337.48596469936919
      ,,739.3154,1135.4086,0.6114.815711808468308
      ,,96.91027,1105.4242,0.5930.789261418706175
      ,,793.2655,480.7496,0.5999999676.60145998938309
      ,,724.32935,580.6975,0.652.807681321448206
      ,,98.90842,1184.383,0.5320.634292982409608
      ,,123.88529,533.722,0.5853.79043523756416
      ,,734.32007,1214.3674,0.5713.921205039981466
      ,,107.90009,351.81674,0.5925.072376181590265
      ,,753.3025,980.4893,0.6133.4506609346956
      ,,91.914894,988.48517,0.5514.67930060900545
      ,,747.30804,341.82196,0.5999999641.506304556902386
      ,,325.69843,984.48724,0.5720.008097339562806
      ,,941.1286,1619.1566,0.539999969.650963863517072
      ,,312.71045,1607.1628,0.5511.550638158619504
      ,,936.13324,1008.47473,0.5911.912667242960909
      ,,708.3441,1072.4414,0.5853.17707143443128
      ,,50.95282,1657.1368,0.5134.5342831913339
      ,,681.3691,1661.1348,0.5136.936903801947885
      ,,35.966698,1022.46747,0.5744.05695238444233
      ,,116.89177,1068.4435,0.5513.532058529171193
      ,,727.32654,1665.1327,0.6122.54519582894432
      ,,779.27844,1048.4539,0.6457.674439848490294
      ,,122.886215,1672.129,0.5399999624.740495357706077
      ,,175.83719,1037.4596,0.5929.23152351491596
      ,,800.25903,1671.1296,0.5217.710823240445848
      ,,824.2368,1060.4476,0.6331.327033743795095
      ,,161.85014,1692.1187,0.5811.608246826211708
      ,,245.77243,1687.1212,0.564.289188635144804
      ,,913.1545,1029.4637,0.4162.74998420586544
      ,,243.77429,1025.4658,0.6241.09715691738013
      ,,885.1804,1676.127,0.5725.372182465320787
      ,,351.67438,1057.4492,0.5999999642.15739554245181
      ,,939.13043,1680.1249,0.5399999610.612064833285523
      ,,322.7012,1659.1359,0.6330.877071367373762
      ,,978.09436,1030.4633,0.5958.90400049609419
      ,,109.89824,275.85632,0.7199999732.28404780678944
      ,,764.2923,929.51587,0.5399999639.80526246061787
      ,,103.90379,889.5367,0.5338.96541015543468
      ,,726.32745,301.84277,0.585.945065103777272
      ,,733.321,884.5393,0.6599999726.547629532088152
      ,,113.89455,174.90889,0.5964.43505177574396
      ,,113.89455,831.5669,0.5999999629.80444561221849
      ,,736.31824,176.90785,0.6862.715734923153164
      ,,737.3173,817.57416,0.7299999629.95486193445404
      ,,129.87975,128.93285,0.7299999648.38992611900821
      ,,753.3025,170.91098,0.5928.837030167746228
      ,,118.889915,773.59705,0.5922.859557200865748
      ,,232.78445,470.7548,0.6599999744.604977567294114
      ,,889.1767,1128.4122,0.5327.60222117937539
      ,,267.75208,1098.4279,0.5345.42593179891525
      ,,882.18317,506.73605,0.5521.15906211038036
      ,,415.61517,491.74387,0.6542.686618295480685
      ,,608.43665,1464.2373,0.6127.307355693340938
      ,,619.42645,499.73972,0.5936.083476544124544
      ,,393.63553,1449.2451,0.5834.302782211062386
      ,,653.395,489.7449,0.6824.844430810687626
      ,,484.55133,1464.2373,0.5539.549635831894925
      ,,470.5643,488.74542,0.733.913590600785085
      ,,653.395,1470.2343,0.5310.479337082346795
      ,,539.5005,1493.2223,0.5725.414132848701477
      ,,734.32007,507.73553,0.5999999611.924417545987337
      ,,523.51526,495.7418,0.5519.69907997242923
      ,,761.2951,1456.2415,0.4544.07217662256249
      ,,455.5782,1656.1373,0.5399999632.15148275635168
      ,,620.42554,769.5991,0.5639.84706773670186
      ,,475.55966,775.596,0.2530.892624829094743
      ,,613.432,1667.1317,0.5333.76684871585008
      ,,423.6078,528.7246,0.7199999770.32666910891848
      ,,540.4995,1535.2004,0.7148.17180040176164
      ,,605.4394,565.7053,0.5925.987518704237566
      ,,426.605,1543.1962,0.5399999647.524944719720395
      ,,423.6078,845.5596,0.5746.25832411259731
      ,,529.5097,127.933365,0.6699999643.26682517262495
      ,,398.6309,143.92503,0.5731.9385324649011
      ,,531.5079,860.55176,0.5999999614.047302782850721
      ,,856.2072,1018.46954,0.5248.44093214311661
      ,,266.75302,418.78186,0.6836.76376025426583
      ,,278.7419,1053.4513,0.4739.461738454072616
      ,,855.2081,472.75375,0.5928.212381297594717
      ,,229.78723,982.4883,0.5619.040500178429607
      ,,890.1758,368.8079,0.5399999628.724856756044094
      ,,263.7558,355.81467,0.5930.38426519579089
      ,,891.17487,985.4867,0.4731.089667691864488
      ,,256.76227,886.53827,0.5544.65113314845569
      ,,887.1785,272.85788,0.6242.533589539152295
      ,,257.76132,297.84488,0.5618.911688251104774
      ,,859.20447,899.5315,0.6929.155357387296004
      ,,220.79556,830.5674,0.7435.577662365594485
      ,,909.1582,190.90057,0.6599999766.65353178971316
      ,,253.76503,229.88026,0.6514.991024063399443
      ,,868.1961,841.56165,0.7199999718.82100382448052
      ,,247.77058,768.5997,0.6322.780356915109788
      ,,880.185,133.93024,0.5739.723635175854795
      ,,222.79372,174.90889,0.6599999719.472573880355718
      ,,850.21277,756.6059,0.7536.052549740875335
      ,,698.3534,632.6705,0.5847.21888977860218
      ,,33.968548,1251.3483,0.4722.158107635219384
      ,,666.383,1260.3435,0.5917.07433546059559
      ,,26.975023,617.6783,0.5235.62551335024441
      ,,581.4616,1552.1915,0.5664.01821409627594
      ,,746.30896,542.71735,0.7546.24776304049074
      ,,544.49585,596.6892,0.6599999730.04548434899179
      ,,741.3136,1536.1998,0.6699999621.43808864878019
      ,,603.4413,653.65955,0.7299999616.980920362203964
      ,,401.6281,1573.1805,0.5550.43318996355701
      ,,564.47736,1596.1686,0.6431.363820079615273
      ,,408.62164,635.6689,0.6133.63564406038056
      ,,394.6346,226.88182,0.6819.07979566255021
      ,,557.4838,891.53564,0.6599999754.452455330463465
      ,,391.6374,920.52057,0.6814.525410866681586
      ,,533.50604,202.89432,0.7439.037904825142334
      ,,675.37463,1586.1738,0.5937.947100763317685
      ,,452.58093,659.65643,0.669999968.238236814942498
      ,,696.3552,620.6767,0.6851.78679374013808
      ,,478.5569,1584.1749,0.5945.624850409569525
      ,,616.42926,232.87871,0.5630.452578616266134
      ,,399.62997,767.6002,0.6430.489601580156968
      ,,448.58466,215.88756,0.7199999722.61260048185878
      ,,613.432,913.5242,0.5630.815718046799716
      ,,543.49677,642.6653,0.727.794845782059138
      ,,733.321,1600.1665,0.5999999620.345191956560605
      ,,762.2942,646.6632,0.7999999538.2422396987777
      ,,546.494,1607.1628,0.5731.131724463515468
      ,,734.32007,1257.3451,0.4518.905416421799316
      ,,127.88159,624.6746,0.536.99613091463219
      ,,738.3164,649.6616,0.5999999614.104945107319065
      ,,108.89917,1278.3342,0.487.24712364918397
      ,,327.6966,973.4929,0.6699999629.530708546758476
      ,,921.1471,387.798,0.6415.324083835029544
      ,,304.71786,362.81104,0.6214.86004184935496
      ,,958.11285,983.48773,0.5399999630.076363719672916
      ,,300.72156,1123.4149,0.4599999815.545647839176798
      ,,981.0916,467.75638,0.7299999668.14905969780165
      ,,952.1184,1120.4164,0.4725.54670808049304
      ,,358.6679,487.74594,0.5399999655.099246799997346
      ,,942.1277,425.77823,0.7622.40303463674936
      ,,307.7151,1073.4409,0.627.478775147432909
      ,,361.66513,435.773,0.6352.081521870953495
      ,,999.07495,1069.443,0.5367.63900675383258
      ,,912.1554,588.69336,0.5720.029595716265998
      ,,301.72064,1179.3857,0.5399999626.604568607427943
      ,,310.7123,572.7017,0.7510.8003657854772
      ,,983.0897,1151.4003,0.5374.03432219283113
      ,,913.1545,904.5289,0.5730.18564552987057
      ,,340.68454,280.85373,0.7140.263261015690404
      ,,329.69473,916.52264,0.5922.625092659285162
      ,,932.1369,281.85318,0.6325.654727119817522
      ,,322.7012,834.5653,0.5399999627.759831124308768
      ,,938.13135,215.88756,0.723.564747095868015
      ,,321.70212,233.87819,0.6699999612.11810967140317
      ,,936.13324,815.5752,0.5544.16848851137884
      ,,903.16376,801.5825,0.530.426384736627917
      ,,333.69104,159.9167,0.6525.09310529738179
      ,,979.09344,130.93181,0.6261.25880661587486
      ,,303.71878,801.5825,0.512.992581607568056
      ,,46.95652,937.5117,0.4215.374523320957163
      ,,658.3904,1528.204,0.4221.49127243746661
      ,,39.962997,1533.2014,0.5117.189769657769904
      ,,654.3941,902.5299,0.7125.993628538838646
      ,,120.88807,811.5773,0.5150.979730784352384
      ,,767.28955,1444.2478,0.4599999856.0817926126382
      ,,84.92137,1476.2311,0.5999999619.06276800640113
      ,,762.2942,814.57574,0.558.707661144572526
      ,,178.83441,849.5575,0.5999999611.788900454673369
      ,,782.2757,1510.2134,0.5399999631.762712270569434
      ,,174.83812,1474.2322,0.576.689723371090261
      ,,825.2359,858.5528,0.7199999731.750033088656515
      ,,243.77429,825.57,0.6699999634.0061289629428
      ,,897.1693,1477.2306,0.5734.82312734223308
      ,,227.7891,1473.2327,0.5915.517832114089801
      ,,909.1582,814.57574,0.5164.77018325974542
      ,,960.111,834.5653,0.6137.95167346015469
      ,,301.72064,1475.2316,0.5910.238823543575123
      ,,289.73172,836.5643,0.7299999630.941382727865676
      ,,930.1388,1481.2285,0.489999981.5438966737405226
      ,,681.3691,1475.2316,0.5526.400107216970078
      ,,62.94172,840.5622,0.6234.16975047742368
      ,,67.937096,1464.2373,0.5399999637.18218153639553
      ,,689.3617,818.57367,0.7899999653.1185360955215
      ,,102.90472,917.5221,0.6310.994033229339529
      ,,743.31177,1538.1989,0.3821.945353342957343
      ,,793.2655,916.52264,0.5769.80079833994947
      ,,74.93062,1545.1952,0.5999999628.89188392869705
      ,,147.8631,1555.19,0.6925.285418055522786
      ,,790.26825,889.5367,0.7839.09711435313864
      ,,820.24054,1540.1978,0.5128.312333670250204
      ,,187.82608,922.5195,0.5999999616.451610090069565
      ,,677.3728,498.74023,0.6226.959037668503935
      ,,44.958374,1116.4185,0.3721.759661515804073
      ,,58.94542,489.7449,0.5334.790707449683005
      ,,681.3691,1118.4175,0.6599999731.000350842550287
      ,,68.93617,409.78656,0.6349.61148826521248
      ,,676.3737,1045.4554,0.6529.640941907561505
      ,,63.940796,1050.4529,0.5933.530143093146314
      ,,638.4089,398.7923,0.5949.736466059183584
      ,,69.93524,1004.4768,0.536.11553938656767
      ,,684.36633,340.82248,0.6245.892817175719024
      ,,670.3793,976.4914,0.5825.744014318373544
      ,,65.93895,359.8126,0.5635.593217776587544
      ,,692.35895,259.86465,0.5760.23045879388579
      ,,27.974098,931.51483,0.537.188644062900244
      ,,46.95652,289.84903,0.5621.603741589398194
      ,,669.3802,918.5216,0.5917.09467626257532
      ,,376.65125,288.84955,0.7299999618.866763143426937
      ,,610.4348,1268.3394,0.5124.484844187444647
      ,,626.42,290.8485,0.6599999743.253637188682895
      ,,404.32364,1250.8251,0.3833.62090647952382
      ,,451.58188,1261.343,0.5999999612.541538888579137
      ,,665.3839,298.84433,0.7113.138200991923812
      ,,473.56152,274.85684,0.5999999641.15404862882347
      ,,651.39685,1262.3425,0.4211.888018657674378
      ,,716.33673,1231.3586,0.4899999842.92473607171174
      ,,560.481,312.83707,0.5843.31110936532857
      ,,539.5005,1249.3492,0.4832.669259868598196
      ,,722.3312,290.8485,0.5716.792137706644077
      ,,664.3848,380.80167,0.6578.00352912845028
      ,,382.6457,1340.3019,0.513.8375908329283184
      ,,396.63275,340.82248,0.5939.57798200719879
      ,,601.4431,1316.3143,0.5730.14939387485781
      ,,649.3987,1328.3081,0.515.447846325898317
      ,,438.5939,379.8022,0.5910.441991768786254
      ,,696.3552,336.82455,0.6599999756.949893397621345
      ,,446.5865,1344.2998,0.512.626943017450904
      ,,500.53653,1298.3237,0.4747.32126498425927
      ,,717.3358,380.80167,0.648.356427057535397
      ,,532.50696,345.8199,0.6934.15374400386767
      ,,751.3043,1322.3113,0.5533.55675913129987
      ,,40.962074,844.5601,0.6116.27754371826576
      ,,652.39594,208.8912,0.6599999729.771059274798027
      ,,664.3848,845.5596,0.5616.531053343727212
      ,,83.922295,195.89796,0.5999999665.24949529181693
      ,,66.93802,130.93181,0.5950.39573852379113
      ,,680.37006,778.5945,0.5627.57283158878998
      ,,51.951897,795.58563,0.6218.17779836585153
      ,,667.3821,134.92972,0.6536.555276272066905
      ,,35.966698,88.95367,0.6111.639115735179212
      ,,677.3728,691.6398,0.5837.01422435744111
      ,,60.943573,692.6392,0.5999999639.14341715207817
      ,,651.39685,88.95367,0.7412.253719765391422
      ,,937.13226,94.95055,0.617.906884679194013
      ,,364.66235,679.646,0.6568.44938408295523
      ,,322.7012,68.96408,0.6933.813954796036086
      ,,951.1193,696.63715,0.6531.671428336285867
      ,,194.81961,623.6752,0.5999999636.45594313521607
      ,,807.25256,1261.343,0.4718.355522977639687
      ,,855.2081,622.67566,0.7168.5374685774155
      ,,165.84644,1262.3425,0.5999999612.990730249796632
      ,,866.198,650.6611,0.644.12999353059699
      ,,259.7595,1235.3566,0.6142.28865642448883
      ,,255.76318,630.6715,0.7199999726.075303157873254
      ,,876.1887,1278.3342,0.5314.517260066191723
      ,,730.3238,106.9443,0.718.685938147026274
      ,,544.49585,1059.4481,0.6427.901700772777417
      ,,768.28864,1013.4721,0.5968.7706479572634
      ,,546.494,67.9646,0.6243.57987368646041
      ,,601.4431,1142.405,0.716.461352389719146
      ,,406.6235,150.92139,0.7732.87627374472803
      ,,394.6346,1128.4122,0.6816.712060760656
      ,,594.4496,152.92035,0.6418.38697159179783
      ,,487.54858,149.9219,0.7443.68173181946231
      ,,648.39966,1126.4133,0.6811.531800548984444
      ,,675.37463,124.93493,0.6448.79596941273276
      ,,451.58188,1137.4076,0.729999963.624484277416036
      ,,321.70212,619.67725,0.7534.681704397017235
      ,,963.1082,1269.3389,0.5731.88093948991026
      ,,937.13226,653.65955,0.695.750385661835981
      ,,299.72247,1238.355,0.6836.760406458203015
      ,,131.8779,681.64496,0.6548.92575492086292
      ,,752.3034,1322.3113,0.5834.36006134423458
      ,,129.87975,1312.3165,0.6140.08656800484893
      ,,769.2877,719.6252,0.6444.82694253117354
      ,,791.26733,711.62933,0.5510.12002246878255
      ,,818.2424,1297.3242,0.5251.5076316163558
      ,,229.78723,1300.3228,0.6471.13892728121188
      ,,203.81128,96.9495,0.5931.511938278832247
      ,,908.1591,692.6392,0.5399999654.015735388379
      ,,221.79463,1337.3035,0.6120.37904529170951
      ,,237.77983,707.6314,0.5514.35888166866466
      ,,875.18964,1344.2998,0.5612.816636242586123
      ,,611.43384,686.64233,0.6842.857358201513364
      ,,383.64478,1684.1228,0.585.346459053399324
      ,,342.6827,683.6439,0.7299999652.80715539252395
      ,,591.4524,1697.1161,0.5610.816439217668398
      ,,381.64664,281.85318,0.7625.736499953747586
      ,,531.5079,996.48096,0.7414.044891225961477
      ,,560.481,307.83966,0.6699999642.982360142018535
      ,,394.6346,991.4836,0.5916.28661422251867
      ,,473.56152,702.63403,0.7731.36884856333034
      ,,676.3737,1694.1176,0.4221.897582770405357
      ,,692.35895,684.6434,0.6699999652.12478381600649
      ,,470.5643,1673.1285,0.5399999626.33196193983112
      ,,567.47455,297.84488,0.6321.335162748231003
      ,,471.56335,950.50494,0.7299999652.349342146718975
      ,,620.42554,909.52625,0.5694.28851264253115
      ,,445.58743,275.85632,0.8131.777434227611806
      ,,312.71045,717.6262,0.634.4600730699810125
      ,,956.1147,1324.3102,0.5330.60640861009021
      ,,906.16095,751.6085,0.5839.35213433752946
      ,,265.75394,1343.3003,0.6544.75321936616099
      ,,45.957447,1404.2686,0.5513.548686071243457
      ,,55.948196,781.5929,0.6123.22416068936135
      ,,663.38574,1421.2598,0.5999999612.547428218668912
      ,,691.35986,749.60956,0.6454.38711274631131
      ,,55.948196,1417.2618,0.5747.899612046370706
      ,,723.33026,788.58923,0.632.240383403480571
      ,,114.893616,750.609,0.6141.48621046837916
      ,,763.2933,1422.2592,0.5399999640.25763932570609
      ,,161.85014,761.60333,0.7430.79670171272578
      ,,846.2165,1382.28,0.5160.27300544161775
      ,,793.2655,812.5768,0.6122.078027592043885
      ,,138.87141,1393.2743,0.5538.249944004295735
      ,,242.7752,752.608,0.6937.913480471320064
      ,,879.1859,1404.2686,0.6818.185529874577163
      ,,873.19147,810.5778,0.6422.747006871308535
      ,,221.79463,1432.254,0.6928.6187215156565
      ,,285.73544,1412.2644,0.6599999724.77635145916108
      ,,942.1277,777.595,0.6116.717879089060844
      ,,317.70584,762.6028,0.5728.812824409592398
      ,,945.1249,1390.2759,0.525.221035165136445
      ,,389.63922,77.9594,0.5999999624.716039705420947
      ,,1033.0435,706.63196,0.5835.77897802098693
      ,,1019.05646,80.95783,0.6126.948811340491694
      ,,380.64755,700.6351,0.7520.896462552457397
      ,,401.6281,746.61115,0.7149.15165274204891
      ,,997.0768,120.93701,0.7448.68349053559331
      ,,1026.0499,784.5914,0.5526.224238219475406
      ,,399.62997,163.91463,0.7999999520.89048248974002
      ,,391.6374,208.8912,0.7731.99995297674651
      ,,1036.0406,843.5606,0.4838.951277013303105
      ,,994.0796,216.88704,0.6322.54643523450608
      ,,407.62256,845.5596,0.6131.3881168873036
      ,,365.66144,919.52106,0.7516.496278781426753
      ,,986.087,311.8376,0.6699999615.051575810022527
      ,,377.65033,288.84955,0.5718.741948344663438
      ,,1002.07214,909.52625,0.5399999619.038776476170852
      ,,218.79741,902.5299,0.5834.49425103054294
      ,,887.1785,1544.1957,0.5625.24213858400161
      ,,223.79279,1556.1895,0.6218.928661424994925
      ,,860.2035,915.52313,0.7113.178507020636957
      ,,325.69843,1558.1884,0.6217.50655977534898
      ,,921.1471,942.5091,0.4299999817.419453750844625
      ,,311.71136,931.51483,0.669999963.2490943015797664
      ,,961.1101,1530.203,0.6599999735.343069440367316
      ,,733.321,1619.1566,0.638.84538871832198
      ,,133.87604,985.4867,0.5732.665320649159746
      ,,762.2942,982.4883,0.7199999740.666355335188406
      ,,75.929695,1603.165,0.5731.548101965297096
      ,,656.3922,89.95315,0.6599999710.58452320929579
      ,,490.5458,1046.455,0.4746.57954125322097
      ,,666.383,1040.4581,0.5928.224432546095862
      ,,462.5717,106.9443,0.6115.477122310496439
      ,,839.22296,930.5153,0.6581.10201341394172
      ,,130.87881,1616.1582,0.6441.68701330880292
      ,,773.284,1631.1504,0.5923.847833804360764
      ,,203.81128,983.48773,0.6534.30364219105227
      ,,231.78539,978.49036,0.3299999821.348074623090163
      ,,867.197,1599.1671,0.6419.89528793320562
      ,,868.1961,990.4841,0.659999979.037084668473833
      ,,214.80112,1618.1572,0.726.701083313259545
      ,,380.64755,66.96512,0.7199999733.55451027944947
      ,,650.39777,1054.4508,0.5665.02390020917525
      ,,404.62534,1060.4476,0.5999999625.844025501019686
      ,,595.44867,88.95367,0.7299999614.60809698784746
      ,,75.929695,974.49243,0.4747.38953302498233
      ,,681.3691,1617.1577,0.5999999625.903880177810418
      ,,688.3626,957.5013,0.6551.767254028068585
      ,,35.966698,1638.1467,0.5119.70139953122483
      ,,375.65216,1126.4133,0.589.867798030695702
      ,,1029.0472,479.75012,0.5399999644.97220249091244
      ,,402.6272,516.73083,0.5623.234540623521557
      ,,1009.0657,1132.4102,0.539999969.105926780357926
      ,,1011.06384,563.70636,0.5722.436197628025813
      ,,423.6078,1158.3966,0.5163.80454425111405
      ,,1008.0666,1201.3743,0.489999988.186786771832619
      ,,390.6383,583.696,0.6599999711.140029746366935
      ,,992.0814,670.6507,0.5120.00800420186289
      ,,348.67715,1263.3419,0.6132.45357319159224
      ,,1024.0518,1255.3462,0.4729.736275195746458
      ,,383.64478,633.6699,0.6519.280845552836478
      ,,389.63922,717.6262,0.7410.854030238080183
      ,,1014.06104,1339.3024,0.5813.93292947901659
      ,,990.08325,705.63245,0.6418.98125129283
      ,,357.66882,1333.3055,0.6523.68835867442656
      ,,515.52264,1133.4097,0.622.877398926405013
      ,,739.3154,136.92868,0.6599999735.782507123073934
      ,,749.3062,1124.4143,0.5827.17058739626213
      ,,555.48566,169.9115,0.5637.9878855595415
      ,,405.62442,218.88599,0.7732.66794853263705
      ,,588.45514,1223.3628,0.5118.963847914321104
      ,,377.65033,1222.3633,0.6217.95878886904151
      ,,564.47736,192.89952,0.6150.639910615658984
      ,,683.36725,203.8938,0.7199999744.43166326470855
      ,,453.58002,1192.3789,0.4213.142582977839387
      ,,416.61426,201.89484,0.748.545221753979334
      ,,680.37006,1194.3779,0.5726.850996265165378
      ,,385.6429,1055.4503,0.6912.642423664802811
      ,,1025.0509,1644.1437,0.4599999849.82486948226136
      ,,1001.07306,1046.455,0.6699999620.053233741245023
      ,,374.6531,1700.1145,0.5913.513624025005967
      ,,398.6309,444.76834,0.719.14487589095091
      ,,629.41724,1377.2826,0.5754.888251305288854
      ,,392.63644,1407.267,0.5999999613.80162038341954
      ,,613.432,426.7777,0.7132.8002612263647
      ,,694.35706,424.77875,0.6544.03681502584555
      ,,457.57632,1420.2603,0.5212.614345573894635
      ,,678.3719,1400.2706,0.4899999825.479834725522522
      ,,437.59482,471.75427,0.6928.42903118984116
      ,,594.4496,422.7798,0.6180.23370107508875
      ,,748.3071,1409.266,0.5399999623.911716417447177
      ,,534.50507,1399.2711,0.5320.945591847254747
      ,,724.32935,401.7907,0.7543.70962269252706
      ,,715.33765,1212.3685,0.5912.077354454071811
      ,,512.52545,240.87454,0.685.512221151001508
      ,,739.3154,209.89067,0.8232.21786267664984
      ,,535.50415,1224.3623,0.6526.8078454708193
      ,,396.63275,1551.192,0.5917.216099817788834
      ,,985.0879,920.52057,0.6417.35524234639081
      ,,439.59296,919.52106,0.7660.76005958816611
      ,,1017.0583,1551.192,0.5316.64451383150215
      ,,1009.0657,998.4799,0.758.621543378430585
      ,,368.65866,1600.1665,0.5999999621.299101219214847
      ,,994.0796,1614.1593,0.587.750053406539068
      ,,379.64847,984.48724,0.7413.013603287164997
      ,,656.3922,588.69336,0.635.269442446549299
      ,,434.5976,1549.1931,0.5113.905791493824006
      ,,623.4227,1569.1827,0.5399999637.634578620231835
      ,,514.5236,552.7121,0.6872.84925146252002
      ,,490.5458,185.90317,0.5245.132181289991635
      ,,607.43756,815.5752,0.6599999748.65973621934171
      ,,587.45605,184.90369,0.7415.433327543916795
      ,,468.56613,830.5674,0.6935.21002661711191
      ,,390.6383,959.50024,0.6599999739.59852646801635
      ,,1042.0352,350.81726,0.4548.83413048777154
      ,,390.6383,374.80478,0.7611.266571223142156
      ,,1043.0342,959.50024,0.4157.03628570533535
      ,,385.6429,412.785,0.733.286729721737274
      ,,1012.0629,1035.4607,0.4433.12310135282028
      ,,1020.0555,428.77667,0.5925.731042005831263
      ,,338.6864,1073.4409,0.7299999641.39959149084965
      ,,365.66144,787.5898,0.6314.141257482947106
      ,,988.0851,1419.2607,0.5214.641013736205162
      ,,998.07587,776.5955,0.5999999614.11421219151862
      ,,369.6577,1417.2618,0.7111.404796654722016
      ,,367.65958,1482.228,0.5711.965855972262121
      ,,1004.0703,879.5419,0.5220.357398879568812
      ,,415.61517,854.5549,0.6936.45216111694364
      ,,996.84265,1469.7031,0.4299999811.399504760627124
      ,,762.2942,695.6377,0.7145.79584653839024
      ,,538.5014,1678.126,0.6922.998505980572205
      ,,559.48193,719.6252,0.6242.02377525470617
      ,,744.31085,1681.1244,0.5320.811493611293127
      ,,34.96762,1740.0936,0.4599999816.41303487379831
      ,,649.3987,1162.3945,0.5727.577924085755132
      ,,76.92877,1115.4191,0.6146.94086221921883
      ,,657.3913,1758.0842,0.562.467140452453972
      ,,742.3127,1167.392,0.5636.52929355842825
      ,,129.87975,1708.1104,0.6355.11305696179197
      ,,724.32935,1736.0957,0.4120.40501050850444
      ,,122.886215,1139.4065,0.6519.775895343515
      ,,39.962997,1215.367,0.6112.16284501945684
      ,,637.4098,1775.0754,0.5653.571372978263916
      ,,644.4033,1232.3582,0.5529.986881480331864
      ,,50.95282,1767.0796,0.6260.69299467807371
      ,,734.32007,1190.38,0.6217.19906987869393
      ,,75.929695,1816.0541,0.6929.143561367406733
      ,,105.90195,1231.3586,0.7999999526.965830798132046
      ,,747.30804,1809.0577,0.3999999828.11680688127418
      ,,218.79741,1124.4143,0.6699999647.60612022320686
      ,,804.2553,1738.0947,0.5221.31738222122104
      ,,836.2257,1116.4185,0.5999999646.793070072790755
      ,,166.84552,1746.0906,0.6811.846064674948318
      ,,865.1989,1765.0807,0.558.995129193786752
      ,,251.76688,1134.4092,0.7110.32466155791084
      ,,194.81961,1747.09,0.6147.619402539297774
      ,,918.14984,1071.4419,0.5684.85485085672572
      ,,144.86586,1808.0582,0.6532.67814439236585
      ,,811.24884,1215.367,0.6599999720.811338042226012
      ,,183.82979,1209.3701,0.6599999712.332158864460666
      ,,794.2646,1815.0546,0.510.473380412192725
      ,,242.7752,1795.0651,0.6530.461640064243735
      ,,925.1434,1220.3644,0.5564.62097610088095
      ,,864.1998,1812.0562,0.5513.550884058945282
      ,,234.78261,1221.3639,0.5818.15252585173637
      ,,298.72342,1107.4232,0.5930.446568867200074
      ,,919.1489,1747.09,0.5215.527323581994352
      ,,952.1184,1110.4216,0.6699999632.46603387517706
      ,,298.72342,1726.101,0.6332.60045959597698
      ,,471.56335,1742.0927,0.6327.193565692268265
      ,,663.38574,797.5846,0.5999999610.600774136229603
      ,,645.4024,1736.0957,0.5822.76613186481116
      ,,442.5902,758.60486,0.5532.43802823985338
      ,,306.716,1207.3711,0.684.749927310403102
      ,,919.1489,1811.0566,0.5519.004201230056246
      ,,957.1138,1174.3883,0.5839.5320038118601
      ,,325.69843,1793.066,0.6599999735.81834572022623
      ,,589.4542,1799.063,0.5526.601560591250895
      ,,385.6429,821.5721,0.738.42215916089357
      ,,373.65402,1799.063,0.6327.075654098452162
      ,,584.45886,826.56946,0.5932.99373939083671
      ,,531.5079,771.5981,0.5399999623.5266438001168
      ,,756.29974,1740.0936,0.4135.78257593947516
      ,,744.31085,777.595,0.5723.643384701246685
      ,,504.53284,1757.0848,0.5312.980344949109531
      ,,1028.0481,1129.4117,0.5399999628.212841901674384
      ,,393.54523,1734.2773,0.5726.289063386010188
      ,,400.62906,1117.418,0.6599999727.810015848629437
      ,,978.09436,1737.0952,0.4899999829.64048540452492
      ,,458.5754,1824.0499,0.5399999610.179222839991567
      ,,643.40424,862.5507,0.4899999812.474550270345489
      ,,455.5782,835.5648,0.5224.959839562176523
      ,,679.371,1796.0645,0.4899999837.8982151131523
      ,,745.3099,857.55334,0.5920.90072689145932
      ,,522.5162,1820.052,0.57.405584885161166
      ,,495.54117,851.55646,0.6223.35144879003392
