       
     ,,374.6531,683.6439,0.84999996,33.70764118227224
     ,,700.3515,958.50073,0.94,68.06515985037319
     ,,694.35706,714.6278,1.16,46.36130662788947
     ,,418.6124,1059.4481,1.01,82.07130739802457
     ,,421.60962,904.5289,1.18,77.20544591929135
     ,,683.36725,1180.3851,0.78999996,49.32726994596715
     ,,390.6383,1168.3915,1.06,37.948440387103894
     ,,712.34045,898.532,1.12,76.04298542957433
     ,,666.383,746.61115,1.16,37.43556206223678
     ,,366.6605,444.76834,0.95,19.915139448148302
     ,,415.61517,771.5981,1.13,80.06613970989143
     ,,630.41626,427.7772,0.97999996,17.67332252454693
     ,,682.36816,756.6059,1.0799999,54.73968464155483
     ,,386.642,1326.3092,0.85999995,45.03503497753058
     ,,387.64108,684.6434,1.36,40.321719809785506
     ,,667.3821,1358.2925,1.29,70.98963245946165
     ,,693.35803,286.8506,1.3199999,45.6166556358854
     ,,428.60315,573.7012,1.03,68.70291684329331
     ,,386.642,298.84433,0.89,31.520271580278866
     ,,699.3525,636.6684,0.90999997,84.15314625277412
     ,,716.33673,1329.3076,0.84999996,78.83525586216308
     ,,362.6642,1607.1628,1.12,29.284285610274047
     ,,359.667,1289.3285,1.15,0.7495453668552826
     ,,747.30804,1568.1832,1.0699999,99.79206737398745
     ,,399.62997,87.954185,1.1,63.83665419314249
     ,,712.34045,438.77145,1.12,65.59576257371756
     ,,377.65033,385.79904,1.23,43.90502453029029
     ,,704.34784,169.9115,0.88,64.75664267048258
     ,,651.39685,1124.4143,1.0,21.85133295037513
     ,,389.63922,1464.2373,0.95,42.3412095670142
     ,,698.3534,1494.2217,1.25,78.4991397841855
     ,,340.68454,1112.4205,1.18,38.738451942240594
     ,,383.64478,808.57886,1.15,54.78617286323681
     ,,686.3645,548.7142,0.96999997,43.873926975955
     ,,398.6309,494.7423,1.29,84.59353180180605
     ,,665.3839,889.5367,1.17,36.0105913027431
     ,,266.75302,116.939095,1.01,54.94934852808651
     ,,534.50507,420.78082,1.16,30.9483256055277
     ,,264.75485,394.79437,1.3,57.8863265919638
     ,,533.50604,153.91983,1.0699999,33.52681822584652
     ,,801.2581,1614.1593,1.13,37.32569954483312
     ,,544.49585,1270.3384,0.94,45.016587827369946
     ,,571.4709,1636.1478,1.06,89.07014253277819
     ,,811.24884,1294.3258,1.03,19.728924166595302
     ,,211.8039,782.5924,1.17,75.52425009946948
     ,,579.46344,1124.4143,1.14,78.4899542973188
     ,,275.7447,1132.4102,1.2099999,61.27080731754873
     ,,538.5014,832.56635,0.95,42.86277709731544
     ,,478.5569,1153.3993,1.14,118.78756015389547
     ,,95.911194,1471.2336,1.05,44.250303172472805
     ,,381.64664,1462.2384,1.09,35.58067331970853
     ,,97.90935,1090.432,1.04,61.31146837197915
     ,,803.2562,280.85373,1.02,11.314439936572079
     ,,544.49585,563.70636,1.0,40.98199289633966
     ,,537.5023,224.88287,0.96999997,66.21760745064779
     ,,817.2433,587.6939,1.04,30.826902205101074
     ,,525.5134,694.6382,1.0799999,28.943177217290902
     ,,815.2451,1019.469,1.15,29.077503836227045
     ,,854.20905,724.62256,1.0699999,63.109461112582274
     ,,538.5014,981.4888,0.79999995,40.13798002024797
     ,,411.61887,572.7017,0.89,51.68952138581121
     ,,102.90472,305.8407,1.03,39.031786970459706
     ,,391.6374,250.86934,1.01,44.38516091700798
     ,,123.88529,540.7184,1.01,59.577651677225816
     ,,101.90564,1012.47266,1.01,31.686334778779024
     ,,407.62256,701.6345,0.79999995,49.201759581701296
     ,,392.63644,982.4883,0.96,38.02426398414681
     ,,107.90009,685.6429,0.79999995,45.748691244080504
     ,,521.5171,883.5398,1.06,30.96981693916581
     ,,826.235,1175.3878,1.0,45.11848881054457
     ,,548.4921,1138.4071,1.12,45.13536728061719
     ,,783.2748,848.55804,0.78999996,12.856126329294737
     ,,497.5393,251.8688,0.79999995,30.81605871832731
     ,,231.78539,557.70953,0.96,20.005847791160093
     ,,262.7567,265.8615,0.87,49.46353314738374
     ,,530.5088,518.7298,1.18,57.717844519440625
     ,,582.4607,1523.2067,0.77,95.69947731610328
     ,,229.78723,1270.3384,1.04,24.013893790070963
     ,,539.5005,1293.3264,1.17,35.65599124573842
     ,,236.78076,1593.1702,0.93,25.728855290375613
     ,,247.77058,1417.2618,0.97999996,35.910109818674634
     ,,578.4644,1710.1093,0.91999996,75.40781916457584
     ,,225.79094,1709.1097,1.09,16.18707090963021
     ,,533.50604,1453.243,1.18,35.22642769246291
     ,,806.2535,121.936485,0.94,21.47552487219441
     ,,528.5106,426.7777,0.93,24.522955191257395
     ,,801.2581,422.7798,0.94,9.802169481217975
     ,,502.5347,131.93129,0.81,6.243104481010003
     ,,812.2479,1160.3956,0.74,24.84376417975351
     ,,549.4912,1471.2336,0.82,58.78600524100683
     ,,527.5116,1120.4164,0.87,34.746463083209505
     ,,808.25165,1448.2457,0.9,21.611497268411316
     ,,410.6198,850.557,0.93,51.16408423241862
     ,,138.87141,1124.4143,0.9,70.26897034146236
     ,,397.63184,1195.3773,0.85999995,62.08280551674565
     ,,142.86772,874.5445,0.9,72.77330734063052
     ,,916.15173,930.5153,1.02,75.1826129919374
     ,,700.3515,1151.4003,1.2099999,52.62929418191245
     ,,973.099,1162.3945,1.1,40.56003431271038
     ,,706.346,888.5372,1.01,65.8541985092352
     ,,403.62628,160.91618,0.72999996,49.27883849296346
     ,,131.8779,412.785,0.84999996,61.318830200956974
     ,,102.90472,124.93493,0.66999996,33.552907242681954
     ,,403.62628,437.77197,0.9,45.18663296293927
     ,,396.63275,1594.1697,0.89,40.04268919439046
     ,,122.886215,1860.0311,0.74,51.235088876532814
     ,,118.889915,1546.1947,0.83,56.65898996509002
     ,,394.6346,1808.0582,0.78,67.50411406829484
     ,,959.11194,213.8886,0.97999996,71.9258306317385
     ,,690.3608,583.696,0.77,44.519833286928026
     ,,671.37836,274.85684,0.7,24.44529154134826
     ,,963.1082,555.7106,0.96999997,30.64381032725433
     ,,973.099,1422.2592,0.97999996,38.91250651698329
     ,,725.3284,1763.0817,0.95,87.56363009738921
     ,,700.3515,1400.2706,0.78,62.27640094069148
     ,,979.09344,1711.1088,0.75,44.448441978331594
     ,,672.37744,1282.332,0.98999995,25.554987659283434
     ,,973.099,1597.1681,0.88,41.758249894323455
     ,,959.11194,1317.3138,1.03,35.77999031856317
     ,,705.3469,1549.1931,0.9,64.17558945930118
     ,,698.3534,146.92348,0.71,51.137976957713605
     ,,975.09717,428.77667,0.7,39.195643285825284
     ,,695.35614,412.785,0.84999996,49.165436404643124
     ,,976.0962,143.92503,0.9,40.53159987077236
     ,,695.35614,1431.2545,0.75,47.43565839892644
     ,,965.1064,1202.3738,0.81,63.444342520930704
     ,,672.37744,1161.395,0.95,28.831688744898745
     ,,989.08417,1407.267,0.96,59.43554365126044
     ,,117.89084,1251.3483,0.90999997,59.99937969871372
     ,,430.6013,1579.1775,1.04,70.6111062664529
     ,,393.63553,1273.3368,1.11,37.53679905002248
     ,,167.84459,1607.1628,0.96999997,100.18311547854975
     ,,675.37463,777.595,0.68,69.23648513476554
     ,,953.1175,1015.47107,1.03,21.782521997212818
     ,,945.1249,696.63715,1.0,19.614588866266388
     ,,695.35614,977.49084,1.02,53.322628412954415
     ,,717.3358,1840.0416,0.94,74.0357513856675
     ,,959.11194,1592.1707,0.76,27.110314335063546
     ,,674.3756,1513.2118,1.05,69.95130247737372
     ,,977.0953,1844.0396,0.71,46.59488200921547
     ,,828.2331,1364.2894,0.82,78.56462815262269
     ,,604.4403,1666.1322,0.91999996,114.93244203016964
     ,,842.22015,1736.0957,1.05,52.16083487777921
     ,,520.51807,1419.2607,0.97999996,22.138026982200266
     ,,590.4533,1150.4008,0.83,86.5652421189253
     ,,250.7678,1405.2681,1.06,45.10348558703917
     ,,541.4986,1445.2472,0.90999997,39.1489981075141
     ,,277.74283,1162.3945,0.74,63.882372450687704
     ,,529.5097,1574.18,0.78999996,25.79412758579785
     ,,236.78076,1826.0488,0.76,45.032612535775186
     ,,555.48566,1824.0499,0.66999996,66.41220892875813
     ,,221.79463,1590.1718,0.95,13.480702092625654
     ,,567.47455,1574.18,0.84999996,63.589388081648366
     ,,804.2553,1831.0463,0.71999997,37.03992764111911
     ,,531.5079,1831.0463,0.57,44.4797338284889
     ,,822.23865,1616.1582,0.76,48.68700305005045
     ,,90.91582,1401.2701,0.69,37.80280113197383
     ,,384.64386,1723.1025,0.68,24.66851072410702
     ,,400.62906,1422.2592,0.78,42.29146316865886
     ,,116.89177,1737.0952,0.77,47.36176170568333
     ,,513.52454,727.62103,0.71999997,16.62074970523576
     ,,256.76227,1011.47314,0.68,41.8485718421491
     ,,551.4894,1001.4784,0.96,47.4922443661896
       
      ,,202.81221,510.73398,0.7299999630.54526149464189
      ,,791.26733,1167.392,0.5999999631.97002355331167
      ,,205.80943,1141.4055,0.7299999633.828885047264784
      ,,818.2424,494.7423,1.0231.663089462238663
      ,,110.897316,695.6377,1.0280.65611379520371
      ,,672.37744,1415.2628,0.9674.69454880984236
      ,,70.93432,1375.2837,0.8749.01254931010186
      ,,643.40424,707.6314,1.0118.4023187534322
      ,,355.6707,89.95315,1.1826.059016705943858
      ,,614.4311,1129.4117,0.7668.83337337098892
      ,,405.62442,1051.4524,0.8130.14823076290533
      ,,677.3728,141.92607,1.099.86984354214907
      ,,111.89639,396.79333,0.9549.425080997943006
      ,,744.31085,1084.4352,0.8226.723408548134444
      ,,762.2942,422.7798,1.069999944.097720110736596
      ,,111.89639,1082.4362,0.7999999518.012787668084968
      ,,388.64014,760.6038,0.8231.26217570722233
      ,,561.4801,1713.1077,0.7999999550.89206203441012
      ,,389.63922,1745.0911,0.6599999758.47678608826121
      ,,551.4894,767.6002,0.740.98387343077587
      ,,177.83534,567.7043,0.9099999716.672447374423385
      ,,773.284,1224.3623,0.6528.340747020754563
      ,,187.82608,1245.3513,0.9443.631627860344
      ,,815.2451,573.7012,1.023.850936126730936
      ,,810.24976,1105.4242,0.7899999642.37507788842985
      ,,229.78723,448.76627,0.9099999757.38026994879611
      ,,163.8483,1064.4456,0.729999968.892283185748779
      ,,798.26086,478.75064,0.8333.58974466544635
      ,,816.2442,1011.47314,0.8726.693584945620476
      ,,202.81221,328.82874,0.9656.49229640665856
      ,,845.2174,386.79852,1.052.73281506968583
      ,,181.83163,964.4976,0.934.29630465517988
      ,,304.71786,106.9443,0.6363.54547527508545
      ,,869.1952,717.6262,1.07.735097991019665
      ,,232.78445,716.6267,0.789999969.98547451927571
      ,,904.16284,108.94325,0.6842.509774175383335
      ,,679.371,1276.7743,0.7576.11436508244958
      ,,71.933395,606.684,0.6844.0313288426845
      ,,55.948196,1265.341,0.7299999664.51081614209544
      ,,669.3802,613.68036,0.7533.21917640642481
      ,,145.86494,121.936485,0.7747.4795895152968
      ,,763.2933,754.60693,0.8350.999874057311864
      ,,742.3127,102.94638,0.6417.979890364806074
      ,,145.34306,765.45953,0.6560.69005316568711
      ,,802.2572,808.57886,0.7999999587.51808955506189
      ,,1007.0675,939.5106,0.591183.4026114876335
      ,,183.82979,722.6236,0.6699999611.385366451707013
      ,,783.2748,108.94325,0.7813.260604522688112
      ,,221.79463,333.8261,0.8355.88403038281315
      ,,800.25903,1048.4539,0.81120.14413194254833
      ,,190.82332,964.4976,0.7440.39272978049258
      ,,786.272,321.83237,0.7816.051826110480334
      ,,885.1804,1216.3665,0.7725.597152262580753
      ,,229.78723,607.6835,0.926.87060196009616
      ,,247.77058,1165.393,0.6699999639.60659071099263
      ,,880.185,668.65173,0.6599999786.96882682551285
      ,,198.81592,155.9188,0.7199999729.613792894445357
      ,,811.24884,759.6044,0.8135.630903426487464
      ,,171.84088,806.5799,0.6699999616.093398063709646
      ,,764.2923,196.91118,0.7199999740.05574371979328
      ,,735.31915,1181.3846,0.65115.39296075883681
      ,,155.85568,460.76,0.7154.53425872600032
      ,,763.2933,465.75742,0.8443.76392344865212
      ,,112.89547,1068.4435,0.909999979.594371806643647
      ,,193.82054,853.5554,0.7899999622.133764187770215
      ,,823.23773,275.85632,0.8499999647.74754011181183
      ,,194.81961,243.87297,0.7299999622.95721738383601
      ,,828.2331,868.5476,0.6835.8921574663271
      ,,122.886215,536.72046,0.7729.48854248082147
      ,,715.33765,1128.4122,0.6111.583832916185504
      ,,110.897316,1101.4263,0.7134.8674546210395
      ,,726.7093,515.7891,0.859999952.5578897177331483
      ,,743.4597,616.30817,0.9699999737.89256721793524
      ,,96.91027,1181.3846,0.8124.036310781000168
      ,,95.911194,584.69543,0.77.682385217479568
      ,,746.30896,1239.3545,0.7841.115281346797005
      ,,131.8779,474.75272,0.78102.26877028370048
      ,,751.3043,1016.4706,0.7999999532.838309720808674
      ,,104.90287,929.51587,0.7867.99860361390938
      ,,757.2988,314.83603,0.8969.84417255117646
      ,,309.71323,1077.4388,0.6579.94271446969063
      ,,933.136,1652.1395,0.6333.67928421855956
      ,,338.6864,1717.1056,0.69102.55503772635983
      ,,954.1166,982.4883,0.7199999727.145188555991407
      ,,652.39594,1106.4237,0.8499999640.04419463919282
      ,,97.90935,1631.1504,0.7899999684.82938070872301
      ,,668.3811,1679.1254,0.6599999715.364156953154119
      ,,86.91952,1038.4591,0.9559.448276073152904
      ,,134.87512,1066.4446,0.7731.37517101618334
      ,,705.3469,1659.1359,0.8599999534.2252030417189
      ,,730.3238,1035.4607,0.9631.580929438693186
      ,,174.83812,1712.1083,0.975.46320004171228
      ,,249.76874,1025.4658,0.8887.48863779225617
      ,,810.24976,1679.1254,0.7618.72668717231039
      ,,830.23126,1042.457,0.9343.90045523266426
      ,,182.83072,1683.1233,0.911.219596092097376
      ,,253.76503,1678.126,1.0415.437074659143207
      ,,852.21094,1037.4596,1.1130.80925097392669
      ,,281.73914,1067.444,0.8499999640.250206510313184
      ,,838.2239,1675.1274,0.7299999627.24720823025347
      ,,382.6457,1079.4377,1.1473.29656159383846
      ,,948.12213,1628.152,0.961.6318344734495
      ,,342.6827,1724.1019,0.8948.73836196692815
      ,,948.12213,1100.4269,1.0437.78000038540927
      ,,186.82701,264.86203,0.9199999693.6022823625671
      ,,704.34784,993.3653,0.8867.92360508166385
      ,,149.86124,942.5091,0.9799999648.43159070159295
      ,,747.30804,276.8558,0.9799999638.20043994770767
      ,,739.3154,857.55334,0.9799999614.942771616365498
      ,,121.887146,214.88808,1.0929.92674482672138
      ,,118.889915,818.57367,0.8599999543.72429566832247
      ,,737.3173,274.85684,1.0438.55001557378844
      ,,750.3053,722.6236,0.8272.61624880971983
      ,,152.85846,202.89432,0.8499999659.59394240427194
      ,,745.3099,155.9188,0.8924.849549470662282
      ,,100.90657,793.5867,0.859999954.0315515769307275
      ,,255.84386,494.715,0.8499999624.437524386466986
      ,,859.20447,1208.3706,0.8372.94508670252253
      ,,237.77983,1116.4185,0.9619.440806052171922
      ,,812.2479,542.71735,0.9557.63236666597174
      ,,404.62534,525.7262,0.7727.519265557506422
      ,,619.42645,1469.2347,0.7999999534.80024912012316
      ,,584.45886,493.74283,1.0620.85728690899607
      ,,371.65588,1535.2004,0.8955.26000575005116
      ,,703.34875,513.7324,0.9647.85491113787018
      ,,407.62256,1533.2014,0.9666.69636021533242
      ,,497.5393,511.73346,0.9899999549.11728150338415
      ,,687.3635,1479.2295,0.8831.888845078187256
      ,,517.5208,1498.2196,0.8317.719616715381648
      ,,753.8333,501.3329,0.9199999632.15301150353974
      ,,509.52823,500.7392,0.9899999515.903107936478786
      ,,744.31085,1494.2217,0.8424.09884545832629
      ,,450.5828,1724.1019,0.8736.66114042138038
      ,,577.46533,796.5851,0.9099999710.892816922978449
      ,,463.57077,790.5882,0.8715.071028327212842
      ,,634.4126,1713.1077,0.6354.32650893382979
      ,,378.6494,540.7184,0.942.79007106861384
      ,,582.4607,1558.1884,0.749.58141440075065
      ,,593.4505,540.7184,0.9199999643.342544256856314
      ,,421.60962,1604.3654,0.6469.1623261757417
      ,,381.64664,828.5684,0.9331.005977910288312
      ,,541.4986,147.92296,0.9099999732.27229995657737
      ,,395.4517,166.00272,0.8116.33056735938251
      ,,513.52454,846.5591,0.9313.537786777506508
      ,,849.2137,1077.4388,1.017.210010804588578
      ,,253.76503,471.75427,1.069999928.977884344415195
      ,,270.7493,1059.4481,0.7299999630.08738022781176
      ,,891.17487,471.75427,1.0238.87846121781966
      ,,261.75763,1031.4628,0.8839.54543205713457
      ,,851.21185,383.8001,1.0413.44298575809201
      ,,299.72247,367.8084,1.0458.867649049284786
      ,,794.2646,1121.4159,0.9141.46102010034082
      ,,225.79094,925.51794,0.8715.989597965057527
      ,,880.185,314.83603,0.9699999719.14618658924094
      ,,277.74283,316.83496,0.7999999537.4257144741371
      ,,865.1989,961.4992,0.7433.10939091778364
      ,,205.80943,849.5575,0.7899999637.049561094718484
      ,,881.1841,263.86258,0.8599999531.50167221621046
      ,,222.79372,249.86986,0.8221.890607828420528
      ,,905.16187,818.57367,0.9199999659.118518916721285
      ,,211.8039,770.59863,0.9435.748050645355875
      ,,883.18225,128.93285,0.9199999645.53514558548938
      ,,262.7567,207.89172,0.8243.883622547936206
      ,,913.1545,758.60486,0.8759.85963915590732
      ,,627.41907,579.69806,1.0278.02987490746372
      ,,77.92784,1237.3555,0.8456.50136750030151
      ,,645.4024,1292.3269,1.0321.363842222936533
      ,,48.954674,611.6814,0.8243.30237853373402
      ,,646.4015,1591.1713,0.5135.46987942078516
      ,,564.47736,1563.1858,0.82992.6688751665449
      ,,506.531,621.6762,1.0439.72079716715522
      ,,721.3321,1546.1947,0.814.578278407579669
      ,,623.4227,548.7142,0.89110.15800457248645
      ,,409.62073,1658.1364,0.8149.782513697916905
      ,,566.47546,1684.1228,0.8968.61001593097767
      ,,405.62442,644.66425,0.9699999727.274243819800756
      ,,426.605,212.88911,1.053.6171569767441
      ,,584.45886,925.51794,1.0467.02523328658893
      ,,377.65033,955.5023,0.8727.0655968001105
      ,,505.53192,245.87193,0.8314.05632603511308
      ,,724.32935,1546.1947,0.9199999699.82752590004152
      ,,475.55966,614.6798,0.9646.503678396430594
      ,,657.3913,682.6444,0.8130.20368200757721
      ,,482.5532,1551.192,0.7999999575.43198608016127
      ,,599.44495,239.87506,1.0913.017773514588352
      ,,408.62164,776.5955,0.9699999732.270801948734146
      ,,449.5837,188.90161,1.0149.610226623113284
      ,,587.45605,917.5221,0.9099999711.019457552804385
      ,,524.51434,603.68555,1.0549.315837671949176
      ,,710.3423,1641.1451,0.8726.706615804922865
      ,,717.3358,595.68976,0.8599999557.26018776149059
      ,,543.49677,1637.1473,1.031.993046813353633
      ,,749.3062,1308.3186,1.042.751413695667665
      ,,160.85106,621.6762,1.079999965.10952377728775
      ,,748.3071,707.6314,0.8960.052074161161734
      ,,123.88529,1264.3414,0.7899999622.34814364497323
      ,,314.70862,980.4893,0.9099999717.523576693060686
      ,,929.1397,386.79852,0.9199999610.565535779554859
      ,,353.6875,400.83618,1.0649.572269396261184
      ,,946.12396,1045.4554,0.8950.13566512775475
      ,,306.716,1135.4086,0.789999963.7851010157134635
      ,,933.136,514.7319,1.041.6523365726269972
      ,,967.10455,1178.3862,0.7555.7396893963691
      ,,330.69382,524.7267,0.8122.63570913249209
      ,,911.1564,385.79904,0.9799999663.071924130654295
      ,,301.72064,1040.4581,0.7527.48192359561256
      ,,328.69565,428.77667,0.9199999624.713383022596147
      ,,950.12024,1032.4623,0.7899999638.79793389089429
      ,,896.7928,633.17773,0.8499999660.60089125540575
      ,,327.6966,1204.3727,0.9417.1970655522793
      ,,345.67993,545.71576,0.7651.62631535589851
      ,,934.1351,1166.3925,0.7438.19854059606274
      ,,941.1286,967.4961,0.7840.16721656282939
      ,,308.71414,256.36646,0.8499999651.1647212991987
      ,,301.72064,927.5169,0.778.834228753878854
      ,,913.1545,332.82663,0.8731.272931964263833
      ,,290.7308,911.5252,0.7755.654679142072055
      ,,913.1545,215.88756,0.8429.11839004377113
      ,,335.68918,204.89328,0.7841.998884973548996
      ,,965.1064,839.5627,0.8139.07538444020044
      ,,944.1258,778.5945,0.9799999617.353731852908655
      ,,322.7012,190.90057,1.124.634404718155526
      ,,982.09064,92.951584,1.069999991.7555043918523
      ,,335.68918,836.5643,0.7552.50153982755581
      ,,109.89824,921.52,0.8975.72063518034365
      ,,696.3552,1504.2166,0.7460.98967104470331
      ,,92.91397,1528.204,0.8862.17485417190106
      ,,681.3691,937.5117,0.7827.393801372842944
      ,,120.88807,812.5768,1.0550.04131608058595
      ,,726.32745,1548.1936,0.9367.71826595269057
      ,,109.89824,1446.2467,0.9699999734.84574212072485
      ,,694.35706,884.5393,1.0339.18627272761054
      ,,199.81499,828.5684,0.9541.26585926294737
      ,,847.2156,1445.2472,0.8264.25047523848316
      ,,252.76596,1452.2435,0.9585.09437424081604
      ,,834.2276,785.5908,1.0584.38782051809237
      ,,264.75485,875.54395,0.9799999628.252368687406086
      ,,909.0557,1507.0868,0.6853.61243370529252
      ,,239.77798,1508.2145,0.8427.767923981369513
      ,,922.1462,784.5914,0.8795.75473668251855
      ,,920.148,867.54816,1.0513.91547692604747
      ,,348.67715,1448.2457,0.8749.978327511362174
      ,,334.6901,816.5747,0.8849.27211608910639
      ,,926.14246,1504.2166,0.7999999524.314155357082527
      ,,657.3913,1514.2113,0.7433.76431548119233
      ,,52.950974,794.5861,0.8967.4851847559289
      ,,110.897316,1495.2212,0.9477.80272080856308
      ,,659.38947,873.545,1.0614.573588628599824
      ,,127.88159,901.53046,0.7836.35681906919442
      ,,778.27936,1561.1869,0.7855.03455938665668
      ,,705.3469,1018.46954,1.0491.98564603628265
      ,,145.86494,1514.2113,0.8755.1369259635662
      ,,218.79741,1523.2067,0.9199999653.24274174773865
      ,,814.2461,891.53564,0.8242.38825286684858
      ,,809.2507,1575.1796,0.8430.125134519035797
      ,,194.81961,939.5106,0.8424.88772332916045
      ,,717.21674,524.2038,0.9562.47494815556032
      ,,71.933395,1132.4102,0.8837.56070053266737
      ,,93.91304,514.7319,0.9799999659.41349262643806
      ,,1055.0232,876.54346,0.32476.10636750457206
      ,,653.395,1129.4117,0.64922.3699461920324
      ,,621.4246,1111.4211,0.9199999656.38298027642744
      ,,82.92322,1010.4737,0.8474.05238011441567
      ,,638.4089,399.79178,0.9548.799058159529714
      ,,121.887146,922.5195,0.78999996115.14596446339449
      ,,662.38666,340.82248,0.8436.33609144483571
      ,,713.3395,953.50336,0.6699999672.67124440316451
      ,,61.942646,286.8506,0.9393.75561989924368
      ,,686.3645,288.84955,1.069999936.061847261923255
      ,,55.948196,864.5497,0.7199999767.45122847400914
