     ,,382.6457,747.6106,1.02,40.52776160449892
     ,,640.40704,1051.4524,0.90999997,50.03191102450919
     ,,674.3756,713.6283,0.90999997,26.378229382514842
     ,,378.6494,1060.4476,1.01,61.350846058582334
     ,,372.65494,879.5419,0.74,24.983987220895123
     ,,676.3737,1167.392,0.64,35.53426759080846
     ,,350.6753,1192.3789,0.78999996,47.30700905959848
     ,,700.3515,847.55853,0.71999997,53.38261837612057
     ,,678.3719,717.6262,0.83,30.587595673808703
     ,,385.6429,434.77356,0.85999995,27.10229467461433
     ,,406.6235,732.6184,0.85999995,50.203548767098624
     ,,677.3728,424.77875,0.83,29.39818018174166
     ,,641.4061,741.6137,0.88,28.39006949246316
     ,,393.63553,1277.3347,0.9,35.94103755354737
     ,,389.63922,684.6434,0.90999997,41.716843899123
     ,,652.39594,1313.3159,0.84,23.726699639116536
     ,,658.3904,306.84018,0.89,26.92572244492541
     ,,395.63367,604.68506,0.78,49.72737186863975
     ,,393.63553,233.87819,0.96999997,58.71164677783224
     ,,680.37006,572.7017,0.90999997,32.48260815731984
     ,,667.3821,1269.3389,0.79999995,28.329268208879206
     ,,406.6235,1593.1702,0.79999995,49.029431178975365
     ,,386.642,1309.318,0.83,32.90867564678416
     ,,704.34784,1549.1931,0.81,63.284402580175396
     ,,414.6161,106.9443,0.69,62.828129073464915
     ,,751.3043,413.7845,0.78,104.02404340847964
     ,,369.6577,400.79126,0.7,26.995407761457987
     ,,680.37006,131.93129,0.71999997,32.934021624161325
     ,,671.37836,1135.4086,0.64,25.665657529589115
     ,,382.6457,1450.2446,0.76,27.86961222288436
     ,,672.37744,1438.2509,0.79999995,24.745290732357592
     ,,378.6494,1132.4102,0.72999996,23.07562562584137
     ,,413.61703,810.5778,0.83,71.5796731299509
     ,,694.35706,580.6975,0.69,47.57534366693142
     ,,359.667,571.7022,0.79999995,1.7344772388205918
     ,,691.35986,826.56946,0.81,53.55330721525379
     ,,234.78261,121.936485,0.84,24.71483095863102
     ,,553.4875,433.77408,0.65999997,50.09438833391192
     ,,261.75763,406.78812,0.72999996,49.627181233180174
     ,,522.5162,68.96408,0.69,71.47591796995856
     ,,814.2461,1561.1869,0.52,27.884930819846176
     ,,533.50604,1265.341,0.66999996,38.453552052144666
     ,,526.5125,1556.1895,0.59999996,31.345065973104976
     ,,840.22205,1309.318,0.56,51.94757521307206
     ,,264.75485,845.5596,0.71,50.31699427737392
     ,,549.4912,1156.3977,0.65999997,46.66436052762093
     ,,241.77614,1135.4086,0.65999997,27.867323327947478
     ,,531.5079,851.55646,0.79999995,28.252475044210815
     ,,410.6198,1138.4071,0.52,51.186105832484515
     ,,70.93432,1443.2483,0.69,9.309487831164024
     ,,381.64664,1432.254,0.64,21.716935992663732
     ,,128.88066,1148.4019,0.56,56.93134906808138
     ,,816.2442,288.84955,0.7,25.19320596109553
     ,,516.5217,567.7043,0.64,12.730435731142105
     ,,566.47546,265.8615,0.63,64.52623036552296
     ,,818.2424,559.7085,0.75,28.188243429613156
     ,,513.52454,693.63873,0.64,22.478834179049525
     ,,824.2368,1021.46796,0.59,37.65917768578051
     ,,805.2544,695.6377,0.74,22.6462625575748
     ,,531.5079,1002.47784,0.68,27.512023581376347
     ,,359.667,567.7043,0.84,2.319742030681297
     ,,103.90379,280.85373,0.56,31.924378863130308
     ,,415.61517,257.8657,0.68,60.626003674712315
     ,,68.93617,593.6908,0.59999996,23.88809011497026
     ,,103.90379,981.4888,0.69,37.928387844753914
     ,,412.61795,665.65326,0.61,71.45667251525566
     ,,363.66327,999.47943,0.59999996,4.446662500904283
     ,,128.88066,658.6569,0.51,79.36161507564469
     ,,540.4995,887.5377,0.64,46.95413977864069
     ,,862.20166,1157.3972,0.32999998,71.12081017120508
     ,,521.5171,1114.4196,0.66999996,36.11333411704403
     ,,826.235,828.5684,0.5,45.14700542865502
     ,,531.5079,303.84174,0.53999996,35.12469972716727
     ,,279.74097,562.7069,0.51,64.156839245038
     ,,209.80574,261.86362,0.66999996,21.06757639443925
     ,,521.5171,559.7085,0.62,20.31658163290194
     ,,522.5162,1554.1904,0.69,30.161968599238076
     ,,250.7678,1277.3347,0.59999996,37.002835062734725
     ,,535.50415,1299.3232,0.58,32.854746030397145
     ,,266.75302,1540.1978,0.58,63.284113130738575
     ,,254.76411,1430.255,0.52,38.94459592914524
     ,,538.5014,1699.115,0.56,41.401334963215845
     ,,236.78076,1709.1097,0.63,24.454014583713416
     ,,541.4986,1439.2504,0.68,37.8643772122968
     ,,794.2646,136.92868,0.77,2.505210918368508
     ,,567.47455,425.77823,0.64,63.47493575758983
     ,,849.2137,394.79437,0.82,65.17052117522402
     ,,465.5689,111.941696,0.58,46.43257453364846
     ,,796.2627,1177.3867,0.64,31.674858882381955
     ,,506.531,1443.2483,0.56,9.588371987458595
     ,,530.5088,1145.4034,0.65,26.5155007222331
     ,,807.25256,1421.2598,0.72999996,19.873456280589444
     ,,386.642,850.557,0.58,27.66214417175141
     ,,102.90472,1125.4138,0.72999996,37.13344013114206
     ,,384.64386,1137.4076,0.59999996,26.098836964664308
     ,,100.90657,827.569,0.55,41.971864597509175
     ,,947.12305,874.5445,0.59,19.93595932754065
     ,,677.3728,1194.3779,0.66999996,56.59669267122595
     ,,1002.07214,1136.4081,0.71,66.76475913956912
     ,,666.383,825.57,0.65999997,37.27786142446893
     ,,394.6346,149.9219,0.52,36.62906293369196
     ,,147.8631,425.77823,0.35,75.8634222967154
     ,,86.91952,103.94586,0.75,37.17897699466795
     ,,380.64755,424.77875,0.63,20.683638010819674
     ,,379.64847,1557.189,0.64,28.62099718235659
     ,,93.91304,1851.0359,0.42999998,26.5349949490091
     ,,124.88437,1568.1832,0.61,53.78778202463144
     ,,396.63275,1874.0239,0.59999996,37.501224844370356
     ,,945.1249,285.8511,0.65999997,9.90426195745382
     ,,636.4107,606.684,0.65,38.47114687542307
     ,,681.3691,281.85318,0.61,33.36940258389112
     ,,943.1267,576.69965,0.74,9.781371960054804
     ,,983.0897,1453.243,0.63,50.869800009273895
     ,,666.383,1698.1155,0.55,30.139756036973065
     ,,661.38763,1437.2513,0.48999998,13.776791403454347
     ,,955.11566,1727.1005,0.68,19.784419396905278
     ,,680.37006,1245.3513,0.74,55.14821218817317
     ,,972.0999,1598.1676,0.64,41.35137268274546
     ,,953.1175,1246.3508,0.71999997,46.885590434312995
     ,,688.3626,1573.1805,0.69,40.64932287830287
     ,,670.3793,156.91827,0.69,29.304145171148914
     ,,971.1008,439.77094,0.71999997,37.70552909801706
     ,,683.36725,389.79697,0.71999997,50.611282336365925
     ,,941.1286,144.92451,0.76,8.616928326582425
     ,,710.3423,1457.241,0.62,66.5334732007629
     ,,968.10364,1168.3915,0.71,39.14105143095856
     ,,699.3525,1129.4117,0.71999997,53.96524126142539
     ,,942.1277,1449.2451,0.78,16.430524283235417
     ,,116.89177,1296.3248,0.56,45.33513454100399
     ,,430.6013,1543.1962,0.69,78.71371314425431
     ,,404.62534,1268.3394,0.66999996,49.604476685619666
     ,,99.90749,1563.1858,0.68,31.595711518838552
     ,,684.36633,697.63666,0.84,39.87817883474991
     ,,935.13416,999.47943,0.71,2.6651368456969045
     ,,976.0962,698.6361,0.81,42.9389535320925
     ,,674.3756,1021.46796,0.64,32.78222313047684
     ,,647.4006,1829.0474,0.69,36.95749818806077
     ,,946.12396,1558.1884,0.63,22.248503600271572
     ,,692.3589,1551.1921,0.65,51.830225350801584
     ,,922.1462,1870.026,0.53,14.426955141104497
     ,,855.2081,1440.2499,0.71,63.516365272412195
     ,,530.5088,1711.1088,0.61,28.658941101220826
     ,,852.21094,1748.0895,0.68,65.62025474569687
     ,,545.49493,1448.2457,0.66999996,43.8722042709199
     ,,541.4986,1143.4044,0.71999997,37.588319426885796
     ,,228.78816,1402.2697,0.69,34.21040768057171
     ,,521.5171,1440.2499,0.55,18.598640023668512
     ,,296.72525,1138.4071,0.59,81.08155208906453
     ,,519.519,1594.1697,0.66999996,22.41198961022318
     ,,222.79372,1823.0504,0.61,43.48357656928721
     ,,519.519,1828.0479,0.63,41.0024922569012
     ,,262.7567,1558.1884,0.64,50.780819109042255
     ,,522.5162,1584.1749,0.65,19.518668801429346
     ,,826.235,1871.0255,0.52,34.601878559876575
     ,,536.50323,1837.0432,0.68,43.531089996407026
     ,,814.2461,1599.1671,0.7,30.70725342874348
     ,,78.92692,1448.2457,0.59,15.84054754446848
     ,,380.64755,1724.1019,0.55,20.754265300001517
     ,,380.64755,1431.2545,0.76,20.829284743554677
     ,,122.886215,1721.1035,0.59,50.89411147302877
     ,,519.519,746.61115,0.72999996,36.11544793769153
     ,,216.79926,1023.4669,0.69,21.48179271273324
     ,,544.49585,981.4888,0.78,45.3941010586981
       
      ,,142.86772,535.72095,0.736.447229367091026
      ,,800.25903,1135.4086,0.616.7596515743991645
      ,,206.80852,1144.4039,0.735.44508924100547
      ,,803.2562,504.7371,0.6413.802113192097888
      ,,30.971323,739.61475,0.4718.455231976798803
      ,,714.33856,1367.2878,0.9463.846796948271226
      ,,84.92137,1352.2957,0.7551.36408806751317
      ,,625.4209,764.60175,0.7152.55961210897332
      ,,381.64664,109.94273,0.729999969.683660010578642
      ,,635.4117,1081.4368,0.6351.14156503629991
      ,,359.667,1109.4221,0.6947.282729515254225
      ,,644.4033,121.936485,0.7899999661.74396654591418
      ,,110.897316,470.7548,0.9699999726.315865276816584
      ,,733.321,1144.4039,0.778.40173575655585
      ,,778.27936,446.7673,0.9099999753.79428775721118
      ,,151.85939,1046.455,0.7999999552.349158665363206
      ,,430.6013,802.582,0.952.51014781318511
      ,,525.5134,1707.1108,0.7621.18490178007118
      ,,435.59668,1714.1072,0.7162.08686961790388
      ,,572.4699,786.5903,0.755.10877380044515
      ,,224.79185,610.68195,0.6858.93467792436316
      ,,830.23126,1220.3644,0.5999999640.01080069666025
      ,,211.8039,1218.3654,0.7741.677862184815616
      ,,840.22205,540.7184,0.7199999763.349950738383775
      ,,803.2562,1018.46954,0.6349.011311892355124
      ,,240.77705,440.77042,0.8268.44066804518594
      ,,219.79648,1013.4721,0.6271.05571264822561
      ,,907.16003,377.80322,0.83132.29307250365378
      ,,832.22943,957.5013,0.7455.676442953591135
      ,,208.80666,399.79178,1.1243.13560258254651
      ,,842.22015,377.80322,0.6699999648.73758074037729
      ,,213.80203,1002.47784,0.7441.60092330071059
      ,,318.7049,153.91983,1.0493.88436550691756
      ,,870.1943,741.6137,0.8599999521.535160453051443
      ,,291.7299,723.6231,0.9550.27473846489345
      ,,886.17944,143.92503,1.049.461597005230246
      ,,726.32745,1153.3993,0.4899999887.33733762968288
      ,,82.92322,596.6892,0.5650.187281786995314
      ,,74.93062,1238.355,0.5999999652.73323996814932
      ,,694.35706,600.68713,0.7999999542.488449521760444
      ,,161.85014,138.92764,0.6469.86718093269988
      ,,766.29047,728.6205,0.7642.392739450490026
      ,,779.27844,109.94273,0.7999999555.58635597731821
      ,,120.88807,762.6028,0.6844.629404386645845
      ,,836.2257,732.6184,0.744.1486707131729
      ,,221.79463,141.92607,0.7764.39006221621584
      ,,213.80203,732.6184,0.6942.772384632871855
      ,,845.2174,116.939095,0.8154.267246471944915
      ,,212.80296,351.81674,0.6599999759.902441217000295
      ,,856.2072,951.5044,0.6466.79368907293646
      ,,184.82886,965.49713,0.6599999738.99728776831346
      ,,841.22107,327.82925,0.7199999751.87079171245151
      ,,920.148,1162.3945,0.5399999671.38741895384443
      ,,294.7271,605.6845,0.6699999657.66522248455099
      ,,249.76874,1149.4014,0.6355.71562942743778
      ,,911.1564,587.6939,0.6448.83678340305122
      ,,207.80759,148.92244,0.8240.866388016199
      ,,843.21924,773.59705,0.5399999652.51392684447854
      ,,204.81036,808.57886,0.6437.02437970580902
      ,,808.25165,192.89952,0.8227.661321269085256
      ,,768.28864,1083.4357,0.5746.94956293752758
      ,,133.87604,420.78082,0.7199999739.16301040341543
      ,,765.2914,407.7876,0.7555.5532368329887
      ,,154.85661,1088.4331,0.7199999755.84409396422274
      ,,218.79741,880.5414,0.8750.85459502359698
      ,,839.22296,248.87038,0.4846.884260814242296
      ,,220.79556,230.87975,0.8348.89304306004087
      ,,853.21,908.5268,0.6377.25874252412443
      ,,171.84088,547.7147,0.6975.98482611438637
      ,,782.2757,1156.3977,0.6361.438954278183346
      ,,137.87234,1145.4034,0.6935.77060622654734
      ,,779.27844,497.74075,0.6857.28481565011501
      ,,760.296,638.66736,0.5665.76315470578784
      ,,150.86032,1203.3732,0.5947.373724338538956
      ,,194.81961,552.7121,0.7896.36994469307042
      ,,711.3414,1211.369,0.6814.843617118064989
      ,,149.86124,385.79904,0.7899999647.28463211172842
      ,,758.29785,992.48303,0.5734.16818309305448
      ,,168.84366,951.5044,0.6579.90863170965834
      ,,774.2831,356.81415,0.6853.53398855178674
      ,,351.67438,944.50806,0.6967.10793856683867
      ,,939.13043,1576.1791,0.3543.00330226252107
      ,,322.7012,1606.1635,0.5517.35107353216352
      ,,945.1249,1160.3956,0.45163.464441189872
      ,,767.28955,1141.4055,0.52134.56500372504163
      ,,75.929695,1669.1306,0.6599999745.31946530115015
      ,,684.36633,1700.1145,0.531.502235489617558
      ,,78.92692,1068.4435,0.5844.46940707670301
      ,,138.87141,1052.4518,0.6238.05902473824503
      ,,774.2831,1669.1306,0.553.06401281438449
      ,,731.3229,1077.4388,0.5999999612.892242544008374
      ,,139.87048,1698.1155,0.7637.88799871663471
      ,,209.80574,1039.4586,0.7299999646.075531414618354
      ,,810.24976,1678.126,0.5919.19444286129364
      ,,814.2461,1102.4258,0.6841.48568625811366
      ,,171.84088,1703.1129,0.6599999715.626821603091635
      ,,290.7308,1696.1166,0.6349.97917074037212
      ,,854.20905,1085.4347,0.5999999620.6703290646905
      ,,267.75208,1107.4232,0.5748.61976146581277
      ,,892.1739,1697.1161,0.5999999631.19308998786247
      ,,335.68918,1106.4237,0.6347.205900234750686
      ,,978.09436,1694.1176,0.6599999747.061942519284116
      ,,330.69382,1729.0994,0.6599999746.24172832553997
      ,,967.10455,1043.4565,0.6442.410908056018165
      ,,127.88159,314.83603,0.7525.461330303265875
      ,,746.30896,860.55176,0.6599999771.36241553471217
      ,,157.85384,979.4898,0.7199999774.52717575108898
      ,,793.2655,270.85892,0.6177.91831196366559
      ,,768.28864,867.54816,0.744.522100178266335
      ,,171.84088,257.8657,0.771.03172597779282
      ,,122.886215,845.5596,0.7523.87804263416606
      ,,742.8082,252.50615,0.5823.05132129860802
      ,,774.2831,786.5903,0.5399999649.936370915211405
      ,,126.882515,166.91306,0.7423.525184118649197
      ,,711.3414,144.92451,0.5827.876585650112524
      ,,153.85754,779.59393,0.6451.5249893480054
      ,,291.7299,518.7298,0.6350.40766733592907
      ,,893.173,1112.4205,0.738.38610613469867
      ,,240.77705,1195.3773,0.7559.881683526920014
      ,,905.16187,524.7267,0.7543.87048919919451
      ,,421.60962,534.7215,0.6446.7132630864682
      ,,607.43756,1444.2478,0.7141.864104775889835
      ,,652.39594,537.7199,0.5369.8672917911882
      ,,422.6087,1410.2655,0.7199999782.40900985898
      ,,712.34045,491.74387,0.6599999761.22645554504147
      ,,480.55505,1485.2264,0.8732.40163124823305
      ,,465.5689,531.723,0.6324.248301932414183
      ,,695.35614,1445.2472,0.6599999753.2097016670099
      ,,573.469,1472.2332,0.6556.576223300893744
      ,,778.27936,499.73972,0.6955.768139053593934
      ,,542.4977,530.7236,0.6429.800810723822075
      ,,751.3043,1436.252,0.6699999651.73356059676819
      ,,489.54672,1657.1368,0.6251.05638898460998
      ,,622.4237,802.582,0.5999999637.90101134502829
      ,,468.56613,810.5778,0.5999999628.386061473073365
      ,,616.42926,1645.1431,0.8499999651.863960924821384
      ,,443.58926,591.69183,0.6864.61067934424173
      ,,577.46533,1524.206,0.7426.859056103617974
      ,,664.3848,542.71735,0.5687.91627309863739
      ,,419.61148,1506.2155,0.7299999659.01256475204699
      ,,450.5828,889.5367,0.6977.16842555795154
      ,,606.4385,168.91202,0.6888.9404201491071
      ,,460.57355,181.90526,0.6982.01713548123149
      ,,533.50604,842.56116,0.6323.304887693138667
      ,,927.14154,1060.4476,0.5964.92426296956772
      ,,238.77892,471.75427,0.6426.394907156964948
      ,,271.74838,1100.4269,0.6545.45324880120908
      ,,853.21,467.75638,0.5824.11742235739513
      ,,281.73914,1069.443,0.4899999882.43168268743842
      ,,860.2035,378.8027,0.73.252137400730002
      ,,278.7419,398.7923,0.6699999643.40399283302115
      ,,899.1674,1034.4612,0.5952.06369748865675
      ,,292.72894,961.4992,0.5999999660.93728103677829
      ,,869.1952,345.8199,0.6438.9003750722576
      ,,248.76965,323.83133,0.7899999617.87624618300371
      ,,856.2072,917.5221,0.4599999812.653598514279858
      ,,248.76965,882.54034,0.6324.159994247019814
      ,,911.1564,209.89067,0.7156.44409855486131
      ,,247.77058,236.87662,0.756.4773139494128
      ,,918.14984,833.56586,0.5861.39612865857663
      ,,258.7604,848.55804,0.5399999660.56944902998638
      ,,870.1943,178.90681,0.7112.152778559857984
      ,,240.77705,180.90578,0.7299999611.428665697347562
      ,,940.1295,780.59344,0.5878.2590677381418
      ,,686.3645,637.66785,0.7134.24339721656883
      ,,74.93062,1262.3425,0.6941.94191277815152
      ,,719.334,1293.3264,0.5966.84208504536925
      ,,119.88899,653.65955,0.6285.39686501467393
      ,,535.50415,1587.1733,0.7741.75440056174826
      ,,769.2877,553.7116,0.6353.78929339025499
      ,,550.4903,590.6923,0.6533.76520522369485
      ,,790.26825,1546.1947,0.6699999665.85125388117706
      ,,586.457,645.6637,0.646.836439130906412
      ,,419.61148,1609.1619,0.7299999641.1841188552283
      ,,599.44495,1659.1359,0.6699999642.64792021196434
      ,,395.63367,677.64703,0.5829.877558703674595
      ,,425.60593,201.89484,0.6158.87014914181399
      ,,541.4986,921.52,0.6424.993053965098184
      ,,388.64014,906.52783,0.7299999623.797442393761678
      ,,543.49677,223.88339,0.8429.82410128127824
      ,,712.34045,1605.164,0.7558.38396789645901
      ,,449.5837,626.6736,0.7199999725.849142944446175
      ,,692.35895,636.6684,0.6940.115105818901824
      ,,499.53748,1648.1416,0.7899999659.02074599134756
      ,,640.40704,242.8735,0.6699999654.08416475367573
      ,,397.63184,768.5997,0.6828.43216331214004
      ,,470.5643,232.87871,0.8122.7691080902547
      ,,605.4394,960.4997,0.737.18441933896465
      ,,564.47736,651.6606,0.7199999746.984854929867026
      ,,724.32935,1595.1692,0.8123.331434667915637
      ,,750.3053,633.6699,0.6131.94503465957518
      ,,575.46716,1592.1707,0.7763.66652528123662
      ,,792.2664,1341.3014,0.6995.86092099287329
      ,,207.80759,668.65173,0.74105.55070406528544
      ,,752.3034,643.66473,0.6599999729.173469098536625
      ,,144.86586,1215.367,0.6699999671.34834718975503
      ,,319.70398,1034.4612,0.6938.08992237802386
      ,,964.1073,383.8001,0.6933.41448195870691
      ,,357.66882,361.81155,0.6549.40291826671081
      ,,960.111,942.5091,0.7299999661.98863081803755
      ,,319.70398,1130.4113,0.6599999710.517060680642082
      ,,943.1267,522.7277,0.7114.243446699469574
      ,,958.11285,1139.4065,0.5626.89804258127283
      ,,359.667,542.71735,0.6956.688726805700576
      ,,957.1138,455.7626,0.6227.593227892545418
      ,,335.68918,1081.4368,0.7129.284838014151102
      ,,348.67715,482.74857,0.6353.338079958000705
      ,,970.10175,1061.4471,0.7738.93104316668463
      ,,951.1193,543.7168,0.5999999644.35787545099454
      ,,363.66327,1203.3732,0.7453.175209671057125
      ,,315.70767,566.70483,0.7899999617.584011214534627
      ,,955.11566,1192.3789,0.6699999626.54468661518326
      ,,992.0814,909.52625,0.5363.48316258998673
      ,,322.7012,350.81726,0.7645.002826778229306
      ,,360.66605,923.519,0.6950.41272385576029
      ,,938.13135,250.86934,0.7299999657.01759849600514
      ,,347.67807,852.55597,0.7299999637.821005502597835
      ,,941.80634,254.6305,0.7419.14192676058735
      ,,348.67715,221.88443,0.8741.636189757771426
      ,,971.1008,812.5768,0.7199999761.400440626187454
      ,,998.07587,727.62103,0.7891.57570940811704
      ,,335.68918,186.90265,0.9199999630.61612159412323
      ,,972.0999,199.89589,0.6699999650.717483640142426
      ,,330.69382,836.5643,0.6350.29619491633938
      ,,101.90564,951.5044,0.7871.22304700140548
      ,,667.3821,1591.1713,0.6943.332183471215615
      ,,111.89639,1543.1962,0.7199999777.65268786390357
      ,,656.3922,916.52264,0.5999999612.010541112748712
      ,,134.87512,825.57,0.7646.21301426985238
      ,,795.2637,1447.2462,0.6178.18766795027142
      ,,100.90657,1465.2368,0.7415.481945947695463
      ,,759.29694,838.56323,0.5999999640.61003563228161
      ,,249.76874,818.57367,0.7687.43810595929737
      ,,813.247,1449.2451,0.6436.97042162354398
      ,,188.82516,1476.2311,0.716.874083418617825
      ,,815.2451,876.54346,0.5999999627.628419228652458
      ,,256.76227,876.54346,0.6122.878292202586035
      ,,868.1961,1467.2357,0.7814.435608960470935
      ,,248.76965,1503.217,0.6823.851872293451496
      ,,913.1545,895.53357,0.6862.16344955984606
      ,,958.11285,847.55853,0.5999999629.169207036799712
      ,,341.68362,1477.2306,0.6599999731.354544468796103
      ,,334.6901,896.533,0.7199999744.23353048550794
      ,,939.13043,1468.2352,0.6914.444656108165125
      ,,667.3821,1433.2534,0.6248.71779285454761
      ,,127.88159,858.5528,0.7199999793.38639559942986
      ,,82.92322,1461.2389,0.7152.11332186946168
      ,,668.3811,873.545,0.6319.05739679827305
      ,,156.85477,957.5013,0.7460.727304300639815
      ,,707.34503,1577.1785,0.732.56363708626986
      ,,773.284,905.5283,0.6453.921947203163356
      ,,143.86679,1581.1764,0.8951.3115151022101
      ,,215.80019,1542.1968,0.7999999543.91176587678111
      ,,836.2257,922.5195,0.6543.142239873237855
      ,,818.2424,1608.1624,0.6599999763.66676231104048
      ,,191.82239,941.5096,0.7623.29385978279377
      ,,718.3349,494.7423,0.6365.86798142385209
      ,,104.90287,1120.4164,0.772.00055323572805
      ,,107.90009,511.73346,0.6699999673.45221174640372
      ,,694.35706,1127.4127,0.739.68973264083777
      ,,95.911194,432.7746,0.7899999662.71579232563264
      ,,704.34784,1092.431,0.6455.30397581313313
      ,,85.92044,1061.4471,0.6851.66810502957907
      ,,647.4006,403.78967,0.6599999742.489435118924035
      ,,81.92415,1040.4581,0.7199999763.987895649324045
      ,,690.3608,367.8084,0.7435.92795046570006
      ,,668.3811,974.49243,0.6326.36799252107677
      ,,107.90009,424.77875,0.8187.85448838719348
      ,,664.3848,296.8454,0.6113.873020206196461
      ,,54.94912,942.5091,0.6224.787521305651627
      ,,67.937096,296.8454,0.7135.09358787355285
      ,,723.33026,912.5247,0.6699999669.68611005077966
      ,,423.6078,285.8511,0.7149.13422062037216
      ,,644.4033,1268.3394,0.6258.13283715070077
      ,,563.4783,262.8631,0.7150.22402802545701
      ,,385.6429,1296.3248,0.6423.637009406761358
      ,,488.54764,1295.3253,0.6599999745.60874678600611
      ,,706.346,266.861,0.7665.09105542441516
      ,,440.59204,308.83914,0.718.020543384426672
      ,,662.38666,1280.3331,0.639.701428682250986
      ,,742.3127,1250.3488,0.729.21081700144571
      ,,520.51807,297.84488,0.7199999710.115833304928293
      ,,522.5162,1254.3467,0.6699999619.799284930668552
      ,,708.3441,264.86203,0.6845.596151857676254
      ,,589.4542,366.80893,0.7110.131351627816237
      ,,445.58743,1331.3065,0.6867.02867154484794
      ,,371.65588,433.77408,0.7857.80873819904007
      ,,638.4089,1350.2966,0.6452.4911297823806
      ,,697.3543,1290.3279,0.6699999666.88582214758053
      ,,516.5217,361.81155,0.7669.58955379558036
      ,,695.35614,350.81726,0.747.41429111968824
      ,,466.568,1381.2805,0.8742.78295128440617
      ,,586.457,1340.3019,0.6168.991995718782
      ,,800.25903,326.82977,0.8390.59007984955284
      ,,537.5023,422.7798,0.7550.41737094420411
      ,,739.3154,1377.2826,0.7537.80642428037916
      ,,121.887146,824.5705,0.794.10942334639067
      ,,690.3608,244.87245,0.7435.43842604939589
      ,,698.3534,823.57104,0.6155.922295662453415
      ,,88.91767,254.86725,0.8499999656.825784322225914
      ,,38.96392,196.89745,0.6227.7587214543621
      ,,684.36633,789.58875,0.8128.880712712455264
      ,,72.93247,851.55646,0.7672.14531118837509
      ,,706.346,169.9115,0.7299999650.84767341353393
      ,,71.933395,160.91618,0.7899999671.07302100930399
      ,,694.35706,706.63196,0.6441.60444023853106
      ,,91.914894,731.61896,0.7858.29977157979318
      ,,667.3821,92.951584,0.7814.077017197218806
      ,,972.0999,156.91827,0.6469.50809085491579
      ,,378.6494,735.6168,0.5969.59617288593822
      ,,369.6577,117.93857,0.7561.674458922994276
      ,,957.1138,708.6309,0.5528.664933265049193
      ,,210.80481,651.6606,0.7738.31400600674555
      ,,815.2451,1294.3258,0.5999999630.10920628404883
      ,,842.22015,665.65326,0.8150.46445894637196
      ,,202.81221,1260.3435,0.7899999633.0442645278829
      ,,901.1656,629.67206,0.5999999644.90147721208184
      ,,280.74005,1250.3488,0.7145.56052868560174
      ,,255.76318,647.66266,0.6699999615.061151256290026
      ,,927.14154,1251.3483,0.6168.33174997249577
      ,,734.32007,75.960434,0.7526.431497195888024
      ,,536.50323,1088.4331,0.6529.02040748804777
      ,,786.272,1086.4341,0.7564.90873771899359
      ,,522.5162,147.92296,0.7899999647.68751393936292
      ,,608.43665,1142.405,0.5822.997735665193918
      ,,389.63922,165.91359,0.9410.754819701133075
      ,,413.61703,1099.4274,0.6549.650849325718305
      ,,579.46344,182.90474,0.7299999615.139359804852315
      ,,485.5504,148.92244,0.7199999742.38123697585144
      ,,689.3617,1110.4216,0.8499999642.13714444589137
      ,,699.3525,190.90057,0.6248.7957414651309
      ,,494.54208,1121.4159,0.6599999748.148058418856806
      ,,306.716,677.64703,0.6599999725.43013829316595
      ,,953.1175,1275.3357,0.7621.695293491840793
      ,,938.13135,648.6621,0.717.6618650593387025
      ,,325.69843,1290.3279,0.6599999722.675310485267268
      ,,155.85568,725.6221,0.8152.51770121024496
      ,,784.2738,1285.3306,0.6882.7118597753906
      ,,188.82516,1234.357,0.77137.75079004102392
      ,,695.35614,718.6257,0.7199999729.285257941628295
      ,,824.2368,725.6221,0.7531.01198714130897
      ,,805.2544,1368.2874,0.7828.339961046834503
      ,,199.81499,1372.2853,0.8140.41375173632137
      ,,243.77429,78.95887,0.9099999774.45834394817278
      ,,870.1943,737.6158,0.7817.858341195671915
      ,,281.73914,1362.2904,0.7544.84248193582838
      ,,265.75394,719.6252,0.7299999624.32629004007183
      ,,866.198,1322.3113,0.5720.524610427081907
      ,,621.4246,627.6731,0.7100.11601851144013
      ,,383.64478,1623.1545,0.7899999664.47881244989408
      ,,356.66974,745.61163,0.7733.20529608786508
      ,,601.4431,1718.1051,0.6334.05831754996626
      ,,485.5504,329.82822,0.71999997108.37545748177128
      ,,575.46716,974.49243,0.7662.36617831840419
      ,,565.47644,281.85318,0.7199999754.4012703520989
      ,,421.60962,967.4961,0.7751.70545826532515
      ,,495.54117,709.6304,0.7748.515560361656725
      ,,657.3913,1655.138,0.7199999732.41727880100393
      ,,705.3469,559.7085,0.64169.2962095009011
      ,,505.53192,1648.1416,0.5669.29447008691147
      ,,696.3552,334.8256,0.64113.2027312142611
      ,,453.58002,965.49713,0.5999999632.40355189809091
      ,,614.4311,1017.47003,0.6434.33581263516216
      ,,523.51526,326.82977,0.6877.46566448084188
      ,,315.70767,763.6023,0.8242.42314328982491
      ,,942.1277,1347.2982,0.5711.660642944734535
      ,,963.1082,717.6262,0.8231.844708234131346
      ,,352.67346,1267.3398,0.7199999786.18381505445959
      ,,138.87141,1365.2888,0.7114.14405550667088
      ,,115.89269,769.5991,0.7999999584.03342871847944
      ,,705.3469,1377.2826,0.4899999860.46111785631579
      ,,694.35706,747.6106,0.5957.87375722916952
      ,,151.85939,1374.2842,0.6361.02170030189384
      ,,784.2738,822.57153,0.6599999767.83428964817746
      ,,146.86401,794.5861,0.7643.55610248101864
      ,,744.31085,1481.2285,0.5399999672.48817662380405
      ,,194.81961,740.61426,0.7299999654.65118745957439
      ,,758.29785,1389.2764,0.6941.63029077487462
      ,,837.2248,743.6127,0.6964.11145847458383
      ,,244.77336,1413.2639,0.7299999672.29488321956838
      ,,265.75394,861.5513,0.8599999575.07686961193849
      ,,817.2433,1391.2754,0.6249.57020248524127
      ,,870.1943,764.60175,0.7299999627.017058443818307
      ,,299.72247,1348.2977,0.7299999685.93243494983933
      ,,337.68732,1392.2748,0.6699999633.298037081159485
      ,,984.0888,787.5898,0.6852.669269001720636
      ,,341.68362,805.5804,0.7534.638654462319536
      ,,910.1573,1388.2769,0.6531.54085944625613
      ,,434.5976,116.939095,0.757.497728893126656
      ,,1010.06476,732.6184,0.5814.666410683043111
      ,,1044.0333,136.92868,0.5756.76441807767987
      ,,408.62164,707.6314,0.6932.2553549007288
      ,,410.6198,762.6028,0.7299999641.79350912111305
      ,,1036.0406,178.90681,0.5736.76446546905596
      ,,1017.0583,751.6085,0.6542.269659303078654
      ,,407.62256,187.90213,0.6433.60828313181466
      ,,377.65033,224.88287,0.7813.742176457379509
      ,,950.12024,864.5497,0.7850.63219911256455
      ,,1028.0481,232.87871,0.7728.115769630268904
      ,,412.61795,842.56116,0.7199999737.198427867496086
      ,,423.6078,888.5372,0.7999999559.5191122133123
      ,,1022.05365,320.8329,0.7425.344144616203355
      ,,361.66513,266.861,0.7744.380305340464034
      ,,1041.0361,897.53253,0.5151.01139239359378
      ,,305.71692,951.5044,0.6968.2130108306197
      ,,909.1582,1578.178,0.7154.76690944901318
      ,,312.71045,1584.1749,0.6979.20403161200719
      ,,882.18317,966.4966,0.6699999642.79214051292605
      ,,353.67252,1537.1993,0.5844.890670998839276
      ,,958.11285,939.5106,0.5328.800655436955648
      ,,291.7299,929.51587,0.7518.797581233126436
      ,,913.1545,1552.1915,0.7518.541910081921607
      ,,777.2803,1584.1749,0.6699999662.96005016849021
      ,,193.82054,999.47943,0.6890.3422290138715
      ,,757.2988,971.494,0.6541.85778538464773
      ,,166.84552,1633.1494,0.6599999765.01738412854986
      ,,651.39685,74.96095,0.7425.866556962667556
      ,,484.55133,1065.4451,0.5999999636.066761933596
      ,,693.35803,1107.4232,0.6599999755.74890453631924
      ,,498.5384,130.93181,0.758.56565164038303
      ,,841.22107,989.4846,0.5148.389531810983556
      ,,225.79094,1599.1671,0.7199999756.689370131503736
      ,,816.2442,1605.164,0.5999999626.365682126976687
      ,,227.7891,1027.4648,0.7562.887007145103674
      ,,287.73358,976.4914,0.6450.78292613219673
      ,,883.18225,1600.1665,0.6927.638244960146565
      ,,941.1286,944.50806,0.5999999694.81879016256136
      ,,238.77892,1617.1577,0.623.0341441647270666
      ,,439.59296,128.93285,0.8466.47999820756378
      ,,593.4505,1104.4248,0.6938.55645558946802
      ,,406.6235,1072.4414,0.7827.76661326326266
      ,,647.4006,93.951065,0.7899999661.25168103409961
      ,,99.90749,974.49243,0.7769.33605425540445
      ,,730.3238,1616.1582,0.6874.8604287165375
      ,,662.38666,998.4799,0.776.956025918421497
      ,,105.90195,1611.1608,0.6371.7781469901223
      ,,442.5902,1155.3982,0.6566.15370505030124
      ,,1015.0601,553.7116,0.5999999641.82759083539311
      ,,414.6161,506.73605,0.8599999535.96412883831119
      ,,1009.0657,1112.4205,0.6424.617729400474076
      ,,1034.0426,609.68243,0.5842.55145167386694
      ,,416.61426,1221.3639,0.6840.76590453947965
      ,,1005.0694,1197.3763,0.659999978.463207487429115
      ,,438.5939,598.6882,0.7861.01450543222856
      ,,1030.0463,644.66425,0.5530.567643049586326
      ,,405.62442,1260.3435,0.6829.250276359084605
      ,,1020.0555,1265.341,0.5921.189314681258505
      ,,441.59113,656.65796,0.7662.230189516963826
      ,,412.61795,704.633,0.6699999637.16577025375917
      ,,1026.0499,1293.3264,0.5755.41516145603083
      ,,1031.0453,745.61163,0.5938.91510612454062
      ,,411.61887,1361.291,0.6437.211877394348924
      ,,553.4875,1143.4044,0.6336.84534049933709
      ,,697.5866,136.92868,0.8242.25188138301095
      ,,696.3552,1186.3821,0.3958.1473512282843
      ,,524.51434,195.89796,0.9327.313980668343333
      ,,394.6346,281.85318,0.9099999745.91900175274119
      ,,627.41907,1165.393,0.4299999856.601518338214504
      ,,399.62997,1254.3467,0.6553.75785843775046
      ,,598.44586,273.85736,0.7899999637.3208598520397
      ,,724.32935,275.85632,0.7678.31330484722943
      ,,498.5384,1200.3748,0.7650.20814898425817
      ,,486.5495,248.87038,0.8839.43740766894676
      ,,683.36725,1221.3639,0.7132.57260169021533
      ,,401.6281,1079.4377,0.725.632764174521323
      ,,1038.0388,1738.0947,0.5562.99991460115079
      ,,1047.0305,1043.4565,0.5651.923886391903146
      ,,433.5985,1704.1124,0.756.59170952804183
      ,,414.6161,422.7798,0.7899999641.82520603504982
      ,,613.432,1420.2603,0.7299999628.320929375868875
      ,,413.61703,1408.2665,0.6834.269924512151086
      ,,627.41907,439.77094,0.941.318183171359316
      ,,725.3284,427.7772,0.7299999672.04240150021633
      ,,464.56985,1429.2556,0.7823.94790394998813
      ,,701.3506,1396.2727,0.6948.313007994222765
      ,,529.5097,458.76105,0.8499999682.08792612135441
      ,,585.4579,436.7725,0.6868.51601009946431
      ,,766.29047,1422.2592,0.7199999743.153244333278664
      ,,561.4801,1387.2775,0.6699999650.209367466963585
      ,,848.2146,389.79697,0.84999996135.67656426861333
      ,,742.3127,1102.4258,0.65999997103.61678345151766
      ,,556.48474,333.8261,0.81102.98969586873216
      ,,751.3043,264.86203,0.9199999637.595588398545374
      ,,537.5023,1169.3909,0.7199999740.407225201905874
      ,,375.65216,1581.1764,0.7831.909240865320402
      ,,1017.0583,947.5065,0.725.207594331348638
      ,,384.64386,922.5195,0.747.888347786717879
      ,,998.07587,1541.1973,0.718.64938265784115
      ,,1018.0574,1013.4721,0.5999999623.73540705792269
      ,,397.63184,1637.1473,0.5826.009358340646124
      ,,1012.0629,1630.1509,0.5916.41475756100462
      ,,365.66144,991.4836,0.6599999715.089833981932722
      ,,714.33856,601.6866,0.7761.585129977843955
      ,,493.54303,1568.1832,0.7148.76410076585906
      ,,690.3608,1549.1931,0.7434.86212955918028
      ,,476.55875,579.69806,0.6699999628.315154966869166
      ,,507.53006,191.90005,0.8363.13723483522565
      ,,599.44495,884.5393,0.7528.187559516034025
      ,,665.3839,174.90889,0.7899999679.06913129761173
      ,,487.54858,832.56635,0.6699999647.436417142009766
      ,,401.6281,1046.455,0.6553.723747990015845
      ,,1007.0675,362.81104,0.6315.182881112594853
      ,,440.59204,403.78967,0.7899999666.91011672236206
      ,,1025.0509,1033.4617,0.5399999643.54295072010188
      ,,377.65033,453.76364,0.748.468119573453178
      ,,1029.0472,1051.4524,0.5999999632.27034970182871
      ,,1009.0657,458.76105,0.6515.786897899872988
      ,,424.60684,1049.4534,0.6948.220481359780415
      ,,436.59573,789.58875,0.7899999657.10300504917125
      ,,1022.05365,1367.2878,0.5649.186123623344784
      ,,1024.0518,830.5674,0.6146.47666577436548
      ,,399.62997,1366.2883,0.6549.49051388973012
      ,,452.58093,1440.2499,0.7199999783.4319785146736
      ,,1001.07306,860.55176,0.651.1977442162888052
      ,,424.60684,897.53253,0.7659.000853123802415
      ,,1019.05646,1418.2612,0.6364.94618193888091
      ,,777.2803,692.6392,0.8260.15564659760414
      ,,557.4838,1626.153,0.7173.22681446547439
      ,,553.4875,735.6168,0.8238.65726220202878
      ,,730.3238,1673.1285,0.6915.506624677530578
      ,,121.887146,1733.0973,0.5890.46656906757528
      ,,721.3321,1146.4028,0.6266.72882526272271
      ,,72.93247,1135.4086,0.6538.432580985402055
      ,,662.38666,1743.092,0.5515.073135659447214
      ,,773.284,1070.4425,0.6481.31639437062192
      ,,151.85939,1742.0927,0.5650.459908054110315
      ,,704.34784,1753.0869,0.5820.43914710206261
      ,,148.86217,1145.4034,0.7146.43064072873683
      ,,100.90657,1195.3773,0.7567.03026107199649
      ,,675.37463,1823.0504,0.6820.02502271484844
      ,,718.3349,1202.3738,0.7999999562.87086336464576
      ,,77.92784,1805.0598,0.6699999647.997693437420295
      ,,731.3229,1182.3842,0.6923.14437781753867
      ,,113.89455,1816.0541,0.7999999514.045357084853682
      ,,135.87419,1257.3451,0.7999999561.973317577307995
      ,,732.3219,1795.0651,0.5399999631.42399515703535
      ,,233.78354,1125.4138,0.8462.10799618558822
      ,,791.26733,1763.0817,0.616.950044044734133
      ,,868.1961,1102.4258,0.7881.69095538103892
      ,,215.80019,1741.0931,0.6599999745.95951987502723
      ,,872.19244,1723.1025,0.5834.77547792355711
      ,,263.7558,1132.4102,0.7899999622.469261094731305
      ,,254.76411,1754.0864,0.6213.481916436175856
      ,,928.1406,1131.4106,0.6599999765.76788333632473
      ,,203.81128,1791.0671,0.546.540500109569074
      ,,790.26825,1227.3607,0.6923.088019151396843
      ,,214.80112,1194.3779,0.7743.49529632117661
      ,,760.296,1837.0432,0.6435.15323623730679
      ,,235.78168,1807.0588,0.6419.307399489887036
      ,,911.6559,1217.366,0.4550.811750734471914
      ,,876.1887,1859.0317,0.5636.218207391454506
      ,,239.77798,1170.3904,0.8134.153059231793684
      ,,353.67252,1102.4258,0.7654.385384731507145
      ,,929.1397,1768.0791,0.8411.817214746638
      ,,960.111,1136.4081,0.7199999728.625430047470104
      ,,330.69382,1772.077,0.7525.503607609006465
      ,,489.54672,1790.0676,0.6953.024701791155096
      ,,663.38574,795.58563,0.879.383420803995518
      ,,703.34875,1750.0885,0.6599999748.276398618403725
      ,,552.48846,798.58405,0.84104.30221718257988
      ,,376.65125,1198.3759,0.7466.43412066668064
      ,,974.0981,1846.0385,0.6847.29085254247202
      ,,1031.0453,1166.3925,0.64106.59009937914597
      ,,342.6827,1823.0504,0.7132.27579911233197
      ,,624.4218,1795.0651,0.6348.62457542817097
      ,,429.60223,901.53046,0.8365.3971950289143
      ,,405.62442,1815.0546,0.6599999728.135252484618
      ,,611.43384,864.5497,0.8225.440038649544
      ,,563.4783,790.5882,0.7745.97835607315867
      ,,743.31177,1733.0973,0.8130.026145822085763
      ,,727.32654,699.63556,0.7999999590.9083931267421
      ,,544.49585,1772.077,0.7999999531.167605724149663
      ,,1009.0657,1174.3883,0.7839.8204857523283
      ,,387.64108,1764.0812,0.7811.124363783972175
      ,,413.61703,1154.3987,0.6939.00169533427729
      ,,990.08325,1745.0911,0.7299999615.449027483463873
      ,,481.5541,1812.0562,0.735.68348460283849
      ,,724.32935,829.56793,0.7775.05602918460352
      ,,490.5458,878.5424,0.7446.15694546301687
      ,,654.3941,1783.0713,0.8242.44312097115513
      ,,762.2942,885.53876,0.8499999645.895725720466174
      ,,542.4977,1781.0723,0.7750.97752073490825
      ,,553.4875,875.54395,0.7199999739.401871260633875
