     ,,346.67902,688.6413,1.03,28.64458868017595
     ,,646.4015,1011.47314,1.01,9.607065311677683
     ,,685.3654,697.63666,1.06,40.79133969644663
     ,,390.10852,1015.22626,0.79999995,32.885511855159194
     ,,380.64755,869.5471,1.01,23.657078946581127
     ,,633.4135,1156.3977,0.94,17.913064186142464
     ,,381.64664,1145.4034,0.95,21.654855640105456
     ,,692.35895,866.54865,1.0799999,45.175165495034335
     ,,682.36816,730.61945,0.85999995,38.17560320089287
     ,,347.67807,398.7923,0.96999997,29.867859648933226
     ,,403.62628,717.6262,1.04,43.776728234253234
     ,,631.41534,422.7798,0.95,16.89439523553947
     ,,654.3941,742.6132,0.96,29.31895184135874
     ,,341.68362,1288.329,0.96999997,18.39244218446215
     ,,372.65494,730.61945,0.96,20.889074369947092
     ,,611.43384,1261.343,0.98999995,46.457581221332916
     ,,682.36816,273.85736,1.1899999,35.31958767482184
     ,,395.63367,571.7022,0.89,35.674300839664866
     ,,386.642,281.85318,0.78,26.642402839664303
     ,,664.3848,505.73657,1.02,66.31930856737429
     ,,670.3793,1284.331,1.12,23.086116538668676
     ,,383.64478,1604.1644,1.0799999,35.26546090784631
     ,,358.6679,1272.3373,1.14,17.712880567408366
     ,,682.36816,1583.1754,1.03,34.75565596925874
     ,,393.63553,108.94325,1.25,44.4482097884724
     ,,687.3635,412.785,1.14,41.522563256485526
     ,,341.68362,419.78134,1.25,19.343250317746527
     ,,668.3811,89.95315,1.06,52.19089363451615
     ,,696.3552,1117.418,1.06,56.17081321646574
     ,,356.66974,1446.2467,0.93,12.691430227298694
     ,,643.40424,1437.2513,0.89,5.629589509561149
     ,,351.67438,1126.4133,0.95,21.28270729058331
     ,,386.642,790.5882,0.89,72.48549798637164
     ,,685.3654,586.6944,0.91999996,40.925264981064615
     ,,373.65402,587.6939,0.84999996,22.349647144342217
     ,,686.3645,874.5445,0.81,41.77984337736607
     ,,270.7493,95.95003,0.93,69.03394695436027
     ,,592.4514,389.79697,1.17,95.57359795441938
     ,,254.76411,383.8001,1.04,57.30172153790643
     ,,546.494,91.9521,1.12,62.65900144637622
     ,,790.26825,1515.2108,0.83,62.813061211490336
     ,,490.5458,1253.3472,0.85999995,39.044146914653496
     ,,515.52264,1588.1727,1.0,15.37061322986772
     ,,818.2424,1310.3175,0.94,33.188296425967394
     ,,253.76503,860.55176,0.84,37.851142014837166
     ,,494.54208,1178.3862,0.96,33.73899974735069
     ,,237.77983,1141.4055,0.82,22.259162252391864
     ,,520.51807,818.57367,0.91999996,42.74671987103601
     ,,370.6568,1149.4014,0.93,11.186450304469169
     ,,78.92692,1453.243,0.94,20.45181797553592
     ,,339.6855,1466.2363,0.72999996,38.10328511488025
     ,,141.86864,1173.3888,0.94,75.04513629735618
     ,,796.2627,231.87923,0.93,50.301714573798556
     ,,542.4977,579.69806,0.78,39.7004252681341
     ,,552.48846,259.86465,0.91999996,53.30201397827425
     ,,821.2396,540.7184,1.11,41.380776466333025
     ,,531.5079,722.6236,0.97999996,28.82792947297093
     ,,828.2331,1009.4742,0.9,36.995951748920724
     ,,759.29694,771.5981,0.77,66.23465569557713
     ,,553.4875,1020.4685,0.84,52.82137026561314
     ,,438.5939,521.7283,0.81,92.23427398684854
     ,,130.87881,266.861,1.22,60.7939501127356
     ,,406.6235,268.85995,0.93,48.43977675172738
     ,,113.89455,576.69965,1.1,42.42685804593671
     ,,197.81683,971.494,0.84999996,129.46231302941226
     ,,356.66974,701.6345,0.81,12.80608053947603
     ,,393.63553,1029.4637,0.78999996,43.42356592533578
     ,,83.922295,658.6569,0.98999995,56.61269697976951
     ,,574.4681,857.55334,1.03,70.46949414023685
     ,,822.23865,1111.4211,0.78,45.93553287890782
     ,,516.5217,1121.4159,1.01,27.589345311795128
     ,,839.22296,821.5721,0.95,59.64060074969621
     ,,509.52823,267.86047,0.96,15.181815408859716
     ,,256.76227,554.71106,0.79999995,43.5352064125128
     ,,266.75302,239.87506,1.12,65.95740783114125
     ,,538.5014,557.70953,0.75,36.625161117001596
     ,,526.5125,1587.1733,0.96,24.309738167258452
     ,,248.76965,1249.3492,0.97999996,52.214310395407765
     ,,516.5217,1267.3398,0.74,25.889696141388573
     ,,247.77058,1511.2129,0.77,73.95869112641819
     ,,244.77336,1409.266,0.98999995,37.943082450843576
     ,,498.5384,1689.1202,0.76,33.33028409862388
     ,,254.76411,1691.1191,0.97999996,49.56091241487754
     ,,531.5079,1446.2467,1.04,30.1108762372897
     ,,832.22943,157.91774,1.05,44.890126891077266
     ,,573.469,404.78915,0.93,72.63498559722322
     ,,848.2146,399.79178,1.1,62.02380252819882
     ,,576.46625,122.93597,1.02,74.01541826378207
     ,,828.2331,1149.4014,0.83,36.39239406876951
     ,,542.4977,1465.2368,0.94,49.5763059909661
     ,,547.49304,1151.4003,0.87,43.82701908865046
     ,,840.22205,1430.255,0.84,48.367248206392425
     ,,440.59204,815.5752,0.71,91.07656739160026
     ,,100.90657,1158.3966,0.78,31.452593941497703
     ,,399.62997,1143.4044,0.94,39.71488271669182
     ,,105.90195,836.5643,0.88,40.11025469431851
     ,,917.1508,859.5523,0.91999996,18.912993532255328
     ,,648.39966,1138.4071,0.91999996,7.603406399232146
     ,,917.1508,1080.4373,0.89,68.21850985016997
     ,,632.4144,818.57367,0.98999995,42.39511262324926
     ,,464.56985,137.92816,0.89,104.56987941242664
     ,,99.90749,376.80374,0.83,56.560587455999155
     ,,161.85014,131.93129,1.04,90.05485839140896
     ,,354.6716,421.7803,0.82,6.796887348563936
     ,,377.65033,1605.164,0.79999995,32.394656878839214
     ,,144.86586,1827.0483,0.78,82.62363693479519
     ,,75.929695,1576.1791,0.95,4.331081140007608
     ,,353.67252,1832.0458,0.84999996,34.538766016366594
     ,,922.1462,275.85632,0.79999995,15.154969973069717
     ,,674.3756,558.709,0.78999996,28.6907625423488
     ,,627.41907,277.8553,0.76,20.994128809780154
     ,,948.12213,542.71735,0.91999996,29.854468128730836
     ,,940.1295,1425.2577,0.79999995,9.668551286814267
     ,,680.37006,1720.1041,0.75,32.42552811626408
     ,,675.37463,1428.2561,0.9,27.97075118598887
     ,,924.1443,1679.1254,0.79999995,44.483616654799455
     ,,662.38666,1230.3591,0.71999997,61.35152151375896
     ,,952.1184,1557.189,1.01,26.32303681715392
     ,,943.1267,1240.354,0.78999996,50.154909122523705
     ,,644.4033,1561.1869,0.85999995,17.193509951964234
     ,,631.41534,116.939095,1.12,26.80694957252974
     ,,965.1064,377.80322,1.01,56.30373834856276
     ,,667.3821,399.79178,0.82,32.59656268641693
     ,,957.1138,146.92348,1.17,22.922035439138988
     ,,672.37744,1446.2467,0.85999995,27.280788310941084
     ,,929.1397,1187.3816,0.91999996,41.94639109342727
     ,,650.39777,1136.4081,0.95,9.887071931944499
     ,,966.10547,1369.2867,0.75,71.37327832579388
     ,,114.893616,1220.3644,1.04,81.78619601661488
     ,,352.67346,1621.1556,0.95,43.773135526147584
     ,,370.6568,1289.3285,0.98999995,10.67793499343131
     ,,103.90379,1538.1989,0.78999996,51.00963995527894
     ,,677.3728,741.6137,0.74,40.31474218421529
     ,,949.1212,964.4976,0.76,39.73153455507875
     ,,963.1082,649.6616,0.96,69.81606075089005
     ,,669.3802,983.48773,0.9,28.281027339485572
     ,,669.3802,1814.0552,0.9,56.17274429410657
     ,,940.1295,1550.1926,0.89,28.112326533580433
     ,,655.3932,1557.189,0.90999997,22.085253453937312
     ,,958.11285,1803.0609,0.77,66.71062114666589
     ,,806.2535,1383.2795,0.78,52.68516511600265
     ,,497.5393,1647.1421,0.72999996,75.13619149015386
     ,,784.2738,1694.1176,0.76,28.933111138617264
     ,,530.5088,1370.2863,0.82,69.00838510223271
     ,,543.49677,1151.4003,0.71,39.86423656271205
     ,,247.77058,1402.2697,0.91999996,44.90194778489983
     ,,501.5356,1407.267,0.78999996,26.846381698769754
     ,,278.7419,1112.4205,0.85999995,71.16268884039559
     ,,572.4699,1521.2076,0.82,88.95785801376051
     ,,170.84181,1844.0396,0.78,50.21477134518585
     ,,500.53653,1774.0759,0.82,91.9892966030076
     ,,240.77705,1517.2097,0.95,65.64572285046383
     ,,533.50604,1515.2108,0.88,69.3764242510667
     ,,845.2174,1798.0635,0.71999997,86.29868856878286
     ,,465.5689,1801.0619,0.76,75.4579813883275
     ,,788.27014,1546.1947,0.81,32.02325428651812
     ,,117.89084,1448.2457,0.84,48.051116767914294
     ,,368.65866,1709.1097,0.82,15.528399145888125
     ,,376.65125,1364.2894,0.87,71.67166604314515
     ,,142.86772,1659.1359,0.79999995,94.7319033978529
     ,,550.4903,688.6413,0.95,52.95669378152151
     ,,233.78354,961.4992,0.75,44.233115688963174
     ,,544.49585,972.49347,0.78,50.10538088047403
       
      ,,169.84274,545.71576,0.7899999631.328655292729973
      ,,764.2923,1175.3878,0.6549.438121615607386
      ,,235.78168,1093.4304,0.7875.9896061512925
      ,,794.2646,510.73398,0.919999963.8428522682344397
      ,,105.90195,731.61896,0.8972.11540292989383
      ,,647.4006,1383.2795,0.9641.576094950591674
      ,,72.93247,1355.2941,0.9640.50608697256627
      ,,695.35614,700.6351,0.8844.987300175562595
      ,,393.63553,114.94013,0.9899999520.207191394384402
      ,,596.44775,1098.4279,0.8599999533.44167796286238
      ,,394.6346,1060.4476,0.7899999616.299928594211643
      ,,585.4579,87.954185,1.0612.589021564444463
      ,,159.85199,403.78967,0.8499999670.10918726653118
      ,,758.29785,1096.429,0.8345.144624511775575
      ,,764.2923,434.77356,0.8741.21266132803649
      ,,109.89824,1065.4451,0.936.484623721121734
      ,,386.642,811.5773,0.8822.254425888986052
      ,,507.53006,1697.1161,0.8713.85167399288006
      ,,367.65958,1699.115,0.7999999516.586248183142565
      ,,537.5023,779.59393,0.9522.782341273995737
      ,,219.79648,585.69495,0.7847.347382674197135
      ,,814.2461,1214.3674,0.7199999722.9731715935392
      ,,201.81314,1157.3972,0.7655.47911690983083
      ,,831.23035,582.6965,0.7137.73890191230071
      ,,857.2063,1060.4476,0.8763.99315331167638
      ,,217.79834,403.78967,0.8599999561.576708124335056
      ,,194.81961,1010.4737,0.7460.308473685046735
      ,,797.2618,419.78134,0.7825.992313853889918
      ,,800.25903,969.49506,0.7528.809050830447813
      ,,241.77614,349.81778,0.8974.2369465102609
      ,,849.2137,350.81726,0.8861.348330782321746
      ,,236.78076,964.4976,0.9199999672.25768773840656
      ,,320.70306,129.93233,1.0584.49489469771181
      ,,900.1665,727.62103,0.8138.16061527302376
      ,,283.73727,743.6127,0.9899999547.675544502058436
      ,,852.21094,107.94378,0.7899999612.699395765396435
      ,,667.3821,1186.3821,0.7421.666629855112447
      ,,76.92877,576.69965,0.7542.97028631142809
      ,,112.89547,1175.3878,0.8883.62636450794146
      ,,694.35706,566.70483,1.0342.33141122585516
      ,,224.79185,94.95055,1.05121.41874028234521
      ,,754.3016,738.6153,0.9099999734.36665814413267
      ,,701.3506,90.95263,1.079999925.040919766304395
      ,,168.84366,688.6413,0.8873.1401948481023
      ,,816.2442,740.61426,0.7899999629.709486042013108
      ,,292.72894,98.94846,1.02120.23895362817294
      ,,219.79648,743.6127,0.8152.21041152057316
      ,,819.24146,90.95263,1.0427.454959494498418
      ,,249.76874,305.8407,0.7577.28655201548351
      ,,884.18134,872.54553,0.74106.55518318065242
      ,,207.80759,921.52,0.8499999635.9909127947344
      ,,804.2553,347.81885,0.9199999641.728721173603965
      ,,860.2035,1230.3591,0.8125.960905250405304
      ,,281.73914,638.66736,0.8368.28342022731319
      ,,255.76318,1223.3628,0.7899999623.648326892423988
      ,,885.1804,631.67096,0.7299999653.24324167768972
      ,,247.77058,167.91254,0.8975.28732211803542
      ,,778.27936,816.5747,0.8599999530.19202365514179
      ,,195.8187,803.5814,0.9099999726.737335551868387
      ,,793.2655,134.92972,0.8934.57107729331193
      ,,730.3238,1070.4425,0.717.03277272716608
      ,,129.87975,480.7496,0.8744.02755390168664
      ,,747.30804,483.74805,0.7299999644.53223529800614
      ,,137.87234,1070.4425,0.8234.597708645747346
      ,,201.81314,894.53406,0.7145.679814149561686
      ,,831.23035,228.88078,1.0238.93723660845912
      ,,214.80112,263.86258,0.7999999549.321850388269624
      ,,815.2451,839.5627,0.6829.50163938582175
      ,,111.89639,493.74283,0.8422.39106041568257
      ,,748.3071,1139.4065,0.7299999624.125506900986387
      ,,106.90102,1129.4117,0.786.973792564556578
      ,,846.2165,493.74283,0.91999996123.47374022713875
      ,,772.2849,583.696,0.7647.785314009479386
      ,,132.87697,1199.3752,0.8829.820620282622233
      ,,108.89917,620.6767,0.7999999537.566711582461416
      ,,747.30804,1176.3873,0.8599999536.20123141453398
      ,,120.88807,383.8001,0.918.85832847522932
      ,,800.25903,998.4799,0.7875.76537041398618
      ,,156.85477,994.482,0.8853.4400552168436
      ,,746.30896,380.80167,0.8322.22914904327606
      ,,351.67438,997.48047,0.7641.17438207377386
      ,,936.13324,1567.1837,0.751.52502239257377
      ,,332.69196,1591.1713,0.7735.204298995677945
      ,,957.1138,993.48254,0.7625.926919268423237
      ,,700.3515,1083.4357,0.7747.94240363473762
      ,,90.91582,1639.1462,0.8499999674.30229149002896
      ,,632.4144,1670.1301,0.8128.890415216935555
      ,,87.918594,1051.4524,0.8499999655.49753789636664
      ,,165.84644,1064.4456,0.7462.38027543156185
      ,,722.3312,1678.126,0.799999959.6216479702103
      ,,757.2988,1065.4451,0.8432.815788991576646
      ,,127.88159,1645.1431,0.7848.87301752516198
      ,,208.80666,1033.4617,0.8499999649.08874123274108
      ,,869.1952,1603.165,0.64113.32319925997635
      ,,808.25165,1051.4524,0.8499999621.072294757348033
      ,,222.79372,1670.1301,0.8599999553.208743661851315
      ,,245.77243,1642.1447,0.8445.55613168529253
      ,,897.1693,1049.4534,0.7138.63351893323921
      ,,297.72433,1049.4534,0.8958.75171008576862
      ,,892.1739,1694.1176,0.930.402824128794045
      ,,389.63922,977.49084,0.78119.10350982768405
      ,,938.13135,1699.115,0.6699999613.374706347530736
      ,,310.7123,1675.1274,0.6912.374380066401656
      ,,956.1147,1048.4539,0.7999999530.521238220029254
      ,,168.84366,303.84174,0.7565.44598227499067
      ,,816.2442,917.5221,0.7192.39866309883485
      ,,149.86124,906.52783,0.8451.30438988777221
      ,,710.3423,311.8376,0.8314.807279869247198
      ,,759.29694,820.5726,0.7852.21275228806603
      ,,124.88437,251.8688,0.7625.219361181465068
      ,,179.8335,848.55804,0.7899999677.11374078276683
      ,,712.34045,258.86517,0.8223.719081803857645
      ,,764.2923,765.60126,0.7546.94011414858905
      ,,213.80203,159.9167,0.82110.71755941376298
      ,,726.32745,210.89015,0.8241.430475105077846
      ,,171.84088,783.59186,0.9699999768.68914390577234
      ,,301.72064,471.75427,1.0373.84932603996347
      ,,902.1647,1145.4034,0.7299999640.88232434012487
      ,,294.7271,1159.3961,0.7899999658.34509315809729
      ,,890.1758,526.72565,0.7999999530.255831036312166
      ,,433.5985,475.7522,0.8499999666.54352771881436
      ,,591.4524,1527.2046,0.7846.96642316294464
      ,,566.47546,466.7569,0.8499999651.77244377092773
      ,,394.6346,1482.228,0.6315.232944242128267
      ,,677.3728,467.75638,1.079999951.6080001635895
      ,,452.58093,1431.2545,0.8949.41428585107558
      ,,506.531,452.76416,0.7584.72845780647707
      ,,714.33856,1461.2389,0.8461.91095764356446
      ,,558.4829,1502.2175,0.8846.38156965472259
      ,,759.29694,528.7246,0.9537.59210381590918
      ,,577.46533,498.74023,0.9462.00170367153623
      ,,807.25256,1470.2343,0.8183.38688341012713
      ,,454.5791,1664.1332,0.9199999624.144643566683158
      ,,618.42737,766.6007,0.9539.88148687814221
      ,,451.58188,784.5914,0.966.6640745006472235
      ,,614.4311,1636.1478,0.7999999558.45674912502194
      ,,418.6124,535.72095,0.9699999761.74639600695159
      ,,636.4107,1555.19,0.9450.23399211035346
      ,,617.4283,585.69495,0.8131.006072329593362
      ,,410.86136,1573.7391,0.8239.63673192174906
      ,,427.60406,835.5648,0.9199999653.72982353691794
      ,,555.48566,135.9292,0.9650.694267752211466
      ,,467.56708,115.93961,0.84103.07533741102071
      ,,544.49585,919.52106,0.7999999565.81263704641701
      ,,894.17206,1087.4336,0.7199999737.96491290555304
      ,,295.7262,416.78293,0.8361.36082269186945
      ,,209.80574,1086.4341,0.8499999637.441871224361414
      ,,841.22107,420.78082,0.9332.6164163256753
      ,,268.75116,988.48517,0.8228.703534468724072
      ,,834.2276,367.8084,0.7129.578240680644694
      ,,283.73727,371.80634,0.9542.49726833833453
      ,,876.1887,983.48773,0.7619.588893048178893
      ,,279.74097,890.53613,0.8453.88531110970628
      ,,873.19147,280.85373,0.9699999728.711168866766098
      ,,302.7197,305.8407,1.061.24217881620561
      ,,882.18317,887.5377,0.745.4459618538341
      ,,255.76318,807.57935,0.8599999553.84415241086653
      ,,927.14154,231.87923,0.9699999764.97971530441274
      ,,280.74005,246.87141,0.9440.12308810504329
      ,,867.197,838.56323,0.7899999621.45717240097368
      ,,288.73267,789.58875,0.8147.241455570346545
      ,,882.18317,162.91515,1.0320.755417304426512
      ,,288.73267,188.90161,0.8751.06219013194797
      ,,907.16003,827.569,0.8358.03987568490876
      ,,777.2803,689.6408,0.78127.3180058956294
      ,,101.90564,1235.3566,0.9099999777.44960754088385
      ,,617.4283,1236.3561,0.8853.18953320336084
      ,,105.90195,650.6611,0.9571.42562352172324
      ,,552.48846,1586.1738,0.9450.68690469239514
      ,,728.3256,568.7038,0.8715.282769033342698
      ,,588.45514,515.7314,0.8298.11838283523731
      ,,734.32007,1524.206,0.7627.13332659396077
      ,,637.4098,647.66266,0.9699999751.13909065242806
      ,,372.65494,1619.1566,0.849999966.876483267998007
      ,,631.41534,1583.1754,0.8457.14205500947438
      ,,421.60962,671.65015,0.946.25957343665753
      ,,397.63184,245.87193,0.8419.573167101318436
      ,,536.50323,904.5289,0.7530.589835346680132
      ,,383.64478,925.51794,0.775.106057091562712
      ,,502.5347,230.87975,0.9616.793705019825026
      ,,673.3765,1546.1947,0.7874.48238902520765
      ,,471.56335,656.65796,0.9623.435164675078564
      ,,694.35706,665.65326,0.8241.02290828911428
      ,,497.5393,1605.164,0.950.82031169381167
      ,,577.46533,278.85477,0.8441.353747502210936
      ,,435.59668,791.5877,0.8756.10722395209034
      ,,497.5393,226.88182,0.8599999550.39678250181132
      ,,640.40704,917.5221,0.7555.01348687795405
      ,,553.4875,628.67255,0.9443.16070925439183
      ,,761.2951,1606.1635,0.7438.80811981296707
      ,,745.3099,664.6538,0.9199999624.09908672898789
      ,,539.5005,1630.1509,0.8424.895069068020675
      ,,770.2868,1286.33,0.8147.55038602517132
      ,,193.82054,630.6715,0.792.92084386214921
      ,,744.31085,634.66943,0.7826.65331043877354
      ,,168.84366,1245.3513,0.5971.14873138277426
      ,,323.7003,988.48517,0.7899999615.98482909112836
      ,,947.12305,416.78293,0.8943.206410629899835
      ,,319.70398,400.79126,0.7825.976499754464225
      ,,937.13226,961.4992,0.5999999636.43870906200012
      ,,319.70398,1146.4028,0.8599999514.268321022259734
      ,,960.111,555.7106,0.9450.16873349180368
      ,,895.17114,1102.4258,0.8349.12931739299635
      ,,362.6642,492.74335,0.7999999556.5195300598762
      ,,951.1193,445.76782,0.7299999619.62115165852654
      ,,349.67624,1064.4456,0.8339.23007061901911
      ,,398.6309,433.77408,0.7588.90754181367734
      ,,950.12024,1072.4414,0.7119.54516866762016
      ,,998.07587,607.6835,0.7870.83209956816465
      ,,359.667,1193.3784,0.8350.409153014542
      ,,348.67715,575.70013,0.8938.96579312858982
      ,,934.1351,1146.4028,0.7458.1568957572039
      ,,936.13324,941.5096,0.7899999613.810001733427695
      ,,367.65958,317.83444,0.6858.086296752124646
      ,,300.72156,886.53827,0.8743.08601629698734
      ,,930.1388,290.8485,0.7299999616.707033741103267
      ,,350.6753,855.5544,0.7299999640.36857768076961
      ,,940.1295,270.85892,0.6599999733.48982056512361
      ,,349.67624,212.88911,0.7646.804862626687324
      ,,933.136,849.5575,0.6510.076202390313641
      ,,964.1073,771.5981,0.8837.689765826725655
      ,,347.67807,138.92764,1.0148.13395804845894
      ,,961.1101,176.90785,1.130.52269213797824
      ,,340.68454,834.5653,0.8353.41215009741309
      ,,117.89084,928.51636,0.9583.39084022733131
      ,,726.32745,1466.2363,0.83109.31316132766985
      ,,124.88437,1540.1978,0.7999999590.86179572958295
      ,,650.39777,925.51794,0.695.909775513363292
      ,,195.8187,833.56586,0.9199999695.89223761970283
      ,,705.3469,1466.2363,0.7423.880801121472285
      ,,87.918594,1463.2379,0.8323.254242170105066
      ,,748.3071,770.59863,0.7792.03386591122589
      ,,232.78445,857.55334,0.8360.31587604033258
      ,,791.26733,1431.2545,0.8949.29606914027842
      ,,164.84737,1444.2478,0.8737.051108062067065
      ,,794.2646,867.54816,0.828.084393655665504
      ,,263.7558,877.5429,0.928.650777974605855
      ,,895.17114,1450.2446,0.8444.52854182859232
      ,,255.76318,1389.2764,0.8599999592.33195324338615
      ,,837.2248,814.57574,0.9699999751.54633678354471
      ,,953.1175,854.5549,0.8599999522.175894442301825
      ,,320.70306,1427.2566,0.8599999554.212203712404936
      ,,359.667,856.55383,0.5349.25518267869424
      ,,955.11566,1407.267,0.7876.94658200920131
      ,,664.3848,1409.266,0.7299999671.78596069525891
      ,,95.911194,841.56165,0.8963.97749050784812
      ,,111.89639,1437.2513,0.7788.6602953626884
      ,,706.346,857.55334,0.8850.883258807555926
      ,,154.85661,929.51587,0.8451.366659471806244
      ,,761.2951,1542.1968,0.8137.51288860765696
      ,,759.29694,927.5169,0.8334.810820584927214
      ,,164.84737,1539.1982,0.7762.2063145510459
      ,,169.84274,1562.1863,0.7112.961585458112157
      ,,804.2553,912.5247,0.8499999619.2584082902048
      ,,807.25256,1525.2056,0.6827.916885675483385
      ,,202.81221,955.5023,0.7999999540.59501606892581
      ,,687.3635,484.74753,0.6599999743.59465375361049
      ,,84.92137,1133.4097,0.7899999650.4646825800404
      ,,76.92877,530.7236,0.6945.4247176361316
      ,,676.3737,1175.3878,0.8945.01944124080406
      ,,103.90379,450.76523,0.8769.60322663521288
      ,,668.3811,1084.4352,0.8222.081520174861335
      ,,96.91027,1050.4529,0.8964.44029733347813
      ,,706.346,434.77356,0.7851.965114109513415
      ,,85.92044,1004.4768,0.7999999551.891594213237916
      ,,667.3821,387.798,0.916.395997217772965
      ,,721.3321,1027.4648,0.8472.3308802352304
      ,,91.914894,342.82144,0.6966.56361887309032
      ,,656.3922,277.8553,0.8129.65813769131383
      ,,105.90195,907.5273,0.9474.41836405607123
      ,,154.85661,283.85214,0.85999995122.65779837964058
      ,,757.2988,911.5252,0.9103.20438453563041
      ,,413.61703,272.85788,0.6848.62148264216996
      ,,579.46344,1232.3582,0.7141.73924586426954
      ,,622.4237,290.8485,0.8739.59526172670963
      ,,427.60406,1285.3306,0.749.53749454079931
      ,,502.5347,1255.3462,0.7899999657.002714031587146
      ,,708.3441,290.8485,0.9455.40552962131228
      ,,477.55783,287.85007,0.5735.078161195665174
      ,,668.3811,1292.3269,0.6922.811732796610105
      ,,763.2933,1236.3561,0.7199999753.70836956741548
      ,,535.50415,298.84433,0.8219.97673790465038
      ,,535.50415,1329.3076,0.8358.63991445623695
      ,,734.32007,305.8407,0.889.959268291710876
      ,,582.4607,394.79437,0.7718.73499574191639
      ,,408.62164,1343.3003,0.8599999529.132637431633235
      ,,388.64014,380.80167,0.8499999610.101803395822351
      ,,602.4422,1333.3055,0.8599999518.403580889497963
      ,,697.3543,1382.28,0.7557.742825698041806
      ,,476.55875,387.798,0.8430.2479444563814
      ,,663.38574,363.81052,0.9514.94014474370898
      ,,459.57446,1364.2894,0.8324.442236637935935
      ,,538.5014,1352.2957,0.7299999623.17355831622545
      ,,736.31824,391.79593,0.919.3296708608477
      ,,556.48474,360.81207,1.0242.02286411660323
      ,,761.2951,1342.3009,0.8236.795643628173956
      ,,140.86957,845.5596,0.9107.27917108626143
      ,,687.3635,206.89224,0.9544.88133898202218
      ,,687.3635,897.53253,0.6449.61610344174938
      ,,77.92784,275.85632,0.7999999557.284136340672006
      ,,94.91212,186.90265,0.9462.86872092373639
      ,,689.3617,802.582,0.8599999535.95258471338094
      ,,81.92415,794.5861,0.9199999647.599855548127785
      ,,672.37744,163.91463,0.9699999717.777638176387303
      ,,90.91582,114.94013,0.9799999658.23454175530421
      ,,691.35986,716.6267,0.8436.189484106200155
      ,,163.8483,728.6205,0.89129.54413630670015
      ,,660.38855,100.94742,0.909999974.908981793624461
      ,,957.1138,114.94013,0.9329.403785570106507
      ,,353.67252,728.6205,0.9699999743.75577002291953
      ,,341.68362,98.94846,0.9699999731.22219864389255
      ,,958.11285,768.5997,0.7999999554.098271238354535
      ,,218.79741,629.67206,0.7851.619424799085365
      ,,800.25903,1267.3398,0.749.145056307391457
      ,,847.2156,622.67566,0.961.43984398452411
      ,,167.84459,1300.3228,0.8227.22375757534289
      ,,893.173,668.65173,0.8734.665686251009255
      ,,264.75485,1232.3582,0.9099999747.25928081465458
      ,,250.7678,602.6861,0.7750.6687009836229
      ,,890.1758,1212.3685,0.9467.10443695261498
      ,,731.3229,116.939095,1.0617.79874900099084
      ,,531.5079,1046.455,0.9099999724.45453552506038
      ,,738.3164,1096.429,1.032.96415376941236
      ,,570.4718,120.93701,0.8456.77748875620788
      ,,663.38574,1107.4232,0.7199999781.8518359715928
      ,,431.60037,138.92764,0.9560.40792844244537
      ,,438.5939,1145.4034,0.8159.91800642625548
      ,,600.44403,170.91098,0.7899999614.015236675775315
      ,,476.55875,131.93129,0.8846.89031074432415
      ,,654.3941,1107.4232,0.7199999728.098553453015906
      ,,643.40424,145.924,0.9699999726.497839092301394
      ,,445.58743,1166.3925,0.8599999531.029451951783965
      ,,291.7299,695.6377,0.9547.044423973295686
      ,,957.1138,1276.3352,0.9525.77020716709543
      ,,938.13135,671.65015,0.8420.265805735550526
      ,,334.6901,1294.3258,0.9431.91981874952701
      ,,135.87419,680.6455,0.9352.12655554708324
      ,,729.3247,1325.3097,0.7817.854536507871824
      ,,105.90195,1277.3347,0.9465.20953522635706
      ,,763.2933,699.63556,0.8344.53057240296879
      ,,799.25995,705.63245,0.9199999616.880647799984306
      ,,779.27844,1289.3285,0.955.040549124843714
      ,,226.79001,1288.329,0.8176.69357528936523
      ,,252.76596,98.94846,0.7999999580.28095485060645
      ,,861.2026,707.6314,0.9413.929146949530123
      ,,279.74097,1376.2832,0.8499999651.02623202770028
      ,,304.71786,710.6299,0.9699999764.14559923793279
      ,,876.1887,1360.2915,0.4899999822.44813323495457
      ,,663.38574,673.6491,0.9799999690.56006367079154
      ,,407.62256,1670.1301,0.8233.05436115739429
      ,,452.58093,719.6252,0.8173.1049769207673
      ,,630.41626,1707.1108,0.7899999648.09597603936389
      ,,369.6577,294.84644,0.7616.03069775357042
      ,,584.45886,952.5039,0.7299999680.67302953216081
      ,,543.49677,263.86258,0.8350.79425438899336
      ,,409.62073,993.48254,0.7430.38746749292845
      ,,483.55228,712.62885,0.7736.157426386003486
      ,,678.3719,1681.1244,0.8599999523.743875668603696
      ,,680.37006,705.63245,1.0329.500829713589713
      ,,461.57263,1660.1353,0.8830.326935748495472
      ,,555.48566,311.8376,0.6931.316196057072343
      ,,487.54858,981.4888,0.6442.203689558002104
      ,,635.4117,993.48254,0.3749.07639556681514
      ,,461.57263,302.84225,0.9199999613.877618490538653
      ,,343.68176,703.6335,0.9199999637.68609522879985
      ,,936.13324,1308.3186,0.8234.49398173836744
      ,,982.09064,626.6736,0.75107.47772675015896
      ,,362.6642,1347.2982,0.8499999652.38442735715498
      ,,129.87975,1379.2816,0.85999995100.6743269282551
      ,,68.93617,779.59393,0.8499999636.12190845662608
      ,,691.35986,1420.2603,0.936.91438531320697
      ,,723.33026,716.6267,0.96999997100.2906150348718
      ,,112.89547,1381.2805,0.7999999531.646357896002133
      ,,746.30896,761.60333,0.8499999636.20287455513105
      ,,105.90195,807.57935,0.8417.247417173039914
      ,,773.284,1348.2977,0.8179.83987299500383
      ,,186.82701,790.5882,0.7999999514.327282568562946
      ,,779.27844,1396.2727,0.7620.835623621498446
      ,,795.2637,731.61896,0.7299999658.90745031037612
      ,,134.87512,1416.2623,0.8337.92507373355357
      ,,317.70584,796.5851,0.976.44840382606205
      ,,859.20447,1393.2743,0.8718.521257112905502
      ,,897.1693,744.6122,0.757.5121982336574
      ,,224.79185,1336.304,0.6277.02991163155691
      ,,268.75116,1441.2493,0.7899999651.263872176263845
      ,,954.1166,784.5914,0.8723.375659878887628
      ,,364.66235,796.5851,0.9654.50310792572754
      ,,958.11285,1382.28,0.6839.5227869225427
      ,,405.62442,87.954185,1.028.98073137162407
      ,,1019.05646,719.6252,0.7199999718.6509263593578
      ,,1020.0555,107.94378,0.8820.924308378966185
      ,,433.5985,699.63556,0.7999999558.34982982989687
      ,,429.60223,803.5814,0.8499999651.78182512389406
      ,,989.08417,201.89484,0.9434.34744035830197
      ,,1007.0675,841.56165,0.8151.482266484210605
      ,,370.6568,155.9188,0.9616.206523050532343
      ,,436.59573,253.86777,0.9359.12775213903962
      ,,984.0888,819.5731,0.9343.16807872354163
      ,,1019.05646,206.89224,0.7899999636.652318537499745
      ,,444.58835,897.53253,0.7875.38545328104418
      ,,394.6346,953.50336,0.7899999629.22711702737257
      ,,1009.0657,322.83185,0.9099999717.562355640881208
      ,,427.60406,317.83444,0.7649.20164385673091
      ,,994.0796,932.5143,0.767.572062359025693
      ,,320.70306,927.5169,0.6699999679.20916496075671
      ,,895.17114,1549.1931,0.8832.67258385281986
      ,,273.74652,1484.2269,0.9372.80392813480981
      ,,848.2146,932.5143,0.8214.838703653451823
      ,,317.70584,1547.1941,0.719999977.565801879999113
      ,,937.13226,886.53827,0.7142.33803554110111
      ,,331.69287,929.51587,0.8921.217204700600373
      ,,978.09436,1526.2051,0.8152.093068653455354
      ,,737.3173,1595.1692,0.9326.619738133913792
      ,,157.85384,1000.4789,0.7454.43540420887057
      ,,729.3247,947.5065,0.7850.225798820312505
      ,,145.86494,1532.2019,0.8996.13610061218318
      ,,693.35803,98.94846,0.9337.88981221601188
      ,,492.54395,1030.4633,0.9356.90796057286798
      ,,698.3534,1031.4628,0.7199999755.353599038412376
      ,,478.5569,77.9594,0.9537.56987003125967
      ,,766.29047,963.49817,0.7999999543.548630733644
      ,,175.83719,1579.1775,0.8239.46386451964964
      ,,805.2544,1598.1676,0.8499999623.48557381257306
      ,,178.83441,981.4888,0.9199999617.218718643060402
      ,,258.7604,974.49243,0.9428.76229883292164
      ,,875.18964,1625.1536,0.7899999614.328181587121016
      ,,887.1785,950.50494,0.953.08074075140892
      ,,240.77705,1584.1749,0.7199999734.332685654371765
      ,,413.61703,131.93129,1.046.38855507226751
      ,,668.3811,1125.4138,0.78100.87295527849835
      ,,399.62997,1064.4456,0.7899999620.234539912285456
      ,,655.3932,95.95003,0.8769.04327388333316
      ,,127.88159,982.4883,0.8894.58051271983724
      ,,657.3913,1560.1874,0.8458.34328491555401
      ,,663.38574,995.4815,0.768.13997828450846
      ,,81.92415,1597.1681,0.7152.000963605020154
      ,,381.64664,1138.4071,0.783.613766287261121
      ,,1004.0703,510.73398,0.965.189417212684683
      ,,385.6429,542.71735,0.7199999728.878262002161062
      ,,971.1008,1151.4003,0.933.423490724436064
      ,,974.0981,577.6991,0.9899999527.031679089743015
      ,,377.65033,1196.3768,0.818.331095626644613
      ,,1020.0555,1115.4191,0.8391.20213479633419
      ,,427.60406,600.68713,0.751.08227316565076
      ,,1034.0426,620.6767,0.6599999746.23666092068766
      ,,418.6124,1229.3596,0.7199999758.97586592890162
      ,,1006.0685,1216.3665,0.7999999557.4042676196352
      ,,407.62256,653.65955,0.7728.146453569668154
      ,,413.61703,703.6335,0.8338.51213405175346
      ,,1005.0694,1310.3175,0.7732.5052669680087
      ,,994.0796,728.6205,0.849.587645717375157
      ,,429.60223,1270.3384,0.8787.84949288025182
      ,,521.5171,1118.4175,0.9199999617.54848951757094
      ,,771.2858,180.90578,0.5748.15605274640059
      ,,767.28955,1114.4196,0.7899999647.70042756057572
      ,,542.4977,154.91931,0.9528.93925560606227
      ,,407.62256,234.87766,0.8128.354888201960524
      ,,634.4126,1216.3665,0.7299999649.36020431775837
      ,,445.58743,1206.3717,0.7899999666.11393240796042
      ,,577.46533,233.87819,0.6810.148219618330968
      ,,689.3617,218.88599,0.9199999639.13213354292047
      ,,505.53192,1201.3743,0.7899999657.11751272800688
      ,,468.56613,264.86203,0.7199999733.13014132666594
      ,,706.346,1179.3857,0.7856.71016227798888
      ,,429.60223,1048.4539,0.8499999653.25314171379455
      ,,988.0851,1684.1228,0.7512.86606487212974
      ,,1016.0592,1112.4205,0.7748.484885399935145
      ,,410.6198,1670.1301,0.8835.639236654413196
      ,,404.62534,430.77563,0.9629.121974954650135
      ,,612.4329,1375.2837,0.7899999644.54365802735225
      ,,390.6383,1345.2993,0.8367.13115790261544
      ,,605.4394,449.76575,0.6119.413839671757767
      ,,713.3395,431.77512,0.8599999559.44558523319112
      ,,490.5458,1440.2499,0.7450.93530560979228
      ,,701.3506,1381.2805,0.8154.91350788884357
      ,,481.5541,468.75586,0.7740.415455321774225
      ,,598.44586,439.77094,0.7899999681.14835013913459
      ,,759.29694,1387.2775,0.7642.39761690851132
      ,,566.47546,1416.2623,0.8749.20646135903066
      ,,708.3441,479.75012,0.9437.869294195125946
      ,,781.2766,1201.3743,0.7756.86258697138332
      ,,570.4718,242.8735,0.8853.15203970021726
      ,,757.2988,208.8912,1.0644.186467131423406
      ,,548.4921,1215.367,0.7299999632.84208216280955
      ,,428.60315,1551.192,0.7649.13229286894425
      ,,927.14154,968.49554,0.8483.55301999772911
      ,,409.62073,932.5143,0.8830.38704805138093
      ,,1023.05273,1504.2166,0.5999999650.58869858029505
      ,,966.10547,911.5252,0.7192.59939914474009
      ,,387.64108,1617.1577,0.828.250997394596872
      ,,1005.0694,1574.18,0.7299999644.55487658785629
      ,,414.6161,1021.46796,0.5842.51591041214863
      ,,692.35895,561.70746,0.8599999542.819351871842564
      ,,472.56244,1523.2067,0.6599999735.641835422784965
      ,,677.3728,1542.1968,0.6699999623.05984736774391
      ,,493.54303,568.7038,0.8747.4109921177795
      ,,563.4783,203.8938,0.78999996120.01223400705518
      ,,635.4117,836.5643,0.7854.02222096893222
      ,,620.42554,179.9063,0.7735.48567401001167
      ,,499.53748,842.56116,0.8153.774978462928296
      ,,437.59482,989.4846,0.7558.64515514655068
      ,,1002.07214,381.80115,0.835.529357987971981
      ,,409.62073,388.7975,0.8232.534387553085004
      ,,1034.0426,988.48517,0.3999999834.73288604250482
      ,,391.6374,447.76678,0.7512.347248764881016
      ,,1019.05646,1072.4414,0.7299999619.48441489759718
      ,,1022.05365,452.76416,0.7622.74484220407899
      ,,431.60037,1109.4221,0.7999999567.50375624235025
      ,,425.60593,811.5773,0.7199999750.69524427146607
      ,,1014.06104,1432.254,0.724.791760042993754
      ,,984.0888,734.6174,0.7999999558.242557907013996
      ,,365.66144,1386.278,0.7728.769035400149814
      ,,397.63184,1469.2347,0.7199999721.34641726494089
      ,,999.07495,826.56946,0.7299999632.96136162329713
      ,,411.61887,815.5752,0.8499999654.41516349169673
      ,,1008.0666,1408.2665,0.6699999672.62874609565321
      ,,755.30066,641.6658,0.9099999785.56976480386223
      ,,563.4783,1663.1338,0.7452.03569624922526
      ,,560.481,733.61786,0.7899999644.65658314317351
      ,,774.2831,1649.141,0.7462.84718541491703
      ,,109.89824,1691.1191,0.7999999599.79755125945772
      ,,656.3922,1109.4221,0.526.093139179013168
      ,,48.954674,1134.4092,0.6514.495774648743609
      ,,661.95294,1708.9783,0.6947.95784753517366
      ,,800.25903,1149.4014,0.7577.02388669467348
      ,,125.88344,1696.1166,0.7199999764.39857185458804
      ,,737.3173,1718.1051,0.7899999640.47779500639672
      ,,131.8779,1152.3998,0.7833.02889242146518
      ,,63.940796,1202.3738,0.7629.51747410622819
      ,,673.3765,1751.0879,0.7776.52928981204626
      ,,693.35803,1162.3945,0.756.62244345420525
      ,,79.925995,1813.0557,0.8447.099708142741555
      ,,740.3145,1212.3685,0.8499999617.663879154528455
      ,,119.88899,1786.0697,0.7742.70067280015725
      ,,141.86864,1237.3555,0.7550.513702482986396
      ,,704.34784,1787.0692,0.6943.39395005561222
      ,,196.81776,1132.4102,0.7824.513277913925506
      ,,774.2831,1753.0869,0.7199999719.51766198517309
      ,,798.26086,1127.4127,0.899.384558098410809
      ,,175.83719,1769.0786,0.8499999613.013775034048615
      ,,850.21277,1789.0681,0.5234.80888085690497
      ,,284.73636,1156.3977,0.7748.021836555903725
      ,,267.75208,1721.1035,0.8499999644.06906577373704
      ,,928.1406,1121.4159,0.7667.13459394942014
      ,,201.81314,1837.0432,0.8731.504063094343458
      ,,866.198,1194.3779,0.8173.39928628695674
      ,,215.80019,1217.366,0.6945.171221179737486
      ,,750.3053,1812.0562,0.7845.23847182981196
      ,,271.74838,1802.0614,0.6938.266598409995986
      ,,941.1286,1221.3639,0.7880.41671310640521
      ,,938.13135,1788.0687,0.7884.38720905777961
      ,,259.7595,1215.367,0.9099999721.248516850415726
      ,,355.6707,1132.4102,0.7445.276239916827016
      ,,967.10455,1734.0968,0.6942.06646528606503
      ,,949.1212,1091.4315,0.6547.46091343286477
      ,,298.72342,1713.1077,0.6844.96201178994203
      ,,423.6078,1685.1223,0.7999999575.59362544555701
      ,,712.34045,783.59186,0.6699999657.25870806790269
      ,,650.39777,1766.0801,0.6810.854063180020864
      ,,466.568,775.596,0.8499999623.421813455558702
      ,,355.6707,1166.3925,0.6959.09801749763345
      ,,939.13043,1792.0665,0.7434.29315562951754
      ,,936.13324,1175.3878,0.6599999729.47856996669372
      ,,326.6975,1793.066,0.7899999636.25356646393861
      ,,596.44775,1759.0837,0.7199999767.15710959410247
      ,,411.61887,824.5705,0.7747.45199498694065
      ,,410.6198,1785.0702,0.8451.01972365209799
      ,,662.38666,858.5528,0.7175.89256890937924
      ,,555.48566,778.5945,0.9099999739.807681000550325
      ,,729.3247,1757.0848,0.774.8600241190724915
      ,,794.2646,819.5731,0.7299999675.58005007121703
      ,,555.48566,1775.0754,0.7442.28424137566198
      ,,1041.0361,1144.4039,0.6441.50250648651322
      ,,418.6124,1754.0864,0.7899999639.18679471661997
      ,,438.5939,1138.4071,0.7299999659.16536638605057
      ,,1009.0657,1743.092,0.7115.91050383415019
      ,,450.5828,1737.0952,0.7999999588.4293168025081
      ,,691.35986,857.55334,0.6935.912661573650375
      ,,496.54025,891.53564,0.5999999657.74208515999229
      ,,644.4033,1810.0573,0.5999999619.016171998797628
      ,,733.321,855.5544,0.729999969.663211452368682
      ,,487.54858,1839.0421,0.8432.87059749856528
      ,,536.50323,838.56323,0.8599999528.274921253461592
